tests/testthat/test_data/rstack/apr_prec.asc
ncols         147
nrows         127
xllcorner     -90.06084375
yllcorner     23.864697408444
cellsize      0.096253424
NODATA_value  -9999
[rows 0 to 35 of 127, columns 0 to 79 of 147]
111 111 113 115 117 118 118 119 119 120 120 120 121 121 121 121 122 122 123 123 123 123 123 122 122 121 121 120 119 118 115 113 111 110 109 108 109 111 112 113 113 112 112 111 110 111 111 113 114 117 118 118 116 114 112 110 108 107 107 105 103 101 100 98 98 98 97 96 96 95 94 92 91 90 89 89 89 92 92 92
110 110 111 113 115 117 119 119 120 120 121 121 121 121 121 122 122 123 123 123 123 123 123 123 123 122 121 121 120 118 116 114 112 111 110 110 110 112 113 114 113 113 112 111 110 110 110 112 114 117 118 117 115 114 112 110 107 105 103 102 101 99 97 96 96 96 96 95 95 95 94 93 91 90 90 89 91 94 95 95
111 110 112 114 116 118 120 120 121 122 122 122 122 121 122 122 123 123 123 123 123 123 123 123 123 122 121 121 119 118 117 115 113 112 112 111 112 113 114 114 114 113 112 111 110 110 110 112 114 116 117 115 114 113 111 108 106 104 102 101 100 98 97 96 96 98 98 98 98 99 101 99 96 95 94 91 90 91 94 98
113 112 114 116 118 120 121 122 123 124 124 123 123 122 122 123 123 123 124 124 124 124 124 124 123 122 121 120 119 118 117 115 114 113 113 113 113 114 114 115 114 114 113 111 110 109 110 112 114 115 115 114 114 113 108 105 104 103 102 101 100 98 97 96 98 101 101 102 103 105 110 107 102 102 101 93 88 86 93 101
117 117 119 122 123 124 124 124 124 124 125 125 124 122 123 123 123 124 124 125 125 125 125 125 124 123 122 121 119 118 116 115 114 114 113 113 114 115 116 117 116 115 114 112 111 112 113 115 115 115 114 114 112 109 107 105 105 104 103 102 101 100 100 103 107 112 115 118 120 121 121 117 112 106 100 94 90 86 91 98
121 122 125 127 128 128 127 126 125 125 125 126 125 123 123 123 124 124 125 125 125 125 125 125 125 124 123 121 119 118 117 115 114 114 113 114 115 116 117 118 118 117 115 113 113 114 116 117 116 114 113 113 110 107 106 105 105 105 104 103 103 103 106 111 116 121 125 129 132 131 128 124 121 111 103 99 94 88 91 95
124 126 128 130 130 129 128 126 125 125 124 124 124 123 124 125 125 126 126 126 126 126 126 126 125 124 123 121 120 118 117 116 115 115 115 115 116 117 118 119 119 118 117 116 117 118 117 116 115 114 113 110 108 106 105 105 105 105 105 105 106 111 116 119 121 122 123 124 124 124 122 124 128 122 117 110 103 94 94 96
127 129 130 131 131 130 128 127 125 124 124 123 123 124 125 125 126 126 126 126 126 126 126 126 126 124 122 121 120 119 117 116 115 115 115 116 117 118 119 120 119 119 118 118 120 119 118 116 115 114 112 108 106 105 105 105 106 106 107 109 111 119 124 126 126 127 126 126 124 123 123 126 131 129 125 116 108 99 98 98
129 131 131 132 131 130 128 127 126 124 123 122 123 125 125 126 127 127 127 127 127 127 127 127 126 124 122 120 119 119 117 116 116 116 116 117 117 118 119 120 119 119 119 119 121 120 119 116 114 114 112 107 106 106 106 106 107 108 110 113 117 125 130 132 133 133 135 136 130 128 130 131 131 132 129 116 108 104 102 100
130 131 132 132 131 130 129 127 126 125 124 123 124 125 126 127 128 128 127 127 127 127 126 126 125 122 121 119 118 118 117 116 116 116 116 116 117 117 118 119 120 120 120 120 120 118 116 115 114 112 110 107 107 107 107 107 109 111 114 117 120 125 128 131 134 136 140 142 136 134 138 138 136 131 125 116 109 104 101 99
131 132 132 132 131 130 129 128 126 125 125 125 125 126 127 128 129 129 127 127 127 126 126 124 123 120 119 118 117 117 116 116 115 115 116 116 116 117 118 119 120 121 121 120 118 116 113 114 114 109 107 107 108 108 108 109 112 115 118 120 121 122 125 128 133 138 144 148 141 141 146 145 142 129 118 114 109 103 100 97
132 133 133 132 131 130 129 128 127 126 126 126 126 127 128 129 129 129 127 127 126 125 124 122 120 118 117 116 116 116 115 115 116 116 116 116 116 117 118 119 120 121 119 118 117 117 117 117 115 110 108 109 109 109 110 113 119 121 121 122 123 126 128 131 135 139 143 145 141 139 139 136 130 119 111 108 104 100 98 96
133 134 133 132 130 129 128 128 127 126 126 126 126 127 128 129 129 128 127 126 125 124 122 120 118 116 115 114 115 115 115 115 116 116 116 116 116 116 118 119 120 120 118 117 117 119 121 119 117 112 110 111 110 110 111 115 123 125 124 125 126 129 132 135 137 140 141 141 140 137 133 127 121 112 106 103 100 98 97 95
132 132 132 131 130 129 128 128 127 127 127 126 126 127 127 127 127 127 126 125 124 122 121 119 116 112 112 113 113 114 114 115 115 116 116 116 116 116 116 118 117 116 115 116 120 122 123 122 121 116 114 114 113 111 113 115 122 125 126 128 131 134 137 139 140 141 139 137 136 132 127 122 117 110 105 102 99 98 96 94
130 131 130 130 129 128 128 127 127 127 127 126 126 126 126 126 126 126 125 124 123 122 120 118 115 112 111 112 113 113 114 114 115 115 116 116 115 115 115 116 115 115 116 118 123 125 126 125 123 119 117 116 114 113 113 115 120 123 127 130 134 136 137 138 138 138 135 133 131 127 121 117 113 107 102 99 97 96 95 93
128 128 128 128 127 127 127 127 126 126 126 126 126 125 125 124 124 124 123 123 122 121 120 118 116 113 112 112 113 114 114 114 115 115 115 115 115 114 114 114 114 114 118 122 126 127 129 127 125 121 118 118 116 114 114 115 118 122 126 130 134 135 135 135 134 133 131 128 126 122 116 112 109 104 99 96 94 94 93 91
125 126 127 127 127 127 127 126 126 126 126 126 125 125 124 123 123 123 123 122 122 121 120 118 117 115 114 114 114 114 114 115 115 116 116 116 116 115 115 115 115 116 120 123 125 127 128 125 123 121 119 118 117 115 115 115 118 121 124 127 130 130 130 130 129 128 125 123 120 116 112 109 106 101 97 94 92 92 91 90
123 124 125 126 126 126 126 126 126 125 125 125 125 124 123 123 122 122 122 122 121 120 120 119 118 116 116 115 115 115 115 115 116 117 117 118 118 116 116 115 117 118 121 123 124 125 126 123 121 121 120 118 117 116 115 116 118 119 120 122 124 125 125 125 124 122 120 118 114 111 108 106 104 99 95 91 90 90 89 89
122 123 124 125 125 125 125 125 125 125 125 124 124 123 123 122 122 121 121 121 121 120 120 119 118 117 117 116 116 116 116 117 117 118 118 118 118 116 116 117 118 119 120 121 123 123 122 122 121 121 120 119 118 117 116 115 117 117 117 118 119 120 120 119 118 117 114 112 109 107 105 103 101 97 94 91 89 89 88 88
121 122 124 125 125 125 125 125 125 125 125 124 124 123 122 122 121 121 121 121 121 120 120 119 119 118 117 116 116 116 116 117 117 118 118 118 117 116 117 118 118 119 119 120 121 120 120 120 121 120 120 119 118 116 115 114 115 115 114 114 115 115 116 115 113 111 109 107 105 103 101 99 98 95 93 90 89 88 87 87
120 121 123 124 125 125 125 125 124 124 124 124 123 122 122 121 121 121 121 121 121 120 120 119 119 118 117 116 116 115 115 115 116 116 116 116 116 116 116 117 117 117 118 118 118 118 118 119 120 120 119 118 117 115 114 112 112 112 111 111 111 111 110 110 108 106 104 102 101 99 98 96 94 93 91 90 88 87 87 86
120 121 122 123 124 124 124 124 124 124 124 124 123 122 121 121 121 121 121 121 121 120 120 119 119 118 117 116 115 115 114 114 114 114 114 114 115 116 116 117 116 116 116 116 117 118 118 120 120 120 119 118 116 115 113 111 110 109 108 108 107 106 106 105 104 101 100 98 97 96 94 93 92 91 90 89 88 87 86 86
119 121 122 122 123 123 123 123 123 123 123 123 122 121 121 120 121 121 121 121 121 120 120 119 118 117 117 116 115 114 113 113 112 112 112 113 114 116 117 116 115 114 115 116 117 118 119 120 121 120 119 118 116 114 112 110 108 106 104 104 103 102 101 101 99 97 96 95 93 92 91 91 91 90 89 89 88 87 86 85
119 120 121 121 122 122 122 123 123 123 123 123 122 122 121 121 121 122 122 122 122 121 120 119 119 118 117 116 115 114 113 112 111 111 111 112 114 115 115 115 114 114 115 116 117 118 119 120 120 119 118 117 115 113 110 108 105 103 102 101 100 98 97 96 95 93 92 91 90 89 88 89 89 89 89 89 88 87 86 84
118 119 119 120 121 121 122 122 123 123 123 122 122 122 122 121 122 123 123 123 122 121 120 119 119 118 117 116 115 114 113 111 110 109 109 112 114 114 114 114 114 114 115 116 117 118 119 119 119 118 117 116 114 111 109 106 103 101 99 98 96 95 93 92 91 89 89 88 87 86 86 87 88 88 89 89 88 87 85 83
117 118 119 119 120 121 122 122 123 123 123 123 123 123 123 123 125 125 125 124 123 122 120 119 119 118 117 117 115 114 113 112 110 109 109 111 113 114 114 113 114 114 115 116 117 117 118 118 117 117 116 114 112 110 106 104 101 100 98 96 94 92 90 88 87 87 86 85 85 84 84 85 86 86 86 86 85 84 83 82
117 117 118 119 119 120 121 122 123 124 124 123 123 124 124 125 126 127 126 124 123 122 120 119 119 118 118 117 116 115 114 113 111 110 110 112 113 114 114 113 114 114 115 116 117 117 117 117 117 116 115 113 110 108 105 102 100 99 97 95 93 90 88 86 85 84 84 83 82 82 82 83 84 84 84 84 83 81 81 80
116 116 117 117 118 119 120 122 124 124 125 124 124 125 125 126 127 127 126 125 123 121 120 119 118 118 118 118 117 116 115 114 114 113 112 114 114 114 114 114 114 115 117 118 119 118 117 117 116 115 114 111 108 106 104 102 100 98 96 95 93 90 87 85 84 83 82 81 81 80 80 81 82 82 81 81 80 79 79 78
116 116 116 116 116 118 120 122 125 126 126 125 125 125 126 126 127 126 125 124 123 121 119 118 118 118 118 119 119 118 117 116 116 116 116 116 116 116 116 115 116 117 118 119 119 118 116 116 116 115 113 110 107 105 104 102 100 98 96 95 93 89 87 84 83 82 81 80 79 79 79 79 80 80 79 79 78 77 77 77
116 115 114 114 115 117 119 122 125 127 128 127 127 126 127 127 126 126 124 123 122 120 119 118 117 118 119 120 120 120 119 119 118 119 120 119 119 118 118 117 119 120 120 119 118 117 115 116 116 114 111 109 107 105 104 102 100 98 96 95 93 89 86 84 82 80 79 79 78 77 77 77 78 78 78 77 76 75 75 75
115 114 113 113 113 115 118 121 125 127 129 129 128 127 126 126 126 125 123 122 121 120 118 117 117 118 119 120 120 121 120 120 121 122 123 124 123 122 121 121 121 120 119 118 118 116 114 114 114 113 111 109 107 106 104 103 101 99 97 95 93 89 86 83 81 79 78 78 77 76 76 76 76 76 76 75 74 73 73 73
114 113 112 112 112 114 117 120 124 127 129 130 129 127 127 126 125 124 122 121 120 119 118 117 117 118 119 120 121 121 121 122 123 125 127 128 128 126 125 123 122 120 118 117 117 115 114 113 113 112 110 109 108 106 105 103 101 99 97 95 93 90 87 83 80 78 77 76 76 75 75 75 75 74 74 74 73 72 72 71
113 112 112 111 112 113 116 119 122 125 127 128 129 128 127 126 124 123 121 119 118 118 117 117 118 119 120 121 120 120 120 121 123 126 129 132 132 129 126 123 122 120 118 116 115 114 113 113 113 112 110 109 108 107 106 104 102 100 98 95 93 90 86 83 80 77 76 75 75 74 74 73 73 73 73 73 73 71 71 70
113 112 112 111 112 113 115 118 120 123 125 126 127 128 127 126 124 122 120 118 116 116 116 117 118 120 121 121 120 119 119 120 122 124 127 131 131 128 125 122 120 118 116 115 114 113 112 112 112 111 110 108 107 106 105 104 102 100 98 95 92 89 86 82 79 77 74 73 73 73 73 72 72 72 72 72 72 71 70 69
113 112 112 112 112 113 114 116 119 121 123 125 126 126 126 126 124 122 119 116 114 114 116 117 119 121 121 121 119 118 118 119 119 121 124 126 126 124 121 120 118 116 114 113 112 112 111 111 111 110 108 107 105 104 103 102 101 99 97 93 90 88 85 82 79 75 73 71 71 72 72 72 72 71 71 71 71 70 70 69
113 112 112 112 112 112 113 115 117 119 121 122 124 125 126 126 124 121 118 116 114 114 115 116 118 120 120 119 117 116 115 115 116 117 119 120 121 119 117 115 114 113 111 110 110 109 109 109 109 108 106 104 103 101 100 99 98 97 96 93 90 87 84 82 79 75 72 69 70 71 72 72 72 71 71 71 71 70 70 69
