tests/testthat/test_data/rstack/apr_prec.asc
ncols         147
nrows         127
xllcorner     -90.06084375
yllcorner     23.864697408444
cellsize      0.096253424
NODATA_value  -9999
[rows 36 to 71 of 127, columns 0 to 79 of 147]
113 113 112 112 111 111 112 113 115 117 118 120 122 124 125 125 123 121 118 116 114 114 114 115 116 117 117 117 114 113 112 112 112 113 114 115 115 115 113 111 110 110 108 107 107 107 107 107 106 105 104 101 99 98 97 97 95 95 95 92 90 87 84 82 79 75 71 69 70 72 73 73 72 71 71 71 71 70 70 69
113 113 112 111 111 110 110 111 113 114 115 117 118 120 122 123 121 119 117 115 113 112 112 113 114 115 114 113 111 109 108 107 106 108 109 109 110 109 108 107 106 106 105 104 104 104 104 104 104 102 101 99 97 96 96 95 95 95 94 92 89 87 84 82 80 77 74 72 73 74 74 74 73 72 72 71 71 70 70 69
113 113 112 111 110 109 109 109 110 112 113 113 115 116 118 120 119 117 116 114 111 111 111 111 111 112 111 110 108 106 104 103 103 104 105 105 105 104 104 103 103 103 102 101 101 101 101 101 101 100 99 97 96 95 94 94 95 94 93 91 89 87 85 83 81 79 77 75 75 76 76 75 74 73 72 72 71 70 70 69
113 113 112 111 110 109 108 108 109 109 110 110 111 112 114 116 116 114 113 111 110 109 109 109 109 108 108 107 105 104 102 102 101 102 102 102 102 101 101 101 101 101 100 100 100 100 100 100 99 98 97 96 95 94 94 94 94 94 92 91 89 87 85 83 82 80 79 79 78 77 77 77 76 74 73 72 71 71 70 70
113 113 112 111 110 108 107 107 107 108 108 108 109 109 111 113 113 112 110 109 108 107 107 107 106 105 105 104 103 102 101 101 101 101 101 100 100 99 99 100 100 100 99 99 99 99 99 99 98 97 96 95 95 94 94 94 94 93 92 91 89 88 86 84 83 82 81 80 79 79 78 77 76 75 74 73 72 71 71 70
113 113 112 111 110 108 107 107 106 106 106 106 107 107 108 109 110 110 109 107 105 105 104 104 104 103 102 101 101 101 101 101 100 100 100 99 99 98 98 99 99 99 99 99 98 98 99 98 97 96 95 94 94 94 94 94 93 93 92 91 90 89 87 85 84 83 82 82 80 79 78 78 77 75 74 73 72 71 71 70
114 114 112 111 110 108 107 106 105 105 105 105 105 105 106 107 107 107 106 105 104 103 103 102 102 101 100 100 100 100 100 100 100 100 100 100 99 99 99 98 98 98 98 98 98 99 98 98 97 96 95 94 94 94 94 93 93 92 92 91 90 89 88 86 85 84 83 83 81 80 78 78 77 76 74 73 73 72 71 70
114 114 113 112 110 108 106 105 104 104 104 104 104 104 104 105 105 105 104 103 103 102 102 101 100 99 99 99 100 100 100 100 99 99 100 100 100 99 98 98 97 97 97 97 99 98 98 97 97 96 94 93 93 94 93 93 93 92 91 91 90 89 88 87 86 85 84 84 82 80 79 78 77 76 75 74 73 72 71 70
116 116 114 112 109 107 105 103 102 102 101 102 102 103 103 104 104 103 103 102 102 101 101 100 100 99 99 99 99 99 100 100 100 100 99 99 98 98 97 97 96 96 96 97 97 98 98 97 97 96 94 93 92 93 92 92 92 92 91 91 91 90 89 88 87 86 85 84 82 81 80 79 78 76 75 75 74 73 72 71
118 117 115 112 109 106 104 102 100 100 100 100 101 101 102 103 103 103 102 101 101 100 100 100 100 99 99 99 99 99 100 100 100 99 99 98 98 97 97 96 96 96 96 96 97 97 98 97 97 95 94 92 92 92 92 92 92 91 91 91 91 91 90 89 88 86 85 84 83 82 81 79 78 77 76 75 74 73 72 71
120 118 115 112 109 106 103 101 99 99 99 99 100 100 101 101 102 102 101 101 100 100 100 100 99 98 99 99 99 100 101 101 100 99 98 98 97 97 97 96 96 96 96 96 97 97 97 97 96 95 94 92 92 92 91 91 91 90 90 90 90 91 91 90 89 87 85 84 83 82 81 80 79 78 77 75 74 73 72 72
120 118 115 112 108 105 101 99 98 97 97 98 99 100 100 101 102 102 101 101 100 100 100 100 99 99 99 100 100 101 101 101 100 99 98 97 97 97 97 96 96 96 97 97 97 97 97 96 96 95 94 92 91 91 91 90 90 90 90 90 90 91 91 91 89 88 86 84 83 82 82 80 79 78 77 76 74 73 72 72
119 117 114 111 108 104 100 98 96 96 96 97 98 100 100 100 101 102 101 101 100 99 99 99 99 99 100 101 101 101 101 101 100 99 98 97 97 96 96 97 96 96 97 98 98 98 97 96 96 95 93 91 91 90 90 90 90 90 90 90 90 91 91 92 90 88 86 85 84 83 82 81 79 78 77 76 74 73 72 71
117 115 113 110 107 103 100 97 95 95 96 96 98 99 100 101 102 102 102 101 101 100 99 99 99 99 100 100 100 100 100 100 100 99 97 97 96 96 96 96 96 96 97 98 98 98 98 97 96 95 93 91 91 90 90 90 90 91 91 91 91 92 92 92 91 89 87 86 85 84 83 81 80 78 77 76 75 74 73 71
115 114 111 109 106 103 100 97 95 95 95 96 97 99 100 101 102 102 102 102 101 100 99 99 99 100 100 100 100 100 100 100 100 98 97 96 96 95 95 95 95 95 96 97 98 98 98 97 96 95 93 92 91 90 90 90 91 91 91 91 91 92 93 92 91 90 89 87 86 85 83 82 80 79 78 77 75 74 73 72
113 112 110 107 106 104 101 99 96 96 96 96 97 98 99 100 101 102 103 102 102 101 100 100 100 99 99 99 99 99 100 100 99 97 96 96 95 94 94 94 94 94 95 96 97 98 98 97 96 95 94 93 92 91 91 91 91 91 92 92 93 93 93 93 92 91 89 88 87 85 84 82 81 80 78 77 76 75 74 73
111 110 108 106 105 104 102 99 97 96 96 96 97 97 99 100 101 102 103 103 102 101 100 100 99 99 98 98 98 98 99 98 97 96 95 95 94 93 92 92 93 94 94 95 96 97 97 97 96 95 94 93 93 92 92 92 92 92 92 93 93 94 94 94 93 92 90 89 87 86 84 83 81 80 79 78 77 75 74 73
109 108 106 105 105 104 102 100 98 97 96 96 96 96 98 99 100 102 103 103 102 101 100 99 99 98 97 96 96 96 96 96 96 95 94 93 92 92 91 91 92 92 94 94 95 96 96 96 96 95 95 94 93 93 93 93 93 93 94 94 94 95 95 95 94 93 91 90 88 86 84 83 82 81 80 78 77 76 75 74
106 105 104 104 104 104 102 100 98 96 95 95 95 95 96 98 99 101 102 103 102 101 100 99 97 96 95 94 93 93 93 93 93 93 93 92 91 90 90 89 90 91 93 94 94 95 96 96 96 96 95 95 94 94 94 94 94 94 94 94 94 94 94 94 93 92 91 89 87 86 84 83 82 81 80 79 77 76 75 74
102 102 103 103 104 103 101 100 98 96 95 94 94 94 95 96 98 100 101 102 103 102 100 98 96 94 93 91 90 89 90 90 90 90 91 90 90 89 88 87 89 90 92 93 94 94 95 96 96 96 96 95 95 95 95 95 95 95 94 94 94 94 94 93 92 91 90 89 87 85 84 83 81 80 80 79 77 76 75 74
99 99 100 101 102 102 101 99 97 95 93 92 92 93 94 94 96 98 100 101 102 101 99 97 94 92 90 88 86 85 86 86 87 89 90 90 90 89 88 87 88 89 91 92 93 94 95 96 97 97 96 96 96 96 95 95 95 95 94 94 93 93 93 92 91 90 88 87 86 84 83 81 80 80 79 78 78 77 76 75
96 97 99 100 101 101 100 98 95 93 91 91 91 91 92 93 94 95 98 100 101 99 98 95 92 90 88 85 84 82 82 83 85 87 89 89 89 89 88 87 88 88 90 91 93 94 95 96 97 97 97 96 96 96 95 95 95 94 94 93 93 92 91 91 90 89 87 85 84 83 81 80 80 79 79 78 78 77 76 75
95 96 98 99 100 100 99 97 94 92 89 88 89 90 90 91 92 93 95 96 97 96 95 92 90 88 86 84 82 80 80 81 83 86 88 88 88 88 88 87 88 88 90 91 93 94 94 95 96 96 96 96 96 95 94 93 93 93 93 92 91 90 90 90 88 87 86 84 83 81 80 79 79 79 79 78 78 77 76 75
95 96 98 99 100 100 99 97 94 91 89 87 88 89 90 90 91 92 93 94 95 94 93 90 88 86 85 83 81 79 79 80 83 85 87 88 88 88 88 87 88 88 89 90 92 93 93 94 94 95 95 95 94 94 92 92 91 91 91 90 90 89 88 88 87 85 84 83 81 80 79 79 79 79 79 78 78 77 76 75
-9999 97 98 99 100 100 100 99 -9999 -9999 -9999 -9999 -9999 -9999 -9999 -9999 -9999 -9999 -9999 -9999 -9999 -9999 -9999 -9999 -9999 -9999 -9999 -9999 -9999 -9999 -9999 -9999 -9999 -9999 -9999 -9999 -9999 -9999 -9999 -9999 -9999 -9999 -9999 90 91 92 92 93 93 93 92 92 92 91 90 89 89 89 88 88 87 87 86 86 85 84 83 82 81 80 78 78 78 78 78 78 78 77 76 75
-9999 98 99 100 -9999 -9999 -9999 -9999 -9999 -9999 -9999 -9999 -9999 -9999 -9999 -9999 -9999 -9999 -9999 -9999 -9999 -9999 -9999 -9999 -9999 -9999 -9999 -9999 -9999 -9999 -9999 -9999 -9999 -9999 -9999 -9999 -9999 -9999 -9999 -9999 -9999 -9999 -9999 -9999 -9999 -9999 92 91 91 90 90 89 89 88 87 87 87 87 87 86 85 85 84 84 83 83 82 81 80 79 78 77 77 77 77 77 76 76 75 73
-9999 100 100 100 -9999 -9999 -9999 -9999 -9999 -9999 -9999 -9999 -9999 -9999 -9999 -9999 -9999 -9999 -9999 -9999 -9999 -9999 -9999 -9999 -9999 -9999 -9999 -9999 -9999 -9999 -9999 -9999 -9999 -9999 -9999 -9999 -9999 -9999 -9999 -9999 -9999 -9999 -9999 -9999 -9999 -9999 -9999 -9999 -9999 88 87 86 85 85 85 85 85 85 85 -9999 -9999 -9999 -9999 -9999 -9999 81 80 80 78 78 77 76 76 76 76 75 74 74 73 72
101 102 102 101 100 99 97 95 -9999 -9999 -9999 -9999 -9999 -9999 -9999 -9999 -9999 -9999 -9999 -9999 -9999 -9999 -9999 -9999 -9999 -9999 -9999 -9999 -9999 -9999 -9999 -9999 -9999 -9999 -9999 -9999 -9999 -9999 -9999 -9999 -9999 -9999 -9999 -9999 -9999 -9999 -9999 -9999 -9999 85 84 82 82 82 82 82 82 82 82 -9999 -9999 -9999 -9999 -9999 -9999 79 79 78 77 76 76 75 75 74 74 73 73 72 71 69
102 103 103 102 -9999 -9999 -9999 -9999 -9999 -9999 -9999 -9999 -9999 -9999 -9999 -9999 -9999 -9999 -9999 -9999 -9999 -9999 -9999 -9999 -9999 -9999 -9999 -9999 -9999 -9999 -9999 -9999 -9999 -9999 -9999 -9999 -9999 -9999 -9999 -9999 -9999 -9999 -9999 -9999 -9999 -9999 -9999 -9999 -9999 82 80 79 -9999 -9999 -9999 -9999 -9999 -9999 -9999 -9999 -9999 -9999 -9999 -9999 -9999 -9999 -9999 76 76 75 75 74 74 73 72 72 71 70 69 67
104 105 103 102 -9999 -9999 -9999 -9999 -9999 -9999 -9999 -9999 -9999 -9999 -9999 -9999 -9999 -9999 -9999 -9999 -9999 -9999 -9999 -9999 -9999 -9999 -9999 -9999 -9999 -9999 -9999 -9999 -9999 -9999 -9999 -9999 -9999 -9999 -9999 -9999 -9999 -9999 -9999 -9999 -9999 -9999 -9999 -9999 -9999 79 78 76 -9999 -9999 -9999 -9999 -9999 -9999 -9999 -9999 -9999 -9999 -9999 -9999 -9999 -9999 -9999 75 75 74 74 73 72 72 71 71 70 69 67 66
103 104 102 101 -9999 -9999 -9999 -9999 -9999 -9999 -9999 -9999 -9999 -9999 -9999 -9999 -9999 -9999 -9999 -9999 -9999 -9999 -9999 -9999 -9999 -9999 -9999 -9999 -9999 -9999 -9999 -9999 -9999 -9999 -9999 -9999 -9999 -9999 -9999 -9999 -9999 -9999 -9999 -9999 -9999 -9999 -9999 -9999 -9999 78 77 74 -9999 -9999 -9999 -9999 -9999 -9999 -9999 -9999 -9999 -9999 -9999 -9999 -9999 -9999 -9999 75 74 73 72 72 71 71 70 70 69 68 67 66
102 102 101 100 -9999 -9999 -9999 -9999 -9999 -9999 -9999 -9999 -9999 -9999 -9999 -9999 -9999 -9999 -9999 -9999 -9999 -9999 -9999 -9999 -9999 -9999 -9999 -9999 -9999 -9999 -9999 -9999 -9999 -9999 -9999 -9999 -9999 -9999 -9999 -9999 -9999 -9999 -9999 -9999 -9999 -9999 -9999 -9999 -9999 -9999 -9999 -9999 -9999 -9999 -9999 -9999 -9999 -9999 -9999 -9999 -9999 -9999 -9999 -9999 -9999 -9999 -9999 -9999 -9999 72 71 71 70 70 69 69 68 67 66 65
100 100 99 99 -9999 -9999 -9999 -9999 -9999 -9999 -9999 -9999 -9999 -9999 -9999 -9999 -9999 -9999 -9999 -9999 -9999 -9999 -9999 -9999 -9999 -9999 -9999 -9999 -9999 -9999 -9999 -9999 -9999 -9999 -9999 -9999 -9999 -9999 -9999 -9999 -9999 -9999 -9999 -9999 -9999 -9999 -9999 -9999 -9999 -9999 -9999 -9999 -9999 -9999 -9999 -9999 -9999 -9999 -9999 -9999 -9999 -9999 -9999 -9999 -9999 -9999 -9999 -9999 -9999 -9999 70 70 69 69 68 68 68 68 67 67
98 98 98 98 -9999 -9999 -9999 -9999 -9999 -9999 -9999 -9999 -9999 -9999 -9999 -9999 -9999 -9999 -9999 -9999 -9999 -9999 -9999 -9999 -9999 -9999 -9999 -9999 -9999 -9999 -9999 -9999 -9999 -9999 -9999 -9999 -9999 -9999 -9999 -9999 -9999 -9999 -9999 -9999 -9999 -9999 -9999 -9999 -9999 -9999 -9999 -9999 -9999 -9999 -9999 -9999 -9999 -9999 -9999 -9999 -9999 -9999 -9999 -9999 -9999 -9999 -9999 -9999 -9999 -9999 69 68 68 68 68 68 68 68 68 68
-9999 -9999 -9999 -9999 -9999 -9999 -9999 -9999 91 90 -9999 -9999 -9999 -9999 -9999 -9999 -9999 -9999 -9999 -9999 -9999 -9999 -9999 -9999 -9999 -9999 -9999 -9999 -9999 -9999 -9999 -9999 -9999 -9999 -9999 -9999 -9999 -9999 -9999 -9999 -9999 -9999 -9999 -9999 -9999 -9999 -9999 -9999 -9999 -9999 -9999 -9999 -9999 -9999 -9999 -9999 -9999 -9999 -9999 -9999 -9999 -9999 -9999 -9999 -9999 -9999 -9999 -9999 -9999 -9999 -9999 -9999 67 67 67 67 67 68 69 70
-9999 -9999 -9999 -9999 -9999 -9999 -9999 -9999 91 89 -9999 -9999 -9999 -9999 -9999 -9999 -9999 -9999 -9999 -9999 -9999 -9999 -9999 -9999 -9999 -9999 -9999 -9999 -9999 -9999 -9999 -9999 -9999 -9999 -9999 -9999 -9999 -9999 -9999 -9999 -9999 -9999 -9999 -9999 -9999 -9999 -9999 -9999 -9999 -9999 -9999 -9999 -9999 -9999 -9999 -9999 -9999 -9999 -9999 -9999 -9999 -9999 -9999 -9999 -9999 -9999 -9999 -9999 -9999 -9999 -9999 -9999 66 66 66 66 66 68 69 70
