tests/testthat/test_data/rstack/aug_prec.asc
ncols         147
nrows         127
xllcorner     -90.06084375
yllcorner     23.864697408444
cellsize      0.096253424
NODATA_value  -9999
[rows 35 to 69 of 127, columns 0 to 78 of 147]
91 93 95 97 99 100 100 100 100 99 99 99 98 98 98 99 99 100 100 100 99 99 98 98 98 98 99 99 99 99 99 98 97 96 95 96 98 100 101 101 102 103 103 103 103 103 102 102 102 100 100 99 101 103 104 106 107 107 107 106 105 104 103 103 102 101 101 101 105 108 111 113 114 116 117 118 119 120 121
93 95 98 100 102 103 103 103 103 102 101 100 99 99 99 99 100 100 100 100 100 100 99 99 99 99 100 100 100 100 99 99 98 98 97 98 99 100 100 100 102 103 103 103 103 103 103 103 103 102 102 101 102 103 104 105 106 107 108 107 106 104 103 103 102 101 101 101 105 108 111 113 115 116 118 119 121 122 123
96 98 101 103 105 106 107 106 105 103 102 100 99 99 100 100 100 101 101 101 101 100 100 101 101 101 101 102 102 102 101 101 101 100 99 99 99 100 100 101 102 103 103 103 104 104 104 104 103 103 102 102 102 102 104 105 107 108 109 108 106 105 104 104 104 103 102 102 105 109 112 114 116 118 119 121 122 124 125
99 101 104 107 109 110 110 109 107 105 103 101 100 99 100 101 101 101 101 101 101 101 102 102 102 103 103 104 104 103 103 103 103 102 101 101 101 101 101 102 103 104 104 104 105 106 105 105 105 104 103 103 103 103 104 106 108 109 109 108 107 106 106 105 105 105 104 104 106 109 113 116 118 120 121 122 124 126 127
102 104 107 109 111 112 113 111 109 107 104 102 100 100 101 102 102 102 102 102 102 102 103 103 104 104 105 105 105 105 106 106 107 106 105 104 104 103 103 104 105 105 106 107 108 108 109 108 107 106 105 104 104 104 106 108 110 110 111 110 108 108 107 107 107 107 107 106 108 111 115 118 120 122 124 125 127 128 130
104 106 109 111 113 114 114 112 111 108 106 103 102 101 102 102 103 104 103 103 103 104 105 105 106 106 107 107 108 108 109 109 110 109 108 107 107 106 106 107 107 108 109 110 111 112 112 111 109 108 107 107 107 107 108 110 111 112 112 111 110 110 109 109 109 109 109 110 111 113 117 120 123 125 126 128 129 131 132
107 109 111 112 114 115 114 113 112 110 108 106 104 102 102 103 104 105 105 105 105 106 107 107 108 108 109 110 110 111 112 113 113 112 112 111 110 110 110 110 110 111 112 113 115 116 116 113 111 110 109 109 109 110 111 112 113 113 113 112 112 112 112 111 111 112 113 114 115 117 120 123 126 127 129 130 132 133 135
109 111 113 114 115 115 115 114 113 111 110 108 106 104 104 105 106 106 107 107 108 109 110 111 111 111 112 113 114 115 116 116 117 116 116 116 115 114 114 114 114 114 114 115 117 117 118 116 115 113 112 112 112 113 113 114 114 115 115 114 114 114 113 113 114 115 116 118 119 121 123 126 129 130 132 133 135 137 138
111 112 115 116 116 116 116 115 114 113 112 110 108 106 106 106 107 108 109 110 111 112 113 114 115 115 115 116 118 120 120 120 121 121 121 121 120 119 118 118 118 117 117 117 118 119 119 119 118 116 115 115 115 115 116 116 116 116 116 116 115 115 115 115 117 118 120 122 124 125 126 129 132 133 135 137 139 140 142
113 115 117 118 118 118 117 117 116 115 114 112 110 108 108 108 110 111 113 113 114 115 117 119 119 119 120 120 122 123 124 125 125 125 125 125 124 124 123 122 121 121 120 120 121 121 121 121 120 119 118 118 118 118 119 119 119 119 119 118 118 118 118 119 120 122 124 125 128 129 131 133 135 137 139 141 143 144 146
115 118 119 120 120 119 119 119 118 117 116 115 113 111 111 112 114 115 117 117 118 120 121 123 124 124 124 125 126 128 129 130 130 130 130 129 129 128 127 126 126 125 124 124 124 123 123 123 123 123 122 121 121 121 121 121 121 121 121 121 120 120 121 122 123 125 127 129 131 134 135 137 139 140 142 145 147 148 150
117 119 121 121 121 121 121 121 121 121 120 119 118 117 116 117 119 120 121 122 123 124 126 127 128 128 129 130 131 133 134 135 135 135 135 134 134 134 133 131 130 129 128 128 127 127 126 126 126 126 125 124 124 124 124 123 123 123 123 124 124 123 124 125 127 129 131 133 136 138 140 142 143 144 146 149 151 152 154
120 122 123 124 124 124 124 124 124 124 124 124 123 123 123 123 125 126 127 127 128 129 130 131 132 133 134 135 136 137 138 139 139 139 139 139 139 139 138 137 136 135 133 132 131 130 129 129 129 129 128 127 127 127 126 126 126 126 126 126 127 126 127 128 130 132 135 137 139 141 143 145 146 148 150 152 154 156 158
124 124 125 126 127 127 126 126 126 127 128 129 129 130 130 131 131 132 133 133 133 133 134 136 137 138 139 141 141 142 143 143 144 144 144 144 145 145 144 144 142 140 139 137 135 133 132 132 132 132 131 130 130 130 129 129 128 128 128 128 129 130 131 132 134 136 138 140 143 145 146 148 150 152 153 156 158 160 162
128 128 128 129 130 130 130 130 130 131 133 134 135 136 137 138 138 138 138 138 137 138 139 140 141 143 144 145 146 147 147 148 148 149 149 150 151 151 151 151 149 147 145 142 139 137 136 136 136 136 135 134 133 133 132 131 131 131 131 131 132 133 134 136 137 139 141 143 146 148 150 152 153 155 158 160 162 164 166
132 132 132 132 133 133 134 134 134 136 138 140 141 143 144 144 144 144 143 143 142 143 143 145 146 148 149 150 151 151 152 152 153 154 154 156 157 157 157 158 156 154 151 148 144 142 141 141 141 140 138 137 136 135 134 134 134 134 134 134 135 137 138 139 141 143 144 146 149 151 153 155 157 159 161 164 166 168 170
135 135 135 135 136 137 138 139 140 142 144 146 147 148 149 149 149 149 148 148 147 148 148 150 151 153 154 155 155 155 156 157 158 158 160 161 162 163 164 164 163 162 159 156 152 150 148 147 145 144 142 141 139 138 137 136 136 136 137 138 140 141 142 142 144 145 148 150 152 154 156 158 160 163 165 168 170 173 174
138 138 138 138 140 142 143 144 146 148 150 151 152 153 154 154 153 153 153 152 152 152 153 155 156 158 158 159 159 159 160 161 162 163 165 167 168 170 171 172 171 170 167 164 160 157 154 152 150 148 146 144 143 141 139 138 139 140 142 143 145 146 146 146 147 149 151 153 155 157 159 161 164 166 169 171 174 177 178
141 141 141 142 144 146 148 150 152 154 155 157 158 158 158 159 158 157 156 155 155 156 157 160 161 162 162 163 163 163 164 164 165 167 169 172 174 177 178 180 180 179 176 172 167 164 161 157 154 152 150 148 146 144 142 141 142 144 147 149 151 151 151 150 151 154 156 157 159 160 163 165 167 170 173 175 178 181 182
143 143 144 145 148 150 152 154 157 159 161 162 163 163 163 162 161 160 158 157 156 159 162 164 165 166 166 167 167 167 167 168 169 171 174 177 180 182 184 187 188 189 184 179 174 170 166 163 159 157 155 153 151 149 147 147 148 151 155 157 158 158 157 156 157 159 161 162 162 163 165 168 170 173 176 179 182 184 186
144 145 147 149 151 153 156 158 161 164 166 168 168 168 167 166 164 162 160 158 157 161 165 167 168 169 170 171 172 172 171 171 172 176 179 182 185 187 190 193 196 198 192 186 180 175 171 168 164 162 159 158 156 154 153 153 155 159 163 165 166 166 165 164 164 164 166 168 166 166 168 170 173 177 180 183 185 188 190
146 147 149 150 153 155 158 161 164 168 171 173 174 173 171 169 167 164 162 159 156 163 168 170 171 171 172 173 176 178 178 178 178 181 185 188 190 192 193 195 197 198 193 188 183 179 175 172 169 167 164 163 162 162 162 163 166 170 173 175 176 175 173 171 170 169 169 169 167 167 169 172 176 180 183 186 189 192 194
147 148 150 152 154 157 159 163 167 171 175 178 179 178 175 172 170 167 164 161 157 164 171 172 173 173 174 175 179 183 184 184 184 187 189 192 194 195 196 197 197 197 194 190 186 182 179 176 173 171 169 168 168 169 171 173 176 180 184 185 186 184 181 179 177 175 173 171 169 169 171 175 179 183 187 190 193 196 198
148 150 151 152 154 157 159 164 169 173 178 183 183 181 178 175 173 170 167 165 163 167 171 172 173 173 173 174 179 184 187 189 189 191 193 195 196 197 197 198 197 196 193 191 187 184 180 178 176 175 174 172 174 176 179 182 186 191 196 196 195 192 189 186 183 180 177 175 173 173 176 179 183 187 191 195 197 200 202
149 150 151 153 154 156 159 163 169 174 179 185 185 182 179 177 174 172 169 167 166 169 171 172 173 173 173 173 180 185 189 190 191 193 195 196 197 198 198 198 197 195 193 191 188 184 181 180 179 178 178 177 180 182 185 189 193 198 204 203 202 198 195 192 188 185 182 180 179 179 181 184 188 192 196 199 202 204 206
-9999 151 152 153 154 156 159 160 -9999 -9999 -9999 -9999 -9999 -9999 -9999 -9999 -9999 -9999 -9999 -9999 -9999 -9999 -9999 -9999 -9999 -9999 -9999 -9999 -9999 -9999 -9999 -9999 -9999 -9999 -9999 -9999 -9999 -9999 -9999 -9999 -9999 -9999 -9999 190 187 184 182 181 181 181 182 183 185 188 191 195 199 204 208 208 207 203 200 196 193 190 188 186 185 185 187 189 192 196 200 203 206 208 210
-9999 151 152 153 -9999 -9999 -9999 -9999 -9999 -9999 -9999 -9999 -9999 -9999 -9999 -9999 -9999 -9999 -9999 -9999 -9999 -9999 -9999 -9999 -9999 -9999 -9999 -9999 -9999 -9999 -9999 -9999 -9999 -9999 -9999 -9999 -9999 -9999 -9999 -9999 -9999 -9999 -9999 -9999 -9999 -9999 182 183 183 185 186 188 190 193 196 199 203 206 210 209 209 206 203 200 198 195 193 191 191 191 192 194 197 200 204 207 209 212 213
-9999 150 151 152 -9999 -9999 -9999 -9999 -9999 -9999 -9999 -9999 -9999 -9999 -9999 -9999 -9999 -9999 -9999 -9999 -9999 -9999 -9999 -9999 -9999 -9999 -9999 -9999 -9999 -9999 -9999 -9999 -9999 -9999 -9999 -9999 -9999 -9999 -9999 -9999 -9999 -9999 -9999 -9999 -9999 -9999 -9999 -9999 -9999 188 190 192 195 198 200 203 206 208 211 -9999 -9999 -9999 -9999 -9999 -9999 199 198 196 196 197 197 199 201 204 207 210 213 216 216
149 148 150 151 153 155 158 162 -9999 -9999 -9999 -9999 -9999 -9999 -9999 -9999 -9999 -9999 -9999 -9999 -9999 -9999 -9999 -9999 -9999 -9999 -9999 -9999 -9999 -9999 -9999 -9999 -9999 -9999 -9999 -9999 -9999 -9999 -9999 -9999 -9999 -9999 -9999 -9999 -9999 -9999 -9999 -9999 -9999 192 194 196 198 201 203 205 207 209 211 -9999 -9999 -9999 -9999 -9999 -9999 203 202 200 200 201 201 203 205 207 209 212 214 216 217
147 146 148 150 -9999 -9999 -9999 -9999 -9999 -9999 -9999 -9999 -9999 -9999 -9999 -9999 -9999 -9999 -9999 -9999 -9999 -9999 -9999 -9999 -9999 -9999 -9999 -9999 -9999 -9999 -9999 -9999 -9999 -9999 -9999 -9999 -9999 -9999 -9999 -9999 -9999 -9999 -9999 -9999 -9999 -9999 -9999 -9999 -9999 195 197 200 -9999 -9999 -9999 -9999 -9999 -9999 -9999 -9999 -9999 -9999 -9999 -9999 -9999 -9999 -9999 204 204 204 205 206 208 209 211 213 215 217 217
144 144 146 148 -9999 -9999 -9999 -9999 -9999 -9999 -9999 -9999 -9999 -9999 -9999 -9999 -9999 -9999 -9999 -9999 -9999 -9999 -9999 -9999 -9999 -9999 -9999 -9999 -9999 -9999 -9999 -9999 -9999 -9999 -9999 -9999 -9999 -9999 -9999 -9999 -9999 -9999 -9999 -9999 -9999 -9999 -9999 -9999 -9999 198 201 204 -9999 -9999 -9999 -9999 -9999 -9999 -9999 -9999 -9999 -9999 -9999 -9999 -9999 -9999 -9999 207 207 207 208 209 210 211 213 214 215 216 217
143 143 145 147 -9999 -9999 -9999 -9999 -9999 -9999 -9999 -9999 -9999 -9999 -9999 -9999 -9999 -9999 -9999 -9999 -9999 -9999 -9999 -9999 -9999 -9999 -9999 -9999 -9999 -9999 -9999 -9999 -9999 -9999 -9999 -9999 -9999 -9999 -9999 -9999 -9999 -9999 -9999 -9999 -9999 -9999 -9999 -9999 -9999 200 202 205 -9999 -9999 -9999 -9999 -9999 -9999 -9999 -9999 -9999 -9999 -9999 -9999 -9999 -9999 -9999 208 209 209 210 211 212 213 214 215 215 216 216
143 142 144 146 -9999 -9999 -9999 -9999 -9999 -9999 -9999 -9999 -9999 -9999 -9999 -9999 -9999 -9999 -9999 -9999 -9999 -9999 -9999 -9999 -9999 -9999 -9999 -9999 -9999 -9999 -9999 -9999 -9999 -9999 -9999 -9999 -9999 -9999 -9999 -9999 -9999 -9999 -9999 -9999 -9999 -9999 -9999 -9999 -9999 -9999 -9999 -9999 -9999 -9999 -9999 -9999 -9999 -9999 -9999 -9999 -9999 -9999 -9999 -9999 -9999 -9999 -9999 -9999 -9999 211 212 212 213 214 214 215 215 215 214
142 141 143 144 -9999 -9999 -9999 -9999 -9999 -9999 -9999 -9999 -9999 -9999 -9999 -9999 -9999 -9999 -9999 -9999 -9999 -9999 -9999 -9999 -9999 -9999 -9999 -9999 -9999 -9999 -9999 -9999 -9999 -9999 -9999 -9999 -9999 -9999 -9999 -9999 -9999 -9999 -9999 -9999 -9999 -9999 -9999 -9999 -9999 -9999 -9999 -9999 -9999 -9999 -9999 -9999 -9999 -9999 -9999 -9999 -9999 -9999 -9999 -9999 -9999 -9999 -9999 -9999 -9999 -9999 213 213 214 214 215 215 215 214 213
141 141 142 142 -9999 -9999 -9999 -9999 -9999 -9999 -9999 -9999 -9999 -9999 -9999 -9999 -9999 -9999 -9999 -9999 -9999 -9999 -9999 -9999 -9999 -9999 -9999 -9999 -9999 -9999 -9999 -9999 -9999 -9999 -9999 -9999 -9999 -9999 -9999 -9999 -9999 -9999 -9999 -9999 -9999 -9999 -9999 -9999 -9999 -9999 -9999 -9999 -9999 -9999 -9999 -9999 -9999 -9999 -9999 -9999 -9999 -9999 -9999 -9999 -9999 -9999 -9999 -9999 -9999 -9999 214 214 214 215 215 215 214 213 211
