tests/testthat/test_data/rstack/aug_prec.asc
ncols         147
nrows         127
xllcorner     -90.06084375
yllcorner     23.864697408444
cellsize      0.096253424
NODATA_value  -9999
[rows 0 to 34 of 127, columns 0 to 78 of 147]
82 81 81 81 81 81 81 81 80 80 80 80 81 81 83 84 85 86 88 90 91 91 92 93 94 94 94 93 93 93 92 91 90 90 89 90 92 95 97 99 99 99 98 98 98 97 97 99 100 101 103 104 105 107 106 106 105 106 107 105 102 99 97 97 98 99 101 104 105 106 106 105 104 103 102 102 105 111 114
80 80 79 79 79 79 79 79 79 79 79 79 80 80 82 83 84 86 88 89 90 91 91 92 93 93 93 92 92 92 91 91 90 90 90 91 93 96 98 99 99 98 98 98 97 96 96 97 99 102 104 105 107 108 107 106 104 102 102 100 99 96 94 93 95 97 100 102 104 106 107 106 105 104 104 105 109 116 120
78 77 77 76 77 77 78 79 79 79 79 79 79 80 81 83 84 86 87 88 90 90 91 92 92 93 92 92 91 91 91 90 90 90 90 91 93 96 97 98 98 98 97 97 96 96 96 97 99 102 104 105 107 107 106 104 102 101 100 99 97 95 93 93 95 100 102 105 107 110 114 112 110 111 111 109 111 116 122
76 75 74 74 75 76 77 78 79 79 79 79 79 79 81 82 84 85 87 88 89 90 91 92 92 92 92 91 90 90 90 90 89 89 90 91 93 94 96 97 97 97 96 96 95 95 96 98 100 102 104 105 106 107 103 101 101 101 100 99 97 94 93 93 97 104 107 110 113 117 123 121 117 120 121 114 112 113 124
76 74 74 73 74 75 77 78 80 80 81 80 80 80 81 83 84 85 87 88 89 90 91 92 92 92 92 92 91 90 90 89 89 89 89 90 92 93 95 96 96 96 95 95 95 96 98 100 101 102 103 105 105 104 102 101 102 102 102 101 99 98 100 105 112 119 125 131 135 137 138 135 130 126 122 119 119 121 129
75 74 73 72 73 75 77 79 81 82 82 82 81 81 82 83 85 86 87 88 89 90 91 92 92 93 93 92 91 90 89 89 88 88 88 89 91 92 94 95 95 95 94 95 96 98 100 102 103 102 102 105 103 101 101 102 103 104 104 103 102 104 108 117 124 132 139 145 149 150 147 145 142 134 127 127 127 129 135
76 74 74 74 75 76 79 81 82 84 85 85 84 84 84 85 86 87 87 88 89 90 91 92 93 93 93 92 91 90 89 89 88 88 88 89 90 92 93 93 94 94 95 96 99 100 101 102 102 102 102 102 101 100 101 102 104 105 107 107 108 116 122 127 131 135 137 139 142 143 141 146 152 149 145 142 140 140 145
77 75 75 76 77 79 81 83 84 86 87 87 87 86 86 86 87 87 88 89 89 90 92 93 93 93 92 92 91 90 89 88 88 88 88 89 90 91 92 93 93 94 95 97 100 101 102 101 101 102 102 100 99 99 101 103 105 108 111 113 117 127 134 137 139 140 142 142 142 142 143 150 158 158 157 151 148 148 152
79 78 78 79 80 81 83 85 87 88 89 89 88 88 88 88 88 88 88 89 90 91 92 93 94 93 92 91 91 90 89 88 88 88 88 89 90 91 91 92 93 93 95 97 100 101 101 100 100 101 101 98 99 100 102 104 107 111 116 121 127 136 142 145 147 149 152 154 150 150 154 156 159 163 163 154 151 153 156
82 82 82 82 83 84 86 87 88 90 90 90 89 89 88 88 88 88 88 89 90 91 92 93 93 92 91 90 90 89 88 88 88 88 88 89 89 90 91 92 93 95 96 97 98 98 98 98 99 99 98 97 99 101 103 106 111 116 122 126 131 136 140 144 148 153 159 162 157 158 164 166 166 163 160 154 151 150 149
85 85 85 85 86 87 89 90 90 91 91 90 90 89 89 89 89 89 89 89 90 91 92 92 91 90 89 89 89 89 88 88 88 88 88 89 89 90 91 92 94 96 97 97 96 95 94 97 98 95 95 97 99 102 104 108 115 122 127 130 132 133 136 140 147 155 163 169 164 166 174 176 174 162 153 153 150 145 138
86 87 87 87 88 89 91 91 91 91 91 90 89 88 88 88 88 88 88 89 89 90 90 90 90 89 88 88 88 88 88 88 89 89 89 89 90 90 92 93 95 96 95 94 94 95 96 98 98 95 95 97 99 102 104 110 121 127 130 132 134 136 139 143 149 155 161 166 164 165 167 165 161 151 143 142 139 135 130
87 88 88 88 90 91 93 92 92 91 90 89 88 88 87 87 87 87 88 88 88 88 89 88 88 87 87 87 87 88 88 88 89 89 90 90 90 91 92 94 95 95 93 93 93 95 98 99 98 96 96 98 99 101 104 111 124 130 131 133 135 139 142 146 150 155 158 161 162 162 159 155 150 142 135 133 130 126 123
86 87 88 88 90 91 93 92 90 89 88 88 87 86 85 85 85 86 86 87 87 87 87 87 86 85 85 85 86 87 88 88 88 89 90 90 90 91 92 93 93 93 92 93 96 98 100 100 100 98 97 99 100 100 104 110 120 126 129 134 138 142 146 149 152 154 154 154 155 154 150 146 143 137 132 129 126 122 118
85 86 87 88 89 90 91 90 89 88 87 86 85 84 83 83 83 84 85 86 87 87 87 87 86 85 85 85 86 87 88 88 88 89 90 90 90 91 92 93 92 92 93 95 99 100 101 102 101 98 98 100 99 99 102 107 115 121 126 132 138 141 143 145 146 147 146 145 146 144 140 137 135 130 126 122 119 115 112
84 85 86 86 87 87 87 87 86 86 85 84 83 82 81 80 81 82 84 85 86 87 87 88 87 86 86 86 87 88 88 88 89 89 89 90 90 91 91 92 92 93 96 98 100 102 104 103 101 98 98 100 99 98 100 103 109 116 123 129 135 135 136 135 135 136 135 135 135 133 129 127 125 122 118 113 110 108 107
82 84 84 85 85 85 85 85 84 83 82 82 81 81 80 80 80 81 83 84 85 86 87 88 88 88 87 87 88 88 88 89 89 90 91 91 92 92 92 92 94 95 98 100 101 102 103 101 100 98 98 98 99 99 99 102 107 111 116 121 125 125 125 124 124 124 124 125 124 123 121 119 119 114 110 105 102 102 102
81 82 82 83 83 83 84 83 82 81 80 80 79 79 79 79 80 81 82 84 85 86 87 88 89 89 89 88 89 89 89 90 90 91 92 93 94 94 94 93 95 97 99 100 101 101 102 100 98 98 98 98 98 99 99 100 104 107 109 112 114 115 114 113 112 113 114 115 114 113 113 113 112 108 103 98 96 96 97
79 81 81 82 82 82 82 81 81 79 79 78 78 78 78 78 79 81 82 83 85 86 88 89 89 90 89 89 90 90 91 91 92 93 94 94 95 95 95 96 97 98 99 100 100 100 99 100 100 101 101 101 100 99 99 99 100 102 103 104 106 107 107 105 104 105 106 107 107 108 108 108 107 104 100 96 94 93 93
78 80 80 81 81 81 81 80 79 78 77 77 77 77 77 78 79 81 82 83 85 87 88 89 89 90 90 90 91 91 92 93 94 94 95 95 95 95 96 97 98 99 99 99 99 99 98 100 102 103 103 103 101 99 98 97 97 97 97 98 100 101 101 99 99 99 100 101 102 103 104 103 102 100 97 94 92 91 91
77 78 79 79 79 79 79 79 78 77 76 76 76 76 77 78 79 81 82 84 86 87 87 88 89 90 90 91 91 91 92 92 93 93 93 94 95 96 97 99 98 98 98 98 98 99 100 101 103 104 104 103 101 98 96 94 93 92 93 94 95 96 97 97 96 96 97 98 99 100 100 99 98 97 95 93 91 89 89
76 77 78 78 79 79 79 78 78 77 76 77 77 77 77 78 80 81 83 85 86 87 88 89 89 90 91 91 91 91 92 92 93 93 94 95 96 98 98 99 98 98 98 99 99 100 102 103 104 105 105 104 101 99 95 93 90 89 89 91 93 93 94 95 95 95 96 97 97 98 98 98 97 95 94 92 91 89 90
75 76 77 77 78 78 78 78 78 77 77 78 78 78 78 78 81 83 84 86 87 88 89 89 90 91 91 91 91 91 92 92 93 93 94 95 97 99 100 99 98 97 98 100 101 103 104 105 106 105 105 104 102 100 96 93 89 87 86 88 90 91 93 94 94 95 96 96 96 96 97 97 96 95 94 93 92 91 91
74 75 76 77 78 78 78 79 79 79 79 79 80 80 80 80 82 84 86 87 88 89 90 90 90 91 92 92 92 92 92 93 93 94 95 97 98 99 99 99 98 98 99 101 103 104 106 106 106 106 105 105 103 100 97 93 90 88 88 89 91 91 92 94 94 95 96 96 96 97 97 97 98 97 96 95 94 94 95
74 75 76 77 78 79 79 80 80 80 81 81 81 82 82 83 85 87 88 89 89 90 90 90 91 92 92 92 92 92 93 94 94 95 96 98 100 99 99 98 99 99 101 102 104 106 107 106 106 106 106 105 103 101 98 94 92 90 90 90 91 92 93 94 95 95 96 96 97 97 97 98 99 99 98 97 97 98 98
75 76 78 79 80 80 81 82 82 82 82 83 84 84 86 87 89 91 91 91 91 91 91 91 91 92 93 93 93 94 94 95 96 97 98 99 100 100 99 98 99 99 101 103 105 106 106 106 106 106 105 105 103 102 98 96 94 93 93 92 92 93 94 94 95 96 97 98 98 99 99 100 102 102 101 101 101 101 102
76 78 79 80 81 82 82 83 84 84 84 85 86 87 89 90 93 94 94 93 93 92 92 91 91 92 93 95 95 95 95 96 97 99 100 100 100 100 99 98 99 100 102 104 105 106 106 106 106 106 105 104 103 102 100 98 97 96 95 94 94 95 95 95 96 97 98 99 100 100 101 103 104 104 105 105 105 105 106
77 80 81 82 82 83 84 84 85 85 86 86 88 90 91 93 94 96 96 95 94 93 93 92 92 93 94 96 96 97 97 97 99 100 101 101 101 100 99 99 99 100 104 106 107 107 106 106 105 105 105 103 102 101 101 101 99 98 97 96 96 96 97 97 97 99 100 101 102 103 104 105 106 107 108 109 109 110 110
79 81 82 84 84 85 85 86 86 86 87 88 89 91 92 94 95 96 96 96 95 94 93 92 92 93 95 96 97 98 98 98 99 100 101 102 102 101 100 100 101 103 105 107 107 106 105 105 105 104 103 102 101 101 102 102 100 99 98 98 99 98 98 98 99 100 101 103 104 105 107 108 109 110 111 111 112 112 112
81 83 84 85 86 87 87 87 88 87 87 89 90 91 93 95 96 96 96 96 96 94 93 92 92 94 95 97 98 99 99 99 100 101 102 102 102 102 102 101 103 105 107 107 106 105 103 104 104 103 102 100 100 101 102 103 101 101 100 101 101 100 99 99 100 101 103 104 106 108 110 111 112 113 113 113 113 114 114
83 85 86 87 89 89 89 89 89 89 89 90 91 92 94 95 96 97 97 97 97 95 94 93 93 94 95 97 98 98 98 99 99 101 102 103 104 104 104 104 105 106 106 105 105 104 102 102 101 101 100 99 100 101 102 103 102 102 102 102 102 101 100 100 100 101 103 106 108 110 113 114 114 114 114 114 114 115 115
85 86 88 89 91 91 91 91 91 90 90 91 92 93 94 95 97 97 98 98 97 96 95 94 94 94 96 97 98 98 98 98 99 100 102 104 106 105 105 106 106 106 104 104 104 103 101 100 100 98 98 98 99 100 102 104 104 104 103 103 103 103 102 101 100 101 104 106 109 112 115 116 116 115 114 115 115 115 115
87 88 90 91 93 93 93 93 93 92 92 93 94 96 96 97 97 98 99 99 99 98 97 95 95 95 96 98 97 97 97 97 98 99 100 105 108 106 105 105 105 105 103 103 103 102 100 100 99 97 96 96 98 101 103 105 106 106 105 105 104 104 103 101 101 101 103 106 109 111 113 114 115 115 115 116 116 116 116
89 90 92 93 95 95 95 95 95 95 94 95 96 97 97 97 98 99 100 100 100 99 98 96 96 96 97 98 98 97 97 97 97 97 98 103 105 104 104 104 104 104 103 102 102 102 101 100 99 97 96 97 99 101 104 106 107 107 106 105 105 104 103 102 101 101 102 104 107 110 112 113 114 115 116 117 117 118 118
90 91 93 95 97 98 98 98 98 97 97 97 98 98 98 98 99 99 101 100 99 98 98 97 97 98 98 99 98 98 98 97 96 95 95 96 98 101 102 102 103 104 103 102 103 102 102 101 100 99 98 98 100 102 104 106 107 107 106 105 104 103 103 102 101 100 101 102 106 109 111 113 114 115 116 117 118 119 119
