tests/testthat/test_data/rstack/dec_temp.asc
ncols         147
nrows         127
xllcorner     -90.06084375
yllcorner     23.864697408444
cellsize      0.096253424
NODATA_value  -9999
[rows 33 to 65 of 127, columns 0 to 73 of 147]
9.920161 9.862263 9.764842 9.6625 9.546996 9.472489 9.432821 9.425247 9.428323 9.467991 9.50766 9.547329 9.584846 9.621012 9.71126 9.793935 9.793935 9.786344 9.768261 9.762624 9.762624 9.835176 9.919945 10.03545 10.11352 10.15319 10.13239 10.0957 10.15345 10.18207 10.14241 10.09247 10.03472 9.928696 9.823359 9.805277 9.84374 9.977327 10.02525 10.02525 9.989159 9.970697 10.05003 10.06814 10.01039 9.939705 9.86387 9.766804 9.698493 9.716577 9.785365 9.900868 10.00211 10.09497 10.11306 10.14407 10.20182 10.25957 10.31732 10.4249 10.52525 10.52525 10.58727 10.74244 10.8446 10.92044 10.88809 10.83658 10.73916 10.69809 10.71968 10.79753 10.89412 10.91221
10.03567 9.97789 9.913822 9.835755 9.720252 9.663776 9.657461 9.656255 9.656745 9.66306 9.669376 9.675693 9.741336 9.844208 9.91282 9.967191 9.967191 9.945598 9.894161 9.878127 9.878127 9.98259 10.0932 10.2087 10.27031 10.27662 10.27331 10.26896 10.32671 10.3653 10.35899 10.32348 10.26573 10.1597 10.05089 9.999451 10.02943 10.19637 10.25626 10.25626 10.25051 10.24757 10.2602 10.2414 10.18364 10.08911 9.979921 9.915112 9.880155 9.93159 10.01637 10.13188 10.2068 10.27014 10.32158 10.37507 10.43283 10.49058 10.54833 10.65591 10.75626 10.75626 10.80494 10.92676 11.04014 11.14933 11.15034 11.13218 11.06811 11.01302 10.9679 11.00379 11.06773 11.11916
10.17811 10.09342 10.03567 9.969554 9.881087 9.82583 9.798793 9.793632 9.793632 9.793632 9.81234 9.866414 9.941621 10.03009 10.11531 10.18317 10.15613 10.12755 10.09684 10.06865 10.04162 10.15095 10.26037 10.34883 10.40698 10.43402 10.44045 10.44304 10.52783 10.58726 10.58726 10.55449 10.49674 10.41331 10.32805 10.2703 10.28859 10.43481 10.53928 10.62039 10.57852 10.52926 10.50222 10.44939 10.3646 10.27718 10.18872 10.13046 10.10863 10.19342 10.30827 10.45081 10.54779 10.62792 10.6316 10.6529 10.71065 10.7202 10.69684 10.76996 10.85746 10.93857 11.00101 11.0354 11.14205 11.28459 11.31895 11.32306 11.23827 11.17909 11.14837 11.1833 11.24105 11.2988
10.32158 10.20891 10.14852 10.08885 10.0311 9.976198 9.923721 9.913703 9.913907 9.916545 9.95732 10.07019 10.14919 10.20694 10.31102 10.39662 10.34415 10.3126 10.30996 10.27302 10.22054 10.32373 10.42155 10.47666 10.53438 10.59477 10.61115 10.61715 10.73002 10.81071 10.81599 10.787 10.73188 10.67456 10.61709 10.56197 10.57047 10.68597 10.83851 11.01177 10.91993 10.81208 10.75169 10.66668 10.55118 10.47697 10.41922 10.36406 10.35128 10.46415 10.60845 10.7817 10.9094 11.01511 10.95999 10.93822 10.98542 10.93906 10.82883 10.86353 10.93575 11.10373 11.18465 11.13481 11.22874 11.39408 11.45866 11.48197 11.37174 11.3137 11.3137 11.35655 11.4143 11.47206
10.40386 10.32429 10.23055 10.1466 10.08885 10.07001 10.08424 10.08696 10.08975 10.12574 10.17679 10.2563 10.32244 10.3802 10.42538 10.46447 10.4787 10.47185 10.43586 10.43443 10.44866 10.49092 10.52954 10.5513 10.60859 10.70234 10.75207 10.78939 10.8689 10.94616 11.01814 11.03693 11.01517 10.96332 10.90933 10.88757 10.91698 11.03249 11.18502 11.35828 11.2361 11.09489 11.00115 10.89769 10.78218 10.70798 10.65023 10.62787 10.63164 10.71115 10.83945 11.01271 11.1404 11.24803 11.22627 11.18351 11.09729 11.03645 10.99293 11.03679 11.10025 11.20152 11.28239 11.33261 11.3929 11.45818 11.51641 11.5534 11.50987 11.48696 11.48696 11.52981 11.58756 11.64531
10.48916 10.41969 10.31577 10.22758 10.18142 10.18517 10.23133 10.24952 10.26469 10.32244 10.3802 10.43795 10.48858 10.53474 10.54014 10.54713 10.59329 10.60556 10.57099 10.59198 10.63815 10.65123 10.66021 10.66021 10.70579 10.79811 10.86408 10.92219 10.99153 11.07121 11.17513 11.21349 11.2019 11.1711 11.14014 11.14014 11.18321 11.29871 11.42895 11.56743 11.4434 11.29949 11.18398 11.06848 10.95298 10.88706 10.8409 10.85154 10.87477 10.93252 11.04436 11.20602 11.33127 11.43881 11.41563 11.3511 11.20103 11.14014 11.14014 11.18997 11.24924 11.31859 11.40175 11.50566 11.5324 11.52081 11.57416 11.62245 11.63404 11.64563 11.65722 11.70306 11.7607 11.80686
10.58014 10.47756 10.407 10.35216 10.33935 10.34039 10.3532 10.39201 10.43795 10.4957 10.55345 10.6112 10.64134 10.65415 10.65565 10.65759 10.67039 10.69131 10.72345 10.74229 10.75509 10.79865 10.83347 10.83347 10.84611 10.87173 10.92184 10.98096 11.08366 11.17674 11.2473 11.25232 11.20737 11.22686 11.25565 11.25565 11.29871 11.41421 11.48029 11.51871 11.44633 11.35724 11.24174 11.12623 11.01073 10.96867 10.95586 10.99985 11.04803 11.10578 11.20025 11.32856 11.44677 11.55049 11.4606 11.37283 11.28947 11.25565 11.25565 11.30547 11.36912 11.47182 11.56167 11.63223 11.62562 11.58067 11.63191 11.68704 11.73198 11.77693 11.82187 11.87632 11.9336 11.94641
10.68086 10.60651 10.54876 10.50673 10.50673 10.50673 10.50673 10.55345 10.60961 10.64682 10.69824 10.77654 10.81935 10.8399 10.82416 10.80673 10.80673 10.83097 10.88872 10.90673 10.90673 10.92267 10.93095 10.9104 10.92028 10.96137 11.01516 11.07405 11.16901 11.2467 11.28391 11.29055 11.27388 11.28508 11.30429 11.34538 11.39889 11.47331 11.48682 11.46628 11.41189 11.34384 11.22834 11.12201 11.02705 11 11 11.07701 11.16049 11.25933 11.35615 11.45111 11.52986 11.59455 11.49959 11.42345 11.38624 11.37115 11.37115 11.4387 11.51919 11.61415 11.69423 11.75198 11.73256 11.67481 11.706 11.75163 11.82993 11.8985 11.95625 12.014 12.07115 12.07115
10.78766 10.77977 10.72202 10.67998 10.67998 10.67998 10.67998 10.72671 10.78028 10.78413 10.82528 10.93693 11.0131 11.067 11.02572 10.97998 10.97998 11.00423 11.06198 11.07998 11.07998 11.0321 10.98119 10.92729 10.95321 11.06101 11.13067 11.18854 11.25014 11.29448 11.29833 11.3284 11.37844 11.34482 11.31125 11.41905 11.48953 11.49724 11.46544 11.41154 11.35413 11.28609 11.17059 11.07916 11.01755 11 11 11.10982 11.23505 11.4006 11.51205 11.57365 11.59274 11.59646 11.53486 11.49207 11.48822 11.48665 11.48665 11.58298 11.68807 11.74967 11.80974 11.86749 11.84807 11.79032 11.79026 11.81622 11.92787 12.014 12.07175 12.1295 12.18665 12.18665
10.90216 10.90195 10.84419 10.81019 10.83969 10.86919 10.89868 10.95104 11.0066 11.0361 11.07495 11.13145 11.18872 11.24648 11.22829 11.20432 11.20432 11.20379 11.20255 11.20216 11.20216 11.11868 11.03143 10.94418 10.97158 11.11658 11.19509 11.25194 11.2802 11.30882 11.33832 11.36711 11.39536 11.37638 11.35698 11.41348 11.43792 11.40842 11.37972 11.35147 11.32322 11.28467 11.19867 11.13846 11.11021 11.10216 11.10216 11.18675 11.29474 11.468 11.59649 11.68374 11.67889 11.64946 11.62121 11.60216 11.60216 11.61969 11.64919 11.72744 11.80974 11.86749 11.92524 11.98299 11.96357 11.90582 11.90216 11.91979 12.0058 12.09239 12.17964 12.24501 12.30247 12.33196
11.01766 11.01747 10.96482 10.9436 11.00645 11.06655 11.1243 11.18205 11.2398 11.29755 11.33356 11.32846 11.35884 11.4115 11.41766 11.41689 11.41179 11.38887 11.34132 11.32649 11.32649 11.21599 11.10048 10.98498 11.00698 11.17004 11.25284 11.30899 11.31409 11.33341 11.38606 11.40883 11.40883 11.41309 11.41766 11.41766 11.39803 11.34538 11.32322 11.31812 11.31766 11.30828 11.25563 11.22649 11.22649 11.22649 11.22649 11.27828 11.36004 11.5282 11.6716 11.79221 11.7721 11.71766 11.71766 11.71766 11.71766 11.75198 11.80974 11.86749 11.92524 11.98299 12.03871 12.09136 12.07025 12.01249 12.01361 12.02846 12.08111 12.16352 12.27903 12.35546 12.41821 12.47086
11.13317 11.13309 11.1138 11.12593 11.22214 11.29755 11.35531 11.41306 11.47081 11.52856 11.55303 11.51458 11.51161 11.53091 11.53317 11.52735 11.48889 11.47462 11.49378 11.49975 11.49975 11.38924 11.27374 11.15824 11.14731 11.24366 11.3106 11.36776 11.40621 11.43894 11.45824 11.46658 11.46658 11.49873 11.53317 11.53317 11.52597 11.50667 11.47509 11.43664 11.43317 11.42973 11.41043 11.39975 11.39975 11.39975 11.39975 11.41873 11.46714 11.60194 11.74671 11.90067 11.8876 11.83317 11.83317 11.83317 11.83317 11.86749 11.92524 11.98299 12.04074 12.0985 12.14088 12.16018 12.128 12.07025 12.1026 12.13712 12.15642 12.22127 12.33678 12.43796 12.53337 12.55267
11.259 11.27306 11.28711 11.32495 11.4264 11.49663 11.54033 11.5954 11.65315 11.7109 11.73355 11.68985 11.67301 11.67301 11.67301 11.66639 11.62269 11.61569 11.65938 11.67301 11.67301 11.5625 11.45016 11.34871 11.32585 11.3836 11.43064 11.47391 11.50355 11.52433 11.52433 11.53231 11.54636 11.59695 11.64867 11.64867 11.64867 11.64867 11.62065 11.57695 11.58579 11.59484 11.58078 11.57301 11.57301 11.57301 11.57301 11.58683 11.62291 11.72436 11.85587 12.01507 12.00311 11.94867 11.94867 11.95325 11.9673 11.99897 12.04267 12.08637 12.13376 12.20556 12.24305 12.229 12.18575 12.128 12.17842 12.2301 12.25821 12.31439 12.40178 12.49961 12.60015 12.6142
11.39903 11.44644 11.49384 11.54688 11.61498 11.65185 11.6622 11.7109 11.76865 11.8264 11.86059 11.85025 11.84626 11.84626 11.84626 11.8447 11.83435 11.83269 11.84304 11.84626 11.84626 11.73576 11.63093 11.56283 11.55686 11.61461 11.63623 11.64513 11.60807 11.58209 11.58209 11.60899 11.65639 11.71245 11.76417 11.76417 11.76417 11.76417 11.75754 11.7472 11.78939 11.8199 11.77249 11.74626 11.74626 11.74626 11.74626 11.79289 11.84551 11.91361 12.01176 12.13761 12.11861 12.06417 12.06417 12.07962 12.12703 12.15241 12.16275 12.1731 12.19589 12.30104 12.34523 12.29782 12.2435 12.18575 12.23618 12.30153 12.39634 12.45606 12.47675 12.53261 12.60049 12.6479
11.57889 11.65957 11.71732 11.76881 11.80356 11.81952 11.81952 11.84763 11.88416 11.94191 11.98764 12.01065 12.00538 11.98237 11.99999 12.01603 11.99303 11.97968 11.97968 11.99551 12.01852 11.93102 11.84635 11.7886 11.77651 11.81125 11.78445 11.73878 11.70403 11.68656 11.70957 11.73923 11.77398 11.82795 11.87968 11.87968 11.87968 11.87968 11.87968 11.87968 11.93222 11.97349 11.93874 11.91952 11.91952 11.93597 11.95898 11.9709 12.00003 12.08079 12.16766 12.26016 12.25227 12.21952 12.21952 12.23834 12.29609 12.30584 12.28284 12.27968 12.28578 12.33226 12.34627 12.31153 12.29216 12.28042 12.33377 12.40336 12.51887 12.59057 12.61358 12.66237 12.71988 12.75462
11.77667 11.89058 11.94833 11.99074 11.99213 11.99277 11.99277 11.9939 11.99966 12.05741 12.11468 12.17104 12.15814 12.10178 12.14494 12.18424 12.12788 12.09518 12.09518 12.13397 12.19033 12.13619 12.07736 12.01961 11.99105 11.99244 11.90687 11.79755 11.79616 11.81203 11.86839 11.89356 11.89495 11.94346 11.99518 11.99518 11.99518 11.99518 11.99518 11.99518 12.04772 12.09493 12.09354 12.09277 12.09277 12.13308 12.18944 12.1363 12.12394 12.23805 12.32356 12.3827 12.39408 12.39277 12.39277 12.41159 12.46934 12.45928 12.40292 12.39518 12.38815 12.33457 12.30185 12.30046 12.33673 12.3917 12.44927 12.51887 12.63437 12.72187 12.77823 12.83562 12.89279 12.89418
12.0063 12.1217 12.21142 12.26802 12.23605 12.20409 12.17213 12.16603 12.17051 12.22826 12.28601 12.34376 12.33054 12.27279 12.31702 12.35729 12.29954 12.27945 12.31141 12.36112 12.41887 12.3967 12.35651 12.2668 12.18982 12.12589 12.04702 11.96603 11.96603 11.97374 11.99953 12.01069 12.01069 12.08568 12.16603 12.16603 12.16603 12.16603 12.18653 12.21849 12.24483 12.26603 12.26603 12.2803 12.31227 12.31696 12.31079 12.31676 12.34243 12.42597 12.49609 12.55384 12.56603 12.56603 12.56603 12.57443 12.60022 12.59536 12.56957 12.53845 12.49891 12.4092 12.35534 12.35534 12.39393 12.45168 12.53937 12.63437 12.74987 12.83803 12.89578 12.95354 13.01069 13.01069
12.2373 12.35281 12.46831 12.53666 12.47891 12.42116 12.36341 12.35238 12.35627 12.40646 12.45665 12.50684 12.50464 12.46958 12.50979 12.54364 12.48589 12.47345 12.52364 12.57383 12.62402 12.62619 12.60188 12.49394 12.38227 12.26676 12.19527 12.13928 12.13928 12.13928 12.13928 12.13928 12.13928 12.22952 12.32619 12.32619 12.33183 12.34695 12.38456 12.43475 12.44616 12.45238 12.45238 12.47142 12.51405 12.4903 12.44011 12.49609 12.55384 12.61159 12.66541 12.7156 12.72619 12.72619 12.72619 12.72865 12.73622 12.73479 12.72723 12.66984 12.59893 12.49099 12.42921 12.43677 12.47787 12.53562 12.64038 12.74987 12.86538 12.95712 13.02243 13.08213 13.13928 13.13928
12.46831 12.58381 12.69932 12.76767 12.70992 12.65217 12.59441 12.58339 12.58469 12.60153 12.61837 12.6352 12.68163 12.74662 12.7691 12.77465 12.71689 12.69046 12.70729 12.72413 12.74096 12.74169 12.7249 12.65031 12.55552 12.44002 12.36853 12.31254 12.31254 12.31254 12.31254 12.31254 12.31254 12.37489 12.44169 12.44169 12.4722 12.55403 12.59418 12.61102 12.64976 12.68339 12.68339 12.67263 12.64855 12.62965 12.61282 12.66934 12.7271 12.78485 12.8213 12.83814 12.84169 12.84169 12.84169 12.85503 12.89594 12.88822 12.84731 12.75657 12.66106 12.58647 12.55805 12.59896 12.65113 12.70888 12.7824 12.86538 12.98088 13.08841 13.18708 13.25539 13.31254 13.31254
12.67072 12.78622 12.90173 12.97457 12.93334 12.88317 12.82542 12.81439 12.81311 12.7966 12.7858 12.7858 12.84662 12.94561 12.94261 12.92486 12.90014 12.8858 12.8858 12.89716 12.91368 12.89859 12.86907 12.7948 12.70833 12.60935 12.55437 12.51439 12.51439 12.50946 12.49294 12.49517 12.51168 12.54886 12.58752 12.60404 12.6513 12.75029 12.7858 12.7858 12.82331 12.86014 12.87666 12.86738 12.82614 12.80258 12.78607 12.85884 12.92479 12.96602 12.9858 12.9858 12.9858 12.9858 12.9858 12.99385 13.01857 13.00409 12.96286 12.87179 12.77822 12.72047 12.70228 12.74351 12.79578 12.85354 12.92676 13.01287 13.14489 13.26127 13.36025 13.4409 13.51439 13.51439
12.84398 12.95948 13.07498 13.15691 13.14902 13.11418 13.05643 13.0454 13.04154 12.99167 12.95905 12.95905 12.99938 13.06502 13.02867 12.99271 13.03469 13.05905 13.05905 13.09338 13.14324 13.09769 13.03482 12.9272 12.8403 12.77467 12.75304 12.7454 12.7454 12.73049 12.68062 12.68735 12.73722 12.75199 12.76426 12.81413 12.86987 12.93551 12.95905 12.95905 12.96622 12.98159 13.03146 13.05553 13.04765 13.00974 12.95987 13.0649 13.14739 13.15527 13.15905 13.15905 13.15905 13.15905 13.15905 13.14537 13.10338 13.08167 13.07378 13.01607 12.95147 12.89372 12.8622 12.87008 12.91129 12.96904 13.0735 13.19296 13.35833 13.47648 13.54212 13.6389 13.7454 13.7454
13.01723 13.13264 13.22267 13.29514 13.32061 13.30109 13.24333 13.2117 13.1857 13.15342 13.13231 13.13231 13.15214 13.18443 13.1597 13.14105 13.1988 13.243 13.26847 13.29863 13.33091 13.25269 13.16793 13.0779 13.01637 12.98409 12.97641 12.97719 13.00266 13.00324 12.94549 12.93883 12.97111 12.97641 12.98244 13.04019 13.08845 13.12073 13.13231 13.13231 13.13231 13.13806 13.17034 13.18821 13.18821 13.16512 13.13284 13.22086 13.28821 13.28821 13.28821 13.28821 13.28821 13.28821 13.28821 13.26109 13.17787 13.15924 13.18471 13.16035 13.12807 13.09579 13.08659 13.11206 13.1591 13.21685 13.32869 13.45604 13.62929 13.74786 13.80561 13.88731 13.97614 13.95068
13.1897 13.30393 13.36275 13.4207 13.47631 13.47063 13.41288 13.35513 13.30194 13.30301 13.30371 13.30371 13.30371 13.30371 13.30371 13.31245 13.3702 13.4275 13.48419 13.50259 13.50366 13.3932 13.2907 13.23295 13.20424 13.20531 13.2072 13.211 13.26768 13.29047 13.23379 13.20927 13.20927 13.20838 13.21322 13.26883 13.30411 13.30518 13.30556 13.30556 13.30459 13.3039 13.30497 13.30556 13.30556 13.3048 13.30373 13.35946 13.40212 13.4032 13.40427 13.40534 13.40472 13.40365 13.40258 13.36491 13.25155 13.23925 13.29593 13.30556 13.30742 13.30742 13.33093 13.38975 13.44857 13.5074 13.62131 13.75058 13.92491 14.04302 14.09863 14.15345 14.20682 14.14907
13.33843 13.41955 13.51173 13.5758 13.5647 13.52839 13.47063 13.41288 13.36228 13.3967 13.41921 13.41921 13.41921 13.41921 13.41921 13.42795 13.48571 13.52901 13.55233 13.5833 13.61772 13.50871 13.40621 13.34846 13.33621 13.37063 13.43129 13.49874 13.52207 13.53145 13.50812 13.49803 13.49803 13.46926 13.43727 13.42617 13.43205 13.46647 13.47882 13.47882 13.4475 13.42535 13.45977 13.47882 13.47882 13.4542 13.41978 13.44216 13.46828 13.50271 13.53713 13.57155 13.55166 13.51724 13.48281 13.4444 13.39775 13.39268 13.41601 13.47861 13.53843 13.53843 13.57527 13.66744 13.75962 13.85179 14.0303 14.21943 14.42711 14.5312 14.52011 14.48347 14.43782 14.38007
13.49454 13.55239 13.63782 13.68701 13.63928 13.58072 13.51294 13.46138 13.42261 13.49039 13.53472 13.53472 13.53472 13.53472 13.52587 13.52458 13.57231 13.60842 13.62847 13.66757 13.71529 13.61644 13.52623 13.48852 13.49794 13.55569 13.64982 13.75238 13.76241 13.76943 13.76943 13.76374 13.75372 13.71218 13.66341 13.60565 13.59097 13.64872 13.66943 13.66943 13.61689 13.57794 13.62567 13.65207 13.65207 13.61794 13.57022 13.55957 13.56663 13.62438 13.68213 13.73989 13.70651 13.64934 13.60161 13.56617 13.55614 13.55208 13.55208 13.64308 13.73866 13.76874 13.82895 13.93443 14.0533 14.17883 14.39376 14.61475 14.83573 14.92948 14.88175 14.78373 14.66883 14.61108
13.66779 13.72528 13.71065 13.69609 13.68171 13.62044 13.51931 13.48837 13.48295 13.58408 13.65022 13.65022 13.65022 13.65022 13.61192 13.57729 13.59166 13.63642 13.72318 13.76011 13.77449 13.70611 13.65675 13.68575 13.72895 13.7867 13.85541 13.92666 13.97003 14.00044 14.00044 13.97583 13.93245 13.91331 13.89441 13.83666 13.82197 13.87972 13.90044 13.90044 13.8479 13.803 13.81738 13.82533 13.82533 13.81505 13.80068 13.75778 13.73989 13.79764 13.85539 13.91314 13.87977 13.82451 13.81013 13.78631 13.74293 13.72533 13.72533 13.78756 13.8673 13.99743 14.10438 14.17651 14.30659 14.46548 14.65128 14.83891 15.02654 15.11852 15.10415 15.01474 14.89984 14.84209
13.80399 13.89837 13.84062 13.78826 13.7503 13.68068 13.58415 13.54137 13.50896 13.62446 13.7 13.7 13.7 13.7 13.64901 13.6 13.6 13.64849 13.76399 13.8 13.8 13.74475 13.73616 13.85545 13.9271 13.98485 13.99907 14.00176 14.05952 14.1 14.1 14.06723 14.00948 14 13.99397 13.93622 13.92153 13.97928 14 14 13.94746 13.91439 13.97495 13.99859 13.99859 13.99859 13.99859 13.94178 13.90836 13.94713 14.00566 14.08239 14.05302 13.99859 13.99859 13.98595 13.94718 13.93145 13.93145 13.98128 14.05169 14.20597 14.32167 14.37942 14.51435 14.6876 14.84308 14.99736 15.15164 15.24185 15.26083 15.19411 15.09779 15.02106
-9999 14.07163 14.01388 13.94336 13.83869 13.75646 13.69329 13.66744 -9999 -9999 -9999 -9999 -9999 -9999 -9999 -9999 -9999 -9999 -9999 -9999 -9999 -9999 -9999 -9999 -9999 -9999 -9999 -9999 -9999 -9999 -9999 -9999 -9999 -9999 -9999 -9999 -9999 -9999 -9999 -9999 -9999 -9999 -9999 14.17184 14.17184 14.17184 14.17184 14.11504 14.07321 14.07863 14.13853 14.24861 14.22628 14.17184 14.17184 14.17008 14.16466 14.16246 14.16246 14.21228 14.27832 14.39925 14.49492 14.55268 14.6876 14.86086 14.9851 15.10602 15.22695 15.31539 15.36772 15.33436 15.2707 15.16061
-9999 14.29315 14.20746 14.11479 -9999 -9999 -9999 -9999 -9999 -9999 -9999 -9999 -9999 -9999 -9999 -9999 -9999 -9999 -9999 -9999 -9999 -9999 -9999 -9999 -9999 -9999 -9999 -9999 -9999 -9999 -9999 -9999 -9999 -9999 -9999 -9999 -9999 -9999 -9999 -9999 -9999 -9999 -9999 -9999 -9999 -9999 14.34438 14.31577 14.29346 14.29346 14.32451 14.38414 14.35117 14.29834 14.32627 14.3451 14.3451 14.3617 14.38963 14.44329 14.50496 14.59253 14.66818 14.72593 14.84219 14.98752 15.10491 15.20896 15.2686 15.32735 15.3851 15.3986 15.39582 15.30825
-9999 14.51793 14.40242 14.31927 -9999 -9999 -9999 -9999 -9999 -9999 -9999 -9999 -9999 -9999 -9999 -9999 -9999 -9999 -9999 -9999 -9999 -9999 -9999 -9999 -9999 -9999 -9999 -9999 -9999 -9999 -9999 -9999 -9999 -9999 -9999 -9999 -9999 -9999 -9999 -9999 -9999 -9999 -9999 -9999 -9999 -9999 -9999 -9999 -9999 14.51835 14.51835 14.51835 14.47558 14.42758 14.4818 14.51835 14.51835 14.55268 14.61043 -9999 -9999 -9999 -9999 -9999 -9999 15.10492 15.22042 15.31224 15.31224 15.33791 15.39213 15.44635 15.49944 15.44522
14.83469 14.69118 14.57568 14.48186 14.43309 14.36878 14.31103 14.21638 -9999 -9999 -9999 -9999 -9999 -9999 -9999 -9999 -9999 -9999 -9999 -9999 -9999 -9999 -9999 -9999 -9999 -9999 -9999 -9999 -9999 -9999 -9999 -9999 -9999 -9999 -9999 -9999 -9999 -9999 -9999 -9999 -9999 -9999 -9999 -9999 -9999 -9999 -9999 -9999 -9999 14.69161 14.69161 14.69161 14.67515 14.65668 14.67754 14.69161 14.69161 14.72593 14.78368 -9999 -9999 -9999 -9999 -9999 -9999 15.2233 15.33592 15.42774 15.42774 15.43762 15.45849 15.47935 15.49978 15.47892
14.94588 14.84286 14.73985 14.63343 -9999 -9999 -9999 -9999 -9999 -9999 -9999 -9999 -9999 -9999 -9999 -9999 -9999 -9999 -9999 -9999 -9999 -9999 -9999 -9999 -9999 -9999 -9999 -9999 -9999 -9999 -9999 -9999 -9999 -9999 -9999 -9999 -9999 -9999 -9999 -9999 -9999 -9999 -9999 -9999 -9999 -9999 -9999 -9999 -9999 14.84989 14.86487 14.86487 -9999 -9999 -9999 -9999 -9999 -9999 -9999 -9999 -9999 -9999 -9999 -9999 -9999 -9999 -9999 15.54324 15.54324 15.54324 15.54324 15.54324 15.54324 15.54324
15.02815 14.95849 14.88883 14.80669 -9999 -9999 -9999 -9999 -9999 -9999 -9999 -9999 -9999 -9999 -9999 -9999 -9999 -9999 -9999 -9999 -9999 -9999 -9999 -9999 -9999 -9999 -9999 -9999 -9999 -9999 -9999 -9999 -9999 -9999 -9999 -9999 -9999 -9999 -9999 -9999 -9999 -9999 -9999 -9999 -9999 -9999 -9999 -9999 -9999 15.02069 15.03812 15.03812 -9999 -9999 -9999 -9999 -9999 -9999 -9999 -9999 -9999 -9999 -9999 -9999 -9999 -9999 -9999 15.65875 15.65875 15.65875 15.65875 15.65875 15.65875 15.65875
