tests/testthat/test_data/rstack/dec_prec.asc
ncols         147
nrows         127
xllcorner     -90.06084375
yllcorner     23.864697408444
cellsize      0.096253424
NODATA_value  -9999
[rows 36 to 71 of 127, columns 0 to 79 of 147]
160 160 158 157 155 155 154 153 153 154 154 153 153 153 152 152 150 148 146 144 143 143 143 144 145 146 147 148 148 148 149 149 150 150 150 150 150 149 148 146 146 146 145 145 145 145 145 145 146 145 144 143 142 142 140 138 137 137 136 134 133 131 130 129 128 128 127 125 123 121 119 117 115 113 112 112 112 111 111 111
159 159 157 156 155 154 153 153 152 153 153 152 152 152 153 152 151 149 147 146 145 145 144 145 146 146 147 148 148 148 148 148 148 148 148 148 147 147 146 144 144 144 144 144 144 144 144 144 143 142 141 140 139 138 137 136 136 135 134 133 131 129 128 127 127 126 125 124 121 119 117 115 112 111 111 110 110 110 109 109
158 158 157 156 154 153 152 152 152 152 152 152 152 152 153 153 151 150 149 147 146 146 146 146 147 147 148 148 148 148 148 148 147 147 147 146 145 144 144 142 142 142 143 143 143 143 143 142 141 140 138 137 135 134 134 134 134 134 132 131 129 127 126 125 125 124 123 122 119 117 115 112 110 110 109 109 109 109 108 108
158 158 157 156 154 153 151 151 151 152 152 152 152 152 153 153 152 151 149 148 148 147 147 147 148 148 148 148 148 148 147 147 147 146 145 144 143 142 141 141 141 141 141 142 142 142 142 141 140 138 137 135 134 133 133 133 133 132 130 129 127 126 124 123 123 122 121 119 117 115 112 110 108 108 108 108 107 107 107 107
159 158 157 156 154 153 152 151 151 152 152 152 152 152 153 153 153 152 150 149 148 148 148 148 148 148 148 148 148 148 147 147 146 145 144 143 141 140 139 138 139 140 141 142 142 143 142 141 139 137 135 134 133 132 131 131 131 130 128 127 125 124 122 121 120 120 118 117 115 112 110 108 106 106 106 106 106 106 106 106
160 159 158 157 155 154 152 152 152 152 152 152 152 152 153 153 153 152 151 150 149 149 149 149 149 149 149 148 147 147 147 146 145 144 143 141 139 137 136 135 137 139 141 142 144 143 143 141 138 136 134 132 132 131 130 130 129 128 126 125 123 122 121 119 118 117 116 115 112 109 108 106 105 105 105 105 105 105 105 105
161 160 159 158 156 155 153 153 152 152 152 152 153 153 153 153 153 153 152 151 150 150 150 150 150 150 149 148 148 147 147 146 145 144 142 140 138 136 135 134 136 137 139 141 143 143 142 140 138 136 134 132 131 130 130 129 127 126 124 122 121 119 118 116 115 114 113 112 110 108 106 105 104 104 104 104 104 104 104 104
162 161 160 159 157 156 154 153 152 152 152 153 153 153 154 154 153 153 152 152 151 151 151 152 151 150 149 148 148 148 146 145 144 143 142 139 137 135 134 133 135 136 138 140 142 142 141 139 137 135 133 131 130 130 129 127 125 124 122 120 118 117 115 113 112 112 111 109 108 107 105 104 104 104 104 104 104 104 104 103
163 162 161 160 158 156 155 154 153 152 152 153 153 154 155 155 154 153 153 152 151 151 152 152 152 151 150 149 148 147 146 145 144 142 140 139 137 135 134 133 134 136 137 138 139 139 138 137 136 134 132 131 130 129 127 126 124 122 120 118 116 114 113 111 110 109 108 107 106 106 105 104 103 103 103 104 104 104 104 103
164 163 162 161 159 157 156 154 153 152 152 153 154 155 155 155 154 154 153 152 151 151 152 152 151 151 150 149 148 147 146 145 144 142 140 138 136 135 134 133 134 135 136 136 136 136 136 135 134 133 132 130 129 128 126 125 122 120 118 116 114 112 110 109 108 107 106 105 105 104 104 103 103 103 103 104 104 104 103 103
164 163 162 161 159 157 156 155 153 153 153 154 154 155 155 155 155 154 153 152 151 151 151 151 151 150 149 148 147 147 146 145 143 142 140 138 136 135 134 133 133 133 134 134 134 133 133 133 132 132 131 129 128 127 125 123 120 118 116 113 111 109 108 107 106 106 104 103 103 103 103 103 103 103 103 103 103 103 103 103
164 163 162 161 159 158 156 155 153 153 153 153 154 155 155 155 155 154 153 152 151 151 151 150 150 148 148 148 147 146 146 144 143 141 139 138 136 135 134 133 133 132 132 132 131 131 130 130 130 130 129 128 127 126 124 121 119 117 114 112 109 108 107 106 105 104 103 102 102 103 103 103 103 103 103 103 103 103 103 103
164 163 162 162 160 158 156 155 154 153 153 153 153 154 154 154 154 154 153 152 151 150 150 149 148 147 147 148 147 146 145 143 142 141 139 137 136 134 134 133 132 131 130 130 129 129 128 128 128 127 127 126 126 125 123 120 118 115 112 110 108 106 105 105 104 103 102 101 102 102 103 103 103 103 103 103 103 103 103 102
163 163 162 162 160 158 156 155 153 153 152 152 153 153 153 153 153 153 152 151 150 149 148 148 147 147 146 146 145 145 144 143 142 140 138 136 135 134 133 132 131 130 129 128 127 126 126 126 126 125 124 124 123 123 121 119 117 114 112 110 108 106 105 105 104 104 103 102 103 103 103 103 103 103 103 103 102 102 102 102
163 163 162 161 159 158 156 154 153 152 152 152 152 152 153 153 153 152 151 150 149 148 147 146 146 146 145 144 144 143 143 142 141 139 136 135 134 133 132 131 130 128 127 126 124 124 124 124 123 123 122 122 121 120 119 117 115 113 111 109 108 107 106 105 105 104 104 103 104 104 103 103 103 103 103 102 102 102 102 102
162 162 161 160 158 157 155 153 152 151 150 150 150 150 151 151 151 151 151 149 148 147 145 145 144 144 143 142 142 141 141 141 139 137 135 133 132 132 131 130 128 127 126 124 123 122 122 121 121 120 120 119 119 118 117 115 114 112 111 109 108 107 106 105 104 105 105 105 105 105 105 104 104 103 103 102 102 101 100 100
160 160 159 158 157 155 153 152 150 149 149 148 148 148 149 149 150 150 150 149 147 146 144 143 142 142 141 140 139 138 139 138 137 135 133 132 131 130 130 129 127 125 124 123 121 121 120 119 119 118 117 117 116 116 115 114 113 112 110 109 108 107 106 104 104 105 106 106 106 106 105 105 104 103 103 102 101 100 99 98
159 158 157 155 155 153 152 150 148 147 146 146 146 146 146 147 148 148 148 147 146 144 142 141 140 138 137 137 136 135 135 134 133 132 130 129 129 128 128 128 127 125 123 121 120 119 118 117 116 115 114 114 113 113 113 112 112 112 111 110 110 108 106 105 105 106 107 108 108 107 106 105 104 103 102 101 100 98 97 96
157 156 155 153 153 151 150 148 146 145 144 143 143 143 144 145 146 147 147 146 145 142 140 138 136 135 134 132 132 131 131 130 129 128 127 126 126 126 127 127 126 124 121 119 118 117 116 115 114 113 112 111 111 111 111 111 112 112 112 111 111 109 107 106 106 107 108 109 109 108 107 105 104 103 101 100 98 97 96 95
155 154 153 152 150 149 147 146 144 142 141 140 140 140 141 142 144 145 146 145 144 141 137 135 133 131 130 128 127 127 126 125 124 124 124 123 123 124 125 126 124 123 120 118 116 115 114 113 112 110 110 109 109 109 110 111 112 113 113 113 112 110 109 107 107 108 109 110 109 108 107 106 104 102 100 99 97 95 94 93
153 152 150 149 148 146 144 143 141 139 137 136 136 136 138 139 141 142 143 143 142 138 134 131 129 127 126 124 123 122 121 121 120 120 120 120 120 120 121 122 121 120 118 116 115 113 112 111 110 109 108 107 107 108 109 111 112 113 114 114 113 112 110 109 109 109 109 109 108 107 107 105 103 101 99 98 96 94 92 91
151 149 147 146 145 143 142 140 138 136 134 132 132 133 135 136 138 140 140 140 139 135 131 128 125 123 121 120 118 117 117 117 116 116 116 116 116 117 118 119 118 118 116 115 113 112 110 109 108 107 106 105 106 107 109 110 112 114 115 115 114 113 112 111 110 109 108 108 107 107 106 104 103 100 98 96 94 92 91 89
148 146 145 143 142 141 139 138 136 133 130 127 127 129 131 134 135 136 137 136 134 131 128 125 122 119 117 115 114 113 113 113 113 112 112 112 113 113 114 115 115 114 113 112 111 110 108 107 106 105 103 102 104 106 108 110 112 114 117 117 116 114 112 111 110 109 108 108 108 107 106 104 101 99 97 95 93 91 89 88
145 143 141 140 139 138 137 136 135 132 129 125 125 128 130 132 134 135 135 134 132 129 126 122 119 116 115 113 112 111 111 111 111 111 111 111 111 112 113 114 113 113 111 110 109 108 106 105 104 103 102 101 102 104 106 109 112 114 117 117 116 114 112 111 110 109 108 107 107 106 104 102 100 98 96 93 91 89 88 86
-9999 140 138 136 135 134 134 134 -9999 -9999 -9999 -9999 -9999 -9999 -9999 -9999 -9999 -9999 -9999 -9999 -9999 -9999 -9999 -9999 -9999 -9999 -9999 -9999 -9999 -9999 -9999 -9999 -9999 -9999 -9999 -9999 -9999 -9999 -9999 -9999 -9999 -9999 -9999 108 107 106 104 103 102 101 100 99 101 102 105 107 111 113 116 116 116 114 112 111 109 108 107 106 106 104 103 101 98 96 95 92 90 88 86 84
-9999 135 134 133 -9999 -9999 -9999 -9999 -9999 -9999 -9999 -9999 -9999 -9999 -9999 -9999 -9999 -9999 -9999 -9999 -9999 -9999 -9999 -9999 -9999 -9999 -9999 -9999 -9999 -9999 -9999 -9999 -9999 -9999 -9999 -9999 -9999 -9999 -9999 -9999 -9999 -9999 -9999 -9999 -9999 -9999 103 102 101 100 99 99 100 101 103 106 109 111 113 114 113 112 111 110 108 107 106 105 104 103 101 99 97 95 93 91 89 87 85 83
-9999 131 130 129 -9999 -9999 -9999 -9999 -9999 -9999 -9999 -9999 -9999 -9999 -9999 -9999 -9999 -9999 -9999 -9999 -9999 -9999 -9999 -9999 -9999 -9999 -9999 -9999 -9999 -9999 -9999 -9999 -9999 -9999 -9999 -9999 -9999 -9999 -9999 -9999 -9999 -9999 -9999 -9999 -9999 -9999 -9999 -9999 -9999 98 98 98 99 100 102 105 107 109 110 -9999 -9999 -9999 -9999 -9999 -9999 106 105 104 102 101 99 98 96 94 91 90 88 86 84 82
126 126 126 125 124 123 122 122 -9999 -9999 -9999 -9999 -9999 -9999 -9999 -9999 -9999 -9999 -9999 -9999 -9999 -9999 -9999 -9999 -9999 -9999 -9999 -9999 -9999 -9999 -9999 -9999 -9999 -9999 -9999 -9999 -9999 -9999 -9999 -9999 -9999 -9999 -9999 -9999 -9999 -9999 -9999 -9999 -9999 97 97 96 97 98 101 103 105 106 108 -9999 -9999 -9999 -9999 -9999 -9999 104 103 102 101 99 98 96 94 92 90 88 86 84 82 80
123 122 122 122 -9999 -9999 -9999 -9999 -9999 -9999 -9999 -9999 -9999 -9999 -9999 -9999 -9999 -9999 -9999 -9999 -9999 -9999 -9999 -9999 -9999 -9999 -9999 -9999 -9999 -9999 -9999 -9999 -9999 -9999 -9999 -9999 -9999 -9999 -9999 -9999 -9999 -9999 -9999 -9999 -9999 -9999 -9999 -9999 -9999 96 95 95 -9999 -9999 -9999 -9999 -9999 -9999 -9999 -9999 -9999 -9999 -9999 -9999 -9999 -9999 -9999 100 99 98 96 94 93 91 89 87 85 83 81 78
120 118 118 118 -9999 -9999 -9999 -9999 -9999 -9999 -9999 -9999 -9999 -9999 -9999 -9999 -9999 -9999 -9999 -9999 -9999 -9999 -9999 -9999 -9999 -9999 -9999 -9999 -9999 -9999 -9999 -9999 -9999 -9999 -9999 -9999 -9999 -9999 -9999 -9999 -9999 -9999 -9999 -9999 -9999 -9999 -9999 -9999 -9999 95 95 94 -9999 -9999 -9999 -9999 -9999 -9999 -9999 -9999 -9999 -9999 -9999 -9999 -9999 -9999 -9999 99 98 97 95 93 91 89 87 85 83 81 79 77
117 116 116 116 -9999 -9999 -9999 -9999 -9999 -9999 -9999 -9999 -9999 -9999 -9999 -9999 -9999 -9999 -9999 -9999 -9999 -9999 -9999 -9999 -9999 -9999 -9999 -9999 -9999 -9999 -9999 -9999 -9999 -9999 -9999 -9999 -9999 -9999 -9999 -9999 -9999 -9999 -9999 -9999 -9999 -9999 -9999 -9999 -9999 95 94 93 -9999 -9999 -9999 -9999 -9999 -9999 -9999 -9999 -9999 -9999 -9999 -9999 -9999 -9999 -9999 98 97 95 94 92 90 88 86 84 82 80 78 76
115 114 114 113 -9999 -9999 -9999 -9999 -9999 -9999 -9999 -9999 -9999 -9999 -9999 -9999 -9999 -9999 -9999 -9999 -9999 -9999 -9999 -9999 -9999 -9999 -9999 -9999 -9999 -9999 -9999 -9999 -9999 -9999 -9999 -9999 -9999 -9999 -9999 -9999 -9999 -9999 -9999 -9999 -9999 -9999 -9999 -9999 -9999 -9999 -9999 -9999 -9999 -9999 -9999 -9999 -9999 -9999 -9999 -9999 -9999 -9999 -9999 -9999 -9999 -9999 -9999 -9999 -9999 94 92 91 89 87 85 83 81 79 77 75
113 112 112 111 -9999 -9999 -9999 -9999 -9999 -9999 -9999 -9999 -9999 -9999 -9999 -9999 -9999 -9999 -9999 -9999 -9999 -9999 -9999 -9999 -9999 -9999 -9999 -9999 -9999 -9999 -9999 -9999 -9999 -9999 -9999 -9999 -9999 -9999 -9999 -9999 -9999 -9999 -9999 -9999 -9999 -9999 -9999 -9999 -9999 -9999 -9999 -9999 -9999 -9999 -9999 -9999 -9999 -9999 -9999 -9999 -9999 -9999 -9999 -9999 -9999 -9999 -9999 -9999 -9999 -9999 91 90 88 86 84 82 81 79 77 75
111 111 110 110 -9999 -9999 -9999 -9999 -9999 -9999 -9999 -9999 -9999 -9999 -9999 -9999 -9999 -9999 -9999 -9999 -9999 -9999 -9999 -9999 -9999 -9999 -9999 -9999 -9999 -9999 -9999 -9999 -9999 -9999 -9999 -9999 -9999 -9999 -9999 -9999 -9999 -9999 -9999 -9999 -9999 -9999 -9999 -9999 -9999 -9999 -9999 -9999 -9999 -9999 -9999 -9999 -9999 -9999 -9999 -9999 -9999 -9999 -9999 -9999 -9999 -9999 -9999 -9999 -9999 -9999 90 89 87 85 83 82 80 78 77 75
-9999 -9999 -9999 -9999 -9999 -9999 -9999 -9999 105 105 -9999 -9999 -9999 -9999 -9999 -9999 -9999 -9999 -9999 -9999 -9999 -9999 -9999 -9999 -9999 -9999 -9999 -9999 -9999 -9999 -9999 -9999 -9999 -9999 -9999 -9999 -9999 -9999 -9999 -9999 -9999 -9999 -9999 -9999 -9999 -9999 -9999 -9999 -9999 -9999 -9999 -9999 -9999 -9999 -9999 -9999 -9999 -9999 -9999 -9999 -9999 -9999 -9999 -9999 -9999 -9999 -9999 -9999 -9999 -9999 -9999 -9999 86 85 83 81 80 78 77 75
-9999 -9999 -9999 -9999 -9999 -9999 -9999 -9999 104 104 -9999 -9999 -9999 -9999 -9999 -9999 -9999 -9999 -9999 -9999 -9999 -9999 -9999 -9999 -9999 -9999 -9999 -9999 -9999 -9999 -9999 -9999 -9999 -9999 -9999 -9999 -9999 -9999 -9999 -9999 -9999 -9999 -9999 -9999 -9999 -9999 -9999 -9999 -9999 -9999 -9999 -9999 -9999 -9999 -9999 -9999 -9999 -9999 -9999 -9999 -9999 -9999 -9999 -9999 -9999 -9999 -9999 -9999 -9999 -9999 -9999 -9999 86 84 82 81 79 78 76 75
