tests/testthat/test_data/rstack/dec_prec.asc
ncols         147
nrows         127
xllcorner     -90.06084375
yllcorner     23.864697408444
cellsize      0.096253424
NODATA_value  -9999
[rows 0 to 35 of 127, columns 0 to 79 of 147]
135 137 138 140 142 144 145 146 147 148 149 150 151 152 153 154 156 157 157 158 159 160 160 160 160 160 160 159 158 156 154 151 149 147 145 143 144 148 152 156 157 158 158 159 159 161 162 165 167 172 174 173 170 167 165 164 163 164 165 166 166 163 159 155 151 148 145 142 139 136 132 129 126 125 123 121 122 124 124 124
136 138 140 142 144 146 147 148 149 150 151 151 152 154 154 155 156 157 158 159 160 160 161 161 161 161 160 160 159 157 155 153 151 149 147 146 147 151 155 158 159 160 160 161 161 162 163 165 168 172 173 172 171 169 167 166 164 164 164 164 164 161 157 152 149 147 144 142 139 135 132 129 127 125 123 121 123 128 129 129
138 140 142 145 147 149 150 151 151 152 152 153 154 155 155 156 157 158 159 160 160 161 161 162 162 161 161 160 159 157 156 154 152 151 150 150 151 154 157 160 161 162 161 161 161 162 163 166 169 172 173 172 171 170 167 165 164 163 163 163 162 159 155 152 150 149 148 146 143 142 142 139 134 134 131 125 123 125 129 134
140 142 145 149 151 152 153 153 153 153 153 154 155 156 156 157 158 158 160 160 161 162 162 163 163 162 162 161 159 158 156 155 154 153 153 154 155 157 160 163 163 164 163 162 161 162 163 166 169 171 172 171 171 170 166 163 163 163 162 161 160 157 154 152 152 153 152 152 150 151 156 152 145 145 142 130 122 119 128 140
142 145 150 154 156 157 155 155 154 154 154 155 156 156 157 158 158 159 160 161 162 162 163 164 164 164 163 162 160 159 158 156 155 155 155 156 158 160 163 166 167 167 165 164 163 165 167 170 171 171 171 171 169 167 164 162 162 162 162 161 159 158 158 160 163 166 169 171 172 172 171 166 159 152 144 135 129 124 131 140
144 147 153 157 160 160 158 156 155 155 155 156 156 157 157 158 159 160 161 161 162 163 164 165 165 165 164 163 162 160 159 158 157 157 157 159 161 164 167 170 170 169 167 166 166 168 171 172 172 171 170 170 168 164 163 162 162 162 162 161 160 160 163 168 173 177 181 185 187 186 181 177 172 160 150 143 137 132 135 140
145 148 153 157 159 159 158 157 156 155 154 154 155 156 157 158 159 160 161 162 163 164 166 167 167 167 166 164 164 163 161 160 159 159 159 161 164 167 170 173 173 172 171 171 172 173 173 173 172 171 170 167 165 162 162 161 161 161 161 161 162 168 172 176 178 180 180 180 181 180 176 178 182 175 168 160 151 143 143 146
147 150 153 156 158 159 158 157 156 155 154 154 155 156 157 158 159 160 161 162 163 165 167 168 168 167 167 166 165 164 163 162 161 161 162 164 167 169 172 175 175 174 174 174 175 175 174 173 172 171 169 165 163 161 161 161 161 161 162 163 166 175 181 183 184 185 185 184 182 181 179 183 188 185 180 169 160 152 151 151
148 151 153 156 157 158 158 157 157 155 154 154 155 157 158 159 160 160 162 163 164 166 167 168 169 168 167 167 166 165 164 164 164 164 165 167 169 172 174 177 176 176 176 176 177 176 175 173 171 170 168 163 162 161 160 160 160 161 163 167 172 181 188 190 192 193 195 196 191 188 190 190 190 190 186 171 163 159 157 156
150 152 154 156 157 158 158 158 157 156 155 155 156 157 158 159 160 161 162 163 164 166 167 168 168 168 167 167 167 166 166 165 165 166 167 169 171 173 175 177 177 178 177 177 176 175 173 172 170 168 165 163 162 161 160 160 161 163 165 169 173 179 185 189 193 197 202 204 198 197 201 200 197 190 182 172 165 160 156 152
152 154 155 156 158 158 158 158 158 157 157 157 157 158 159 159 160 161 162 163 165 166 166 167 168 167 167 167 167 167 167 167 167 168 169 170 172 173 175 177 179 180 179 177 175 173 170 171 170 165 163 162 162 161 160 160 162 165 168 171 173 176 179 184 191 199 206 211 206 206 211 209 205 189 176 172 166 158 152 147
155 156 157 157 158 159 159 159 159 159 159 159 160 160 160 160 161 162 162 163 164 165 165 165 166 166 167 167 167 168 168 168 169 170 171 172 173 175 176 178 179 180 178 176 174 173 172 171 169 165 163 162 161 160 160 162 169 171 171 172 175 178 183 187 193 200 205 209 207 205 205 199 191 177 166 163 159 154 150 146
157 159 158 158 159 159 159 160 160 160 161 161 162 162 162 162 163 163 163 164 164 164 164 164 164 166 166 167 168 168 168 169 170 171 172 173 174 175 177 178 179 179 177 175 174 174 174 172 169 165 163 162 161 160 160 163 172 174 173 174 177 182 186 190 195 200 203 205 205 202 197 188 178 167 159 157 154 151 148 145
159 160 160 160 160 160 160 160 161 162 162 163 164 165 165 166 165 165 165 164 164 164 164 163 164 166 166 167 168 168 169 169 171 172 173 173 174 175 176 177 178 177 176 175 176 175 174 172 170 166 163 162 160 158 159 161 168 172 173 177 182 186 190 194 197 200 200 199 198 194 186 178 169 163 158 156 154 151 148 144
161 162 161 161 160 160 160 161 161 163 164 165 166 167 167 168 167 166 166 165 164 164 164 164 164 166 166 167 168 168 169 170 171 171 172 173 173 174 175 176 176 176 175 175 176 176 174 172 169 165 162 162 159 157 158 160 165 169 173 178 183 186 189 191 193 194 193 191 189 184 176 169 164 160 156 154 152 150 147 143
162 163 162 162 160 160 160 161 162 164 165 166 167 169 169 169 168 167 166 166 165 165 165 165 165 166 166 167 168 168 169 169 170 171 171 172 172 172 173 173 173 174 175 176 176 175 174 171 168 163 161 160 158 155 156 158 162 166 171 177 181 183 184 184 184 184 183 181 179 174 166 162 160 157 154 152 150 149 146 143
164 164 163 162 160 160 160 162 163 165 166 167 168 169 169 169 168 167 166 166 165 165 165 165 165 166 166 167 167 168 168 168 169 170 171 171 172 172 171 171 172 172 173 174 173 172 171 167 164 161 158 157 156 155 155 156 160 164 167 171 175 176 176 176 176 176 174 172 169 165 160 158 156 154 151 149 147 145 143 141
165 166 164 163 160 160 161 163 164 165 167 168 169 169 169 169 168 167 166 166 165 165 165 165 165 166 166 166 166 167 167 168 169 169 170 170 171 171 170 169 170 171 171 171 170 169 167 163 159 157 156 154 154 154 154 155 158 161 162 165 167 169 169 168 167 167 165 163 160 157 155 154 153 151 148 145 143 142 140 138
166 167 166 164 162 162 162 164 165 167 168 169 169 169 169 168 167 166 166 165 164 164 164 164 164 165 165 165 165 166 166 167 168 169 169 169 169 168 168 168 168 168 168 167 166 164 162 159 157 154 153 152 152 152 152 153 156 157 158 160 162 162 162 161 160 159 158 156 154 152 151 150 149 147 144 141 139 138 136 135
166 167 166 165 164 163 163 165 166 168 169 170 170 169 168 168 166 165 165 164 164 163 163 163 163 163 163 163 164 164 165 165 166 166 166 166 166 165 165 166 166 165 164 163 162 160 157 156 155 152 151 150 150 150 151 152 153 154 155 156 156 157 157 156 154 152 151 150 149 147 146 146 145 143 141 138 136 134 133 132
164 166 165 165 165 165 165 165 166 168 169 170 170 169 168 167 166 165 164 163 162 162 161 161 161 161 161 161 161 161 162 162 162 162 162 162 162 162 162 163 162 161 160 159 157 156 155 154 153 152 150 149 149 149 149 149 150 151 151 152 152 152 151 151 149 148 146 145 143 142 142 141 141 139 137 135 133 130 129 129
163 163 163 164 164 164 165 165 166 167 169 169 169 168 167 166 165 164 162 161 161 160 160 159 158 158 158 158 158 158 159 159 159 159 159 159 159 160 160 159 158 157 156 155 154 154 153 153 153 151 150 149 149 148 148 147 148 148 148 148 148 148 147 147 146 144 142 141 139 138 138 138 137 137 135 134 132 129 128 127
161 161 161 161 162 163 164 165 165 166 167 168 168 167 167 166 164 162 161 160 159 159 158 157 156 156 156 155 155 155 155 155 155 155 155 155 156 158 157 155 154 152 152 152 153 153 152 153 153 151 150 149 149 148 147 146 146 145 144 144 144 144 143 143 142 140 139 138 135 134 134 135 135 135 134 133 132 129 128 126
160 159 159 160 161 162 163 163 164 165 166 166 166 165 165 164 162 160 159 158 157 156 156 154 154 154 153 153 153 152 152 152 152 152 151 153 154 154 153 152 151 150 150 150 151 151 151 151 151 150 149 149 148 147 145 144 143 142 141 141 141 140 140 139 138 137 136 135 133 132 132 133 134 134 134 134 132 130 128 126
159 158 158 158 160 161 162 162 163 164 165 165 164 164 163 162 160 158 157 156 155 154 153 152 152 152 151 151 150 150 150 149 149 148 148 150 151 151 150 149 148 148 148 148 149 150 151 150 150 149 149 149 147 146 144 142 140 139 138 138 138 137 136 136 135 135 134 132 131 131 131 132 133 133 134 134 132 130 128 126
159 159 159 159 160 160 161 162 162 163 163 162 162 162 161 160 158 156 155 153 152 152 151 150 149 149 149 150 149 148 148 148 147 146 145 147 148 148 147 146 145 145 146 147 148 148 149 149 149 149 148 147 146 144 142 140 139 138 137 136 136 135 135 134 133 133 132 131 130 129 129 130 131 131 131 131 130 128 126 124
159 159 159 159 160 160 161 161 161 161 161 160 160 160 159 158 156 154 153 151 150 149 149 148 147 147 147 148 147 147 147 146 146 145 144 146 146 146 145 144 144 144 145 147 147 148 148 148 148 148 147 146 144 142 140 139 138 137 136 136 135 134 133 132 132 131 130 129 129 128 128 128 129 129 129 129 128 125 124 122
160 160 160 160 159 159 160 160 160 160 160 159 159 159 158 156 154 152 151 150 149 147 146 145 145 145 145 146 147 147 146 146 146 145 145 146 146 145 144 142 143 144 146 147 148 148 148 148 147 147 146 145 143 140 140 139 138 137 136 136 135 134 133 132 131 130 129 128 128 127 126 127 127 127 127 127 125 123 122 121
161 160 160 160 159 159 160 160 160 159 158 157 157 157 156 154 152 151 149 148 147 145 144 143 142 143 144 146 146 147 147 146 146 146 146 146 146 145 144 143 144 145 147 148 148 148 148 147 147 147 146 144 142 140 140 139 138 137 137 136 135 134 132 131 130 130 128 127 127 126 125 125 126 126 125 125 123 121 120 120
162 161 160 160 159 159 159 159 159 158 157 156 156 155 154 153 151 149 148 146 145 143 142 141 140 141 143 145 146 147 147 147 147 147 148 147 147 146 145 144 146 147 148 149 148 148 147 148 148 147 146 143 142 141 140 140 138 138 137 137 136 134 132 131 130 129 128 127 126 125 124 124 124 124 124 123 121 120 119 118
162 162 161 160 159 159 158 158 158 158 157 156 155 154 153 152 150 148 146 145 143 142 141 140 140 140 142 144 146 147 147 148 148 149 150 150 150 149 148 148 148 148 148 148 148 148 147 147 147 147 146 144 143 142 142 141 140 139 138 137 136 134 133 131 130 128 128 127 126 124 123 123 123 122 121 121 120 118 118 117
163 162 161 160 159 159 158 158 158 157 157 156 155 153 152 151 149 147 145 143 142 141 141 140 140 140 142 144 145 147 148 149 149 150 152 152 152 151 150 150 150 149 148 147 148 147 147 147 147 147 146 145 144 143 143 142 141 140 138 137 136 135 133 132 130 128 128 127 126 124 122 122 122 120 120 119 118 117 116 116
163 161 160 159 159 158 157 157 157 157 156 155 155 154 152 150 148 146 144 142 141 140 140 140 140 142 144 145 146 147 148 149 150 152 154 156 156 154 152 151 150 149 148 147 147 147 147 147 148 148 147 147 146 145 144 143 142 141 140 138 137 135 133 132 130 129 128 127 126 124 122 121 120 119 118 118 117 116 115 115
163 161 160 159 158 157 157 156 156 156 155 155 155 154 152 150 148 146 144 142 140 140 140 141 141 143 145 146 147 147 149 150 151 152 154 156 156 154 152 151 150 149 148 147 147 147 147 148 148 148 147 147 146 146 144 143 142 141 140 138 136 134 133 131 130 129 128 126 125 124 122 120 118 118 117 117 116 115 115 114
162 160 159 159 158 157 155 155 155 155 154 155 154 153 152 151 148 146 144 141 139 140 141 142 143 144 146 147 147 147 149 150 151 152 152 154 154 153 151 150 150 149 148 147 147 147 147 148 148 147 147 146 146 145 144 143 142 140 138 136 134 133 132 131 130 128 127 126 125 123 121 119 117 116 115 115 115 114 114 113
161 160 159 158 157 156 155 154 154 154 154 154 154 153 152 151 149 147 145 143 141 141 142 143 144 145 146 147 147 148 149 150 150 151 151 152 152 151 150 148 148 147 147 146 146 146 146 147 147 146 146 145 144 144 142 141 140 138 137 135 133 132 131 130 129 128 127 126 124 122 120 118 116 115 114 114 113 113 112 112
