tests/testthat/test_data/rstack/dec_temp.asc
ncols         147
nrows         127
xllcorner     -90.06084375
yllcorner     23.864697408444
cellsize      0.096253424
NODATA_value  -9999
[rows 0 to 32 of 127, columns 0 to 73 of 147]
6.450591 6.550782 6.49303 6.458698 6.486999 6.445518 6.344739 6.337412 6.346519 6.288766 6.231014 6.173263 6.11551 6.057758 6.000007 5.948767 5.934042 5.907435 5.864408 5.840861 5.826135 5.839586 5.850996 5.850996 5.850996 5.850996 5.927798 6.026812 6.069839 6.112865 6.155891 6.207274 6.265026 6.346436 6.425044 6.439769 6.416921 6.330868 6.244815 6.158762 6.190139 6.233165 6.276192 6.287359 6.259058 6.137629 5.979098 5.706962 5.396396 4.977406 4.761763 4.733462 4.86327 5.032127 5.147631 5.27753 5.43721 5.43403 5.319676 5.415348 5.538781 5.624834 5.699575 5.757328 5.795402 5.823703 5.798991 5.74979 5.619561 5.523106 5.464203 5.406155 5.348544 5.304368
6.599324 6.666286 6.608534 6.556047 6.517642 6.463549 6.396123 6.422149 6.462022 6.40427 6.346519 6.288766 6.231014 6.173262 6.11551 6.059223 6.011144 5.979189 5.969515 5.933409 5.885331 5.929247 5.966499 5.966499 5.966499 5.966499 6.017884 6.083545 6.093219 6.102892 6.112566 6.149522 6.207274 6.232923 6.255269 6.303347 6.326287 6.30694 6.287593 6.268246 6.2753 6.284974 6.294647 6.317154 6.355558 6.276984 6.151806 5.913023 5.618998 5.166656 4.969738 5.008143 5.046776 5.089879 5.205383 5.367886 5.627625 5.744325 5.763383 5.791036 5.818788 5.838135 5.872831 5.930583 5.92409 5.885685 5.919219 5.916207 5.752625 5.575438 5.383125 5.290651 5.231998 5.087763
6.748057 6.781702 6.700271 6.618839 6.537408 6.48158 6.447507 6.468569 6.497358 6.463286 6.437406 6.427012 6.372971 6.291539 6.231014 6.173263 6.11551 6.072062 6.048383 6.01755 5.983478 5.991947 6 6 6 6 6.044012 6.100723 6.124403 6.133921 6.110242 6.119335 6.153408 6.139204 6.124024 6.181777 6.235653 6.283012 6.315186 6.338865 6.341002 6.349441 6.3968 6.459377 6.540808 6.464475 6.325292 6.049212 5.742465 5.351488 5.194066 5.251818 5.264007 5.276073 5.486293 5.683527 5.85389 5.957327 6.015079 6.023005 6.026112 6.049792 6.077625 6.111698 6.036956 5.908167 5.865379 5.795612 5.598677 5.329548 4.980144 4.882272 4.870182 4.696926
6.89679 6.897082 6.782298 6.667514 6.55273 6.499611 6.498891 6.499336 6.499944 6.499224 6.518237 6.574549 6.525733 6.410949 6.346519 6.288766 6.231014 6.173564 6.116532 6.098258 6.097538 6.043632 6 6 6 6 6.044012 6.101742 6.158774 6.181701 6.124669 6.100409 6.101128 6.053572 6.008521 6.066272 6.14502 6.259084 6.336574 6.393606 6.398754 6.41908 6.533144 6.64753 6.762314 6.671632 6.499096 6.156859 5.825435 5.534516 5.425074 5.482825 5.495015 5.514737 5.85837 6.091202 6.094801 6.130583 6.188335 6.196261 6.203744 6.260777 6.295302 6.296022 6.14336 5.914512 5.740427 5.557766 5.327478 4.961825 4.445656 4.354245 4.408166 4.23491
7.045523 7.012342 6.831572 6.677446 6.594575 6.574147 6.606781 6.613011 6.613011 6.613011 6.632992 6.690744 6.62199 6.473853 6.46314 6.455837 6.365452 6.302466 6.277347 6.247056 6.214424 6.126538 6.041809 5.976543 5.943494 5.943494 5.987507 6.045259 6.103011 6.135983 6.110865 6.1 6.1 6.079002 6.062533 6.120285 6.187402 6.270273 6.337036 6.394788 6.429688 6.482903 6.631041 6.720874 6.738479 6.502915 6.166494 5.916439 5.723504 5.695808 5.644647 5.571867 5.710979 5.907935 6.123914 6.258883 6.22625 6.22794 6.253058 6.28466 6.316307 6.341426 6.252164 5.9911 5.662904 5.301364 4.96335 4.635161 4.338887 4.106759 3.945955 3.971523 4.062221 4.182663
7.200311 7.141948 6.919174 6.739071 6.673085 6.665091 6.706375 6.720919 6.728515 6.728515 6.742798 6.784083 6.708723 6.560169 6.579222 6.598022 6.490752 6.425058 6.416824 6.374509 6.316757 6.203753 6.086394 5.962656 5.9 5.9 5.944012 6.001513 6.051031 6.085742 6.085742 6.085742 6.085742 6.085742 6.092629 6.158616 6.224601 6.290587 6.351293 6.409045 6.466797 6.539262 6.679583 6.713043 6.614121 6.296764 5.892387 5.747728 5.680212 5.828766 5.839823 5.724205 5.953691 6.262241 6.353044 6.398122 6.348604 6.328515 6.328515 6.364133 6.389195 6.306856 6.092514 5.679902 5.278293 4.88215 4.486006 4.105104 3.783295 3.652959 3.735527 3.763111 3.774665 4.080007
7.373567 7.315327 7.125906 6.961002 6.861663 6.802285 6.776863 6.805656 6.844019 6.844019 6.835223 6.809802 6.770203 6.721707 6.693583 6.660822 6.586905 6.52656 6.484973 6.432261 6.374509 6.261504 6.136636 5.979545 5.9 5.9 5.944012 6.000494 6.016659 6.02799 6.02799 6.02799 6.02799 6.02799 6.038359 6.137698 6.237036 6.336375 6.409045 6.466797 6.524549 6.57324 6.580149 6.465301 6.199615 6.001706 5.830799 5.821196 5.82825 5.876746 5.96134 6.079192 6.279014 6.487506 6.47825 6.466742 6.450577 6.444019 6.444019 6.422086 6.34543 5.929561 5.594976 5.382482 5.225559 5.096238 4.966918 4.818644 4.596893 4.456067 4.405224 4.076678 3.657424 3.796002
7.55946 7.518404 7.345148 7.182932 7.050241 6.948771 6.873831 6.878436 6.901333 6.91852 6.915727 6.875163 6.859523 6.859523 6.808534 6.753383 6.712819 6.66504 6.607287 6.525876 6.433748 6.302812 6.164856 6.008789 5.938246 5.955434 6.003535 6.059523 6.059523 6.069801 6.104177 6.109292 6.092104 6.089284 6.10134 6.216844 6.325939 6.424255 6.496558 6.55431 6.612062 6.643106 6.550978 6.352905 6.023582 5.900753 5.860189 5.933231 5.984952 5.967765 6.09765 6.363033 6.515053 6.627433 6.586869 6.553922 6.536734 6.499117 6.447554 6.331335 6.147905 5.587573 5.211898 5.113582 5.080955 5.080955 5.03266 4.991387 4.99001 4.902039 4.717784 4.313667 3.83744 3.774877
7.757238 7.749412 7.576156 7.404863 7.238818 7.103995 6.995703 6.93997 6.903918 6.954459 6.985018 6.977807 6.975027 6.975027 6.924037 6.873935 6.866724 6.838295 6.780543 6.653221 6.494387 6.328655 6.172367 6.049652 6.012462 6.063003 6.119039 6.175026 6.175026 6.20525 6.306332 6.321373 6.270833 6.26254 6.274596 6.3901 6.48676 6.551723 6.612062 6.669814 6.727566 6.746723 6.587889 6.367803 6.071832 5.982357 5.975145 6.08154 6.149802 6.099262 6.247873 6.579962 6.667121 6.687099 6.679888 6.658558 6.608017 6.497403 6.345781 6.100729 5.80577 5.278791 4.936469 4.871506 4.849947 4.849947 4.707939 4.655513 4.987663 5.012124 4.694458 4.478633 4.297023 4.000991
7.87131 7.844721 7.697607 7.536263 7.336865 7.182822 7.067318 6.99854 6.949743 7.007494 7.05431 7.080451 7.09053 7.09053 7.062622 7.031839 7.005698 6.966286 6.908534 6.771285 6.598029 6.449783 6.315673 6.226311 6.209569 6.267322 6.305151 6.336594 6.362736 6.407781 6.497143 6.532692 6.527224 6.526327 6.532925 6.596146 6.657328 6.715079 6.739303 6.744771 6.702676 6.642647 6.521674 6.395816 6.263906 6.282409 6.360834 6.295744 6.27024 6.369338 6.515573 6.705235 6.724641 6.7015 6.727642 6.700892 6.564715 6.406502 6.233246 6.050554 5.85663 5.598278 5.409653 5.325759 5.15819 4.949057 4.626623 4.463177 4.945866 4.998792 4.573855 4.436693 4.401836 4.578156
7.957538 7.899566 7.78232 7.634112 7.403104 7.235482 7.12172 7.054684 7.00736 7.063369 7.120584 7.180079 7.203017 7.203017 7.204556 7.197293 7.139542 7.081789 7.024038 6.889187 6.719416 6.60323 6.502866 6.448599 6.448769 6.504778 6.516775 6.516797 6.572806 6.628816 6.684825 6.741824 6.799576 6.809052 6.809234 6.810976 6.832302 6.886568 6.865647 6.802667 6.642535 6.493968 6.443186 6.440881 6.498633 6.627769 6.785342 6.512486 6.375792 6.664552 6.802111 6.800368 6.757187 6.709149 6.763416 6.719616 6.472926 6.278162 6.118846 6.051667 6.013155 6.067422 6.053836 5.938332 5.597133 5.14383 4.639701 4.352123 4.917445 4.978876 4.480019 4.403193 4.480743 5.280558
7.957538 7.899443 7.748843 7.57636 7.345352 7.195761 7.115352 7.081669 7.062526 7.085182 7.132123 7.224971 7.260769 7.260769 7.291755 7.312798 7.255045 7.197293 7.139542 7.050602 6.947537 6.866148 6.806647 6.819086 6.836568 6.859225 6.837869 6.804538 6.827194 6.849851 6.872508 6.91508 6.972831 6.982307 6.98597 7.021066 7.038439 7.026 6.916984 6.753946 6.645468 6.575494 6.658123 6.729641 6.787393 6.701869 6.559267 6.445502 6.433544 6.722304 6.842503 6.807407 6.809813 6.820824 6.808386 6.621803 6.074937 5.91697 6.024477 6.080242 6.119906 6.107467 6.053836 5.938332 5.708554 5.422015 5.147127 4.997274 5.329126 5.457148 5.358524 5.5582 5.865053 6.498103
7.946881 7.899359 7.726103 7.54004 7.319729 7.175734 7.09659 7.098787 7.11935 7.130046 7.169603 7.263715 7.3 7.3 7.341546 7.375976 7.339617 7.298767 7.251711 7.204655 7.157599 7.120778 7.10561 7.163362 7.197886 7.208582 7.158963 7.092278 7.081583 7.074084 7.074084 7.100787 7.147842 7.164505 7.177879 7.214239 7.219498 7.172442 7.01428 6.793969 6.741006 6.738188 6.890052 6.956882 6.918367 6.690196 6.386469 6.381479 6.454254 6.743013 6.856987 6.809932 6.870879 6.951635 6.883187 6.613314 5.926716 5.78164 6.006221 6.090553 6.135455 6.067007 5.988301 5.89419 5.782933 5.663158 5.627528 5.641451 5.825403 6.019484 6.224829 6.588868 7.008477 7.464067
7.913652 7.899359 7.726103 7.549118 7.362159 7.197424 7.051574 7.095005 7.179688 7.223737 7.262028 7.289433 7.3 7.3 7.312099 7.32832 7.358666 7.370521 7.356818 7.343115 7.329412 7.357852 7.39437 7.452122 7.503109 7.547158 7.480056 7.38002 7.33597 7.305092 7.305092 7.312868 7.326571 7.365641 7.401925 7.371578 7.347437 7.333735 7.208925 7.021966 7.0327 7.072813 7.157971 7.053814 6.715124 6.49684 6.326526 6.323727 6.396502 6.685262 6.816595 6.802892 6.949819 7.122976 7.021175 6.794026 6.307546 6.124724 6.149189 6.062179 5.957822 5.856021 5.783954 5.756549 5.77885 5.82584 6.050687 6.283561 6.500866 6.759885 7.065289 7.356161 7.641664 7.897137
7.851528 7.831454 7.697498 7.563543 7.429587 7.295631 7.161676 7.181856 7.238503 7.296254 7.334025 7.334025 7.334025 7.334025 7.334025 7.34574 7.423142 7.46805 7.46805 7.46805 7.46805 7.504503 7.542604 7.580707 7.638208 7.715611 7.660975 7.566286 7.508534 7.46805 7.46805 7.479201 7.498851 7.533925 7.564073 7.525971 7.502075 7.502075 7.40357 7.249964 7.270763 7.284353 7.184905 6.958621 6.575205 6.383377 6.267873 6.323957 6.440825 6.729585 6.86805 6.86805 7.050301 7.263676 7.187472 7.023579 6.678266 6.457139 6.320787 6.135643 5.968364 5.970761 6.003614 6.082215 6.1986 6.333755 6.630055 6.913583 7.105291 7.370299 7.71681 7.933884 8.10575 8.259356
7.769253 7.716197 7.648947 7.581697 7.514447 7.447197 7.379948 7.331909 7.296255 7.354006 7.391777 7.391777 7.391777 7.391777 7.391777 7.40854 7.519295 7.583554 7.583554 7.583554 7.583554 7.588097 7.592846 7.597595 7.654673 7.765428 7.744145 7.681789 7.624038 7.583554 7.583554 7.613631 7.666634 7.6793 7.683058 7.678309 7.675331 7.675331 7.598214 7.477961 7.471428 7.410061 7.04379 6.72945 6.479446 6.325625 6.210121 6.364619 6.556329 6.845088 6.983554 6.983554 7.165805 7.383009 7.373511 7.287191 7.041936 6.782116 6.512352 6.280123 6.110127 6.312642 6.518951 6.730963 6.913908 7.082415 7.318355 7.535177 7.660179 7.890066 8.236578 8.379413 8.451914 8.572166
7.72904 7.699892 7.670744 7.633811 7.576059 7.518307 7.460556 7.425946 7.401318 7.430466 7.449529 7.449529 7.48468 7.541887 7.573841 7.611268 7.698168 7.748587 7.748587 7.748587 7.748587 7.72122 7.692617 7.664013 7.678306 7.736602 7.750056 7.747765 7.690012 7.649529 7.649529 7.666069 7.695217 7.652179 7.600942 7.600942 7.611607 7.640211 7.63143 7.601737 7.494969 7.349291 7.059443 6.834205 6.689009 6.565046 6.449542 6.674321 6.890641 7.064985 7.178362 7.23557 7.339628 7.45117 7.479774 7.423784 7.192776 7.012443 6.866703 6.721432 6.625601 6.856609 7.064752 7.238552 7.392878 7.537529 7.736271 7.932587 8.105299 8.306129 8.538225 8.619742 8.64979 8.765293
7.704189 7.7 7.7 7.685427 7.631879 7.578332 7.524785 7.514562 7.514235 7.510031 7.508736 7.51294 7.585532 7.701035 7.772975 7.837864 7.895616 7.929123 7.929123 7.923335 7.914926 7.859309 7.802504 7.748957 7.719767 7.715562 7.755369 7.805517 7.747765 7.704766 7.696356 7.687947 7.679537 7.585121 7.485878 7.490082 7.517386 7.583548 7.638923 7.688266 7.494037 7.285935 7.125294 7.010609 6.952857 6.86884 6.77436 7.027873 7.236397 7.294149 7.377583 7.484677 7.510598 7.517635 7.571182 7.536117 7.317724 7.234121 7.24253 7.201114 7.186352 7.400541 7.575287 7.690791 7.809104 7.928813 8.098674 8.282046 8.504645 8.674543 8.785842 8.817681 8.823002 8.9343
7.737419 7.7 7.7 7.694504 7.67431 7.654115 7.633921 7.630065 7.627153 7.589596 7.578027 7.615585 7.701035 7.81654 7.947373 8.068871 8.126624 8.160131 8.160131 8.108432 8.033317 7.974813 7.925518 7.905324 7.876558 7.839001 7.845455 7.863268 7.805517 7.742573 7.667458 7.592342 7.517227 7.439745 7.373855 7.411412 7.484504 7.617372 7.653898 7.636534 7.527313 7.41927 7.358687 7.299368 7.241617 7.276855 7.349139 7.375758 7.409653 7.467405 7.516119 7.556508 7.594663 7.631224 7.651419 7.626473 7.508138 7.504772 7.579888 7.605177 7.630861 7.711638 7.806295 7.921799 8.062396 8.215458 8.387433 8.557129 8.713021 8.832006 8.909952 8.957932 8.995911 9.073856
7.825892 7.768305 7.755147 7.745569 7.745569 7.745569 7.745569 7.745569 7.742112 7.697519 7.683783 7.728376 7.83271 7.974531 8.144106 8.29988 8.357632 8.385614 8.372457 8.297914 8.195568 8.135886 8.088176 8.075017 8.039845 7.982094 7.968354 7.96659 7.908838 7.837752 7.735407 7.633061 7.530716 7.465648 7.418578 7.463171 7.545922 7.692861 7.708534 7.650782 7.628942 7.613923 7.613923 7.599883 7.568448 7.645751 7.766372 7.654748 7.576276 7.607711 7.629633 7.642792 7.701513 7.769864 7.796182 7.799392 7.754799 7.789712 7.878899 7.929612 7.970081 7.983239 8.032043 8.134389 8.284112 8.457368 8.630623 8.792037 8.907541 8.9957 9.053452 9.111203 9.168818 9.213411
7.999148 7.941438 7.894926 7.861073 7.861073 7.861073 7.861073 7.861073 7.860202 7.848961 7.845499 7.85674 7.989201 8.197727 8.375113 8.530888 8.588639 8.60262 8.556109 8.494124 8.425132 8.366894 8.311673 8.265162 8.213101 8.15535 8.141609 8.139846 8.082094 8.020981 7.951988 7.882996 7.814003 7.754407 7.703856 7.715097 7.75206 7.832293 7.824038 7.766286 7.835474 7.902683 7.902683 7.918437 7.953708 7.95461 7.94182 7.828004 7.732721 7.69745 7.704745 7.751256 7.843331 7.946949 8.039971 8.09902 8.08778 8.096581 8.119061 8.131845 8.147713 8.194224 8.249722 8.318713 8.457368 8.630623 8.803879 8.965293 9.080797 9.168956 9.226707 9.284459 9.341726 9.352967
8.172403 8.114734 8.079094 8.047136 8.025023 8.014866 8.014866 7.996975 7.978292 8.000403 8.022516 8.044629 8.181508 8.390404 8.587356 8.758549 8.794188 8.790621 8.732869 8.675117 8.617365 8.538458 8.468552 8.432913 8.386357 8.328606 8.331717 8.35139 8.293638 8.235887 8.178134 8.120382 8.062631 8.004878 7.955462 7.977575 7.979998 7.9493 7.943794 7.952379 8.07835 8.187502 8.16539 8.14932 8.140735 8.09699 8.039238 7.924683 7.829307 7.793667 7.806636 7.864388 7.967702 8.083206 8.19871 8.283782 8.305895 8.328007 8.35012 8.353154 8.357831 8.393471 8.437948 8.4957 8.615849 8.766993 8.938847 9.100261 9.215764 9.303923 9.361674 9.40302 9.438289 9.438289
8.345659 8.288114 8.285827 8.269067 8.213601 8.188121 8.188121 8.143246 8.096381 8.151846 8.207312 8.262777 8.392023 8.567565 8.790059 8.984508 8.986794 8.963877 8.906124 8.848372 8.790621 8.679804 8.591566 8.58928 8.559613 8.501862 8.530391 8.582398 8.524646 8.466894 8.409142 8.35139 8.293638 8.235886 8.189951 8.245417 8.219018 8.054909 8.065712 8.174356 8.3397 8.470319 8.414853 8.335635 8.226992 8.154741 8.09699 7.982435 7.895464 7.893178 7.92214 7.979892 8.083206 8.19871 8.314214 8.410154 8.465619 8.521085 8.57655 8.584163 8.584462 8.586749 8.611204 8.668956 8.766821 8.884611 9.05435 9.215764 9.331268 9.419426 9.477179 9.493777 9.49604 9.49604
8.572708 8.515055 8.483989 8.44566 8.387908 8.344583 8.313516 8.285994 8.263446 8.290132 8.338314 8.427133 8.548745 8.690934 8.884113 9.058495 9.089561 9.08334 9.025588 8.967836 8.910085 8.826801 8.761377 8.761377 8.732869 8.675117 8.681714 8.707719 8.712099 8.697902 8.640149 8.582397 8.524646 8.466894 8.408228 8.341715 8.293317 8.275392 8.343033 8.458537 8.570056 8.656622 8.629936 8.535828 8.358191 8.24407 8.155252 8.101297 8.069206 8.100273 8.129059 8.155745 8.252502 8.368007 8.48351 8.590319 8.679136 8.749492 8.807244 8.788367 8.765453 8.79652 8.825835 8.852521 8.917793 9.002231 9.140759 9.277476 9.39298 9.481138 9.53889 9.530743 9.500323 9.53139
8.798814 8.734394 8.669975 8.607371 8.549619 8.488263 8.423843 8.411544 8.411544 8.411544 8.451507 8.567011 8.682515 8.798018 8.958626 9.109751 9.17417 9.1873 9.129548 9.071795 9.014044 8.96267 8.923088 8.923088 8.897871 8.846786 8.829553 8.824853 8.882605 8.907814 8.85673 8.798078 8.733659 8.674813 8.607093 8.453838 8.395814 8.497984 8.61298 8.73515 8.792651 8.833446 8.826778 8.725863 8.508189 8.363579 8.248075 8.246178 8.259052 8.310137 8.338103 8.34477 8.437303 8.553572 8.68241 8.802558 8.904728 8.972575 9.016993 8.990519 8.96355 9.007968 9.034633 9.034633 9.068765 9.11985 9.231269 9.345406 9.454242 9.53889 9.596642 9.573642 9.52369 9.581442
9.005299 8.907527 8.809755 8.722875 8.665123 8.585735 8.487964 8.469296 8.469296 8.469296 8.509259 8.624763 8.740267 8.85577 8.98693 9.114799 9.21257 9.245051 9.1873 9.129548 9.071795 9.052332 9.038592 9.038592 9.02984 9.012108 8.97739 8.940357 8.998109 9.033291 9.015559 8.952407 8.854635 8.790317 8.733041 8.679845 8.659703 8.695168 8.807625 8.963148 8.993317 9.000757 8.960737 8.871161 8.720194 8.594587 8.479083 8.477185 8.481654 8.499387 8.528719 8.568739 8.66831 8.788408 8.983953 9.127334 9.162798 9.163939 9.141651 9.192349 9.243556 9.221269 9.207889 9.207889 9.219736 9.237469 9.346772 9.45407 9.529554 9.596642 9.654394 9.656139 9.639194 9.696946
9.184735 9.053669 8.938165 8.838379 8.780626 8.700098 8.600215 8.568506 8.554096 8.554096 8.588655 8.688538 8.778822 8.863084 8.988722 9.117482 9.232986 9.275755 9.218003 9.181754 9.155244 9.154097 9.154097 9.154097 9.161808 9.177428 9.137133 9.081955 9.108465 9.13172 9.14734 9.097417 8.997534 8.945927 8.906563 8.890942 8.892793 8.924034 9.016295 9.142689 9.154097 9.138238 9.049244 8.941432 8.810308 8.735036 8.682016 8.681145 8.677208 8.661588 8.708547 8.813161 8.93869 9.072858 9.257004 9.381145 9.381145 9.356106 9.313974 9.367414 9.42357 9.397059 9.381145 9.381145 9.381145 9.381145 9.474694 9.565938 9.623691 9.681442 9.739194 9.754096 9.754535 9.796666
9.333468 9.169172 9.053669 8.953882 8.896131 8.833632 8.767103 8.714777 8.6696 8.6696 8.692618 8.759149 8.795588 8.813144 8.960417 9.117482 9.232986 9.275755 9.218003 9.227665 9.267861 9.269601 9.269601 9.269601 9.293776 9.342749 9.310389 9.253173 9.212977 9.199444 9.248418 9.231847 9.165317 9.147062 9.134089 9.085115 9.090919 9.188866 9.24089 9.267223 9.269601 9.241855 9.086155 8.926535 8.762057 8.772688 8.85308 8.854401 8.842057 8.793084 8.876129 9.080802 9.253763 9.413627 9.497714 9.5544 9.5544 9.549184 9.540405 9.512095 9.490074 9.530271 9.5544 9.5544 9.5544 9.5544 9.616712 9.681442 9.739194 9.796947 9.854697 9.8696 9.869692 9.878469
9.433235 9.284677 9.169172 9.062698 8.980371 8.91133 8.853579 8.795827 8.742552 8.742552 8.762533 8.820285 8.872751 8.921901 9.058927 9.198867 9.289796 9.328624 9.295446 9.307939 9.341116 9.366063 9.390638 9.415213 9.456165 9.513916 9.483644 9.425141 9.342814 9.295024 9.328201 9.323725 9.290547 9.285104 9.284206 9.275604 9.294948 9.361302 9.385104 9.385104 9.318034 9.230953 9.082272 8.96652 8.891562 8.952806 9.068311 9.021867 8.982936 8.974334 9.077653 9.284086 9.444957 9.588419 9.646171 9.693112 9.717687 9.713052 9.688477 9.65648 9.635235 9.692986 9.727656 9.727656 9.744076 9.76865 9.801282 9.834459 9.867637 9.900814 9.93399 9.942552 9.942808 9.967382
9.515684 9.40018 9.284677 9.169172 9.053669 8.969386 8.911634 8.853883 8.800609 8.800609 8.820529 8.878105 8.97149 9.087345 9.202736 9.309322 9.366899 9.400377 9.400553 9.400487 9.400311 9.455557 9.513349 9.571276 9.629117 9.686869 9.656596 9.597091 9.481937 9.401163 9.400988 9.400911 9.400911 9.400765 9.406617 9.464193 9.500369 9.500546 9.500382 9.500031 9.342861 9.180423 9.065446 9.027463 9.084864 9.183689 9.299017 9.187479 9.115727 9.173304 9.290906 9.463811 9.59143 9.703619 9.761371 9.819122 9.876874 9.866086 9.80851 9.800609 9.808209 9.866137 9.900982 9.901157 9.939802 9.997554 10.00105 10.00088 10.0007 10.00052 10.00035 10.00043 10.00121 10.05914
9.631188 9.515684 9.40018 9.284677 9.169172 9.08489 9.027139 8.969387 8.916112 8.916112 8.924493 8.948716 9.070229 9.252789 9.346544 9.419779 9.444002 9.472132 9.50566 9.493035 9.459507 9.513309 9.57861 9.669891 9.74462 9.802372 9.772099 9.714632 9.666185 9.622199 9.58867 9.574167 9.574167 9.546141 9.518641 9.542864 9.570557 9.604085 9.57311 9.506052 9.433888 9.37151 9.356591 9.34418 9.334875 9.390846 9.472821 9.393539 9.338329 9.362553 9.429442 9.535642 9.649181 9.761371 9.819122 9.876874 9.934627 9.94366 9.919436 9.916112 9.92809 10.01937 10.08757 10.1211 10.17081 10.22856 10.20082 10.16729 10.13376 10.10024 10.06671 10.08293 10.11706 10.20834
9.737597 9.631188 9.515684 9.40018 9.284677 9.200395 9.142643 9.092277 9.048132 9.057261 9.06639 9.07552 9.198543 9.393032 9.474857 9.531616 9.531616 9.552028 9.600651 9.582343 9.53372 9.586868 9.657625 9.773129 9.860125 9.917876 9.887604 9.831895 9.841024 9.830155 9.772404 9.742243 9.733113 9.675709 9.615808 9.615808 9.640743 9.707624 9.669253 9.572009 9.554926 9.559342 9.626224 9.637437 9.579684 9.591474 9.630967 9.565834 9.515808 9.515808 9.550618 9.6175 9.722741 9.834407 9.883029 9.934627 9.992378 10.02123 10.03036 10.04737 10.07599 10.17324 10.262 10.33801 10.40182 10.45957 10.40914 10.34952 10.28264 10.22872 10.18923 10.22866 10.29586 10.39311
9.819871 9.746693 9.631188 9.515684 9.40018 9.315898 9.258146 9.234766 9.223973 9.266456 9.308937 9.351419 9.405329 9.466407 9.562057 9.64712 9.64712 9.65353 9.668799 9.66305 9.64778 9.702373 9.773129 9.888633 9.975628 10.03338 10.00311 9.948418 9.9909 10.00341 9.94566 9.896572 9.85409 9.763332 9.67356 9.67356 9.71093 9.811164 9.827535 9.796995 9.755591 9.738542 9.838776 9.868444 9.810692 9.774779 9.747567 9.648533 9.57356 9.57356 9.625731 9.725965 9.838245 9.947996 9.963265 9.992378 10.05013 10.09881 10.14129 10.22042 10.29825 10.32879 10.40416 10.54688 10.63283 10.69058 10.64015 10.57369 10.47345 10.43357 10.46078 10.54217 10.64168 10.67222
