tests/testthat/test_data/rstack/jul_prec.asc
ncols         147
nrows         127
xllcorner     -90.06084375
yllcorner     23.864697408444
cellsize      0.096253424
NODATA_value  -9999
[rows 35 to 69 of 127, columns 0 to 78 of 147]
113 117 123 128 133 137 140 143 145 146 146 146 145 143 142 140 139 139 139 139 139 140 141 142 142 143 143 142 140 138 137 136 135 135 135 136 139 141 143 144 146 148 148 149 151 152 154 156 157 158 157 155 154 153 150 147 143 140 137 134 131 129 127 126 124 122 125 127 128 128 128 127 127 127 127 127 128 128 129
112 116 122 128 133 137 140 142 144 145 146 145 144 142 141 139 139 139 140 140 141 141 141 142 142 143 143 142 139 136 135 134 133 133 134 136 138 140 141 142 144 146 147 148 150 151 152 153 155 155 154 152 151 150 148 145 141 139 137 135 132 129 127 126 125 124 127 129 129 129 130 130 129 129 128 129 129 129 130
114 118 123 129 134 138 140 142 143 144 144 144 143 142 141 141 140 140 141 141 142 142 142 143 144 144 143 141 139 136 133 132 131 132 134 135 137 140 141 142 143 145 146 147 148 149 149 151 151 150 148 146 145 144 143 142 141 139 137 135 132 129 127 126 125 125 125 126 127 128 130 131 131 130 130 130 130 131 132
116 120 125 130 135 138 140 142 143 143 143 143 142 142 142 142 142 142 142 142 143 143 144 145 145 145 143 142 139 136 133 131 130 132 133 135 137 139 141 142 143 144 145 146 147 147 148 148 148 146 144 141 140 139 139 140 140 139 137 135 132 130 128 126 126 125 124 124 125 127 131 132 133 132 132 132 132 132 133
118 121 126 130 135 138 140 141 141 141 141 141 142 142 143 144 143 143 144 144 144 145 145 146 146 146 145 143 140 138 135 134 133 133 134 136 137 139 140 141 142 143 144 146 147 147 147 146 145 143 141 139 137 136 138 139 139 138 136 135 132 130 128 127 126 125 123 122 123 126 132 134 135 134 133 133 133 134 134
119 122 126 129 134 137 138 139 140 140 141 141 141 142 143 144 145 145 145 145 146 147 148 148 148 148 146 145 142 140 138 137 136 136 136 136 137 139 139 140 142 144 146 147 148 148 148 146 144 142 140 137 136 136 137 138 139 138 137 135 133 131 129 127 126 125 123 122 123 126 131 134 136 135 134 134 134 134 135
120 122 125 128 132 134 136 137 138 139 140 140 140 141 143 144 146 147 147 147 147 148 150 151 151 149 148 146 144 142 141 140 139 138 138 137 137 137 138 139 142 145 147 149 150 149 149 146 143 141 139 137 137 137 138 139 138 138 137 135 134 132 130 128 126 125 124 124 124 126 130 133 135 135 135 135 135 135 136
119 121 124 127 130 132 134 135 137 138 139 140 140 141 143 144 146 147 148 148 149 151 152 154 154 152 150 149 148 147 145 143 142 142 141 140 139 138 138 139 143 147 150 151 151 150 149 146 144 141 139 138 138 138 139 139 139 138 138 136 135 133 131 129 127 126 125 125 125 126 129 131 133 134 135 135 135 136 137
119 121 124 126 128 130 131 133 135 137 138 139 140 141 143 144 146 147 149 150 151 153 155 156 156 155 153 152 151 151 149 147 146 145 144 143 142 139 139 140 144 149 152 153 152 150 148 146 144 141 140 138 139 139 139 139 139 139 138 137 136 134 132 130 129 127 127 126 126 127 128 130 132 133 134 135 136 137 138
119 122 124 126 127 128 130 131 133 135 137 139 140 142 143 145 147 149 150 151 153 155 156 158 159 158 156 155 154 153 153 151 150 149 148 146 144 143 143 144 147 151 154 154 152 150 147 146 144 142 141 139 139 140 140 140 140 140 140 139 138 137 135 132 130 128 127 126 126 127 128 129 131 133 134 136 137 138 139
118 122 123 125 126 127 128 130 131 133 136 138 140 142 144 146 149 151 152 153 155 157 158 160 160 160 159 158 158 157 157 156 154 153 151 149 148 147 147 147 150 153 154 154 151 149 146 145 144 142 141 140 140 140 141 141 141 142 142 142 141 140 137 135 132 130 128 126 126 126 128 130 132 133 135 137 138 139 140
117 120 123 124 125 126 127 128 130 132 135 138 141 143 145 147 150 152 154 155 156 159 161 162 162 162 162 162 162 161 161 160 158 156 155 153 152 151 151 151 152 153 153 152 149 147 145 144 143 142 141 140 140 141 141 142 142 143 143 144 145 143 141 138 135 132 128 125 125 126 128 130 133 134 136 137 138 140 141
118 120 123 125 125 126 127 128 129 132 135 139 142 145 147 149 152 155 156 157 158 160 162 163 164 164 165 166 166 165 165 163 162 160 159 158 156 155 155 154 154 154 152 150 147 145 143 143 143 142 142 141 141 141 142 143 143 144 145 146 147 146 144 141 138 134 130 127 127 128 130 132 134 136 137 138 139 140 141
120 121 123 125 126 127 126 127 128 132 135 139 143 147 150 152 155 157 159 159 160 161 162 165 166 167 168 170 169 169 168 167 165 164 163 162 160 159 158 158 156 154 152 148 144 142 141 142 142 142 142 141 141 142 143 143 144 146 147 148 150 149 148 145 141 136 132 129 129 130 131 133 135 137 138 139 140 141 142
124 124 126 127 129 130 130 130 130 134 137 141 145 150 153 155 157 159 160 161 162 163 164 166 168 169 171 172 172 172 171 170 169 167 166 165 164 163 162 161 159 157 154 149 144 142 142 142 143 143 143 142 143 143 144 145 146 147 149 150 151 150 149 147 143 140 137 134 134 134 135 136 138 139 140 141 142 143 143
128 128 129 130 133 134 134 134 134 136 139 143 147 151 155 157 159 160 161 162 163 164 166 168 170 172 173 174 174 174 174 173 172 170 169 168 167 166 165 165 163 160 156 151 145 143 143 144 145 145 144 144 144 145 146 147 148 149 150 151 152 151 150 148 146 144 142 140 139 139 139 140 141 141 142 143 144 144 145
133 134 135 136 139 141 141 140 139 141 143 146 149 152 155 157 159 161 162 163 164 166 167 170 172 174 175 176 177 177 177 176 175 173 171 171 170 170 169 169 167 165 161 157 152 150 148 148 147 147 147 147 147 147 148 149 150 152 153 154 154 154 152 150 149 147 146 145 145 144 143 143 144 144 145 145 145 146 146
138 139 140 142 146 148 147 146 144 145 146 148 150 151 154 157 159 161 162 163 165 166 168 171 174 176 177 178 178 179 179 178 177 175 173 173 172 172 173 173 172 171 167 163 159 156 153 152 151 150 150 150 150 150 151 152 153 154 156 157 158 156 155 153 152 151 151 151 150 149 147 147 146 147 147 147 147 148 148
142 144 146 149 154 155 154 151 149 149 148 149 150 151 154 156 158 159 161 162 164 166 169 173 175 177 178 179 179 180 181 181 179 177 175 174 173 174 176 178 178 178 174 170 165 161 158 156 155 154 153 153 153 153 154 155 156 158 160 161 162 160 157 154 154 155 156 157 155 153 151 150 149 149 149 149 149 150 150
145 147 149 152 157 158 156 154 151 150 149 149 149 150 152 154 156 157 159 161 163 166 170 173 175 176 177 179 179 180 181 181 179 176 174 173 173 174 177 180 183 185 180 175 170 166 162 160 159 158 157 157 157 157 158 159 161 163 165 166 167 165 162 159 159 159 160 161 158 156 154 153 152 152 152 152 152 152 152
148 149 152 155 158 159 157 155 152 150 149 149 149 149 150 152 153 155 157 159 161 166 171 174 175 176 177 178 179 179 181 181 178 175 173 172 172 173 177 181 188 193 186 180 175 170 166 164 163 162 161 160 161 161 162 164 166 169 172 172 172 170 168 165 164 163 164 163 161 158 156 155 154 154 154 154 154 154 154
149 150 151 153 154 154 153 151 149 148 147 147 147 148 148 149 150 152 154 156 158 165 172 174 175 174 175 175 176 177 178 177 174 171 169 168 168 170 174 179 184 187 184 180 175 172 169 167 166 165 164 164 165 166 169 171 174 177 180 180 179 177 174 171 169 167 165 163 160 158 157 157 156 156 156 156 156 156 156
150 150 150 150 151 150 149 147 146 145 145 145 146 146 146 147 148 149 152 154 156 164 171 173 173 172 172 171 173 174 174 173 170 167 164 163 163 166 170 175 179 182 181 179 176 173 171 169 168 167 167 168 169 171 174 177 180 184 188 188 187 183 180 176 173 170 167 164 161 159 159 159 159 159 159 159 159 159 159
150 149 149 148 147 145 143 142 142 142 143 143 144 145 145 145 146 147 150 153 156 162 168 169 169 169 168 166 167 168 169 168 165 162 159 158 158 162 166 171 174 176 176 176 174 172 170 169 169 169 169 170 172 175 178 182 186 191 196 196 193 189 184 181 177 173 170 166 163 161 160 160 160 160 160 161 161 161 161
150 149 147 145 143 141 139 139 140 141 141 143 143 144 144 144 145 146 149 152 156 162 166 166 165 165 164 164 165 166 167 166 163 160 157 156 156 160 164 169 172 174 174 173 172 171 170 169 169 170 171 171 174 177 181 185 189 195 201 199 197 192 188 184 180 176 172 169 166 164 163 163 162 162 162 163 163 163 163
-9999 148 146 144 141 138 135 135 -9999 -9999 -9999 -9999 -9999 -9999 -9999 -9999 -9999 -9999 -9999 -9999 -9999 -9999 -9999 -9999 -9999 -9999 -9999 -9999 -9999 -9999 -9999 -9999 -9999 -9999 -9999 -9999 -9999 -9999 -9999 -9999 -9999 -9999 -9999 170 170 169 169 169 169 170 171 173 176 179 182 186 192 196 201 200 198 194 190 186 182 178 175 172 169 167 166 165 165 165 165 165 165 166 165
-9999 148 145 142 -9999 -9999 -9999 -9999 -9999 -9999 -9999 -9999 -9999 -9999 -9999 -9999 -9999 -9999 -9999 -9999 -9999 -9999 -9999 -9999 -9999 -9999 -9999 -9999 -9999 -9999 -9999 -9999 -9999 -9999 -9999 -9999 -9999 -9999 -9999 -9999 -9999 -9999 -9999 -9999 -9999 -9999 168 168 169 170 171 173 176 179 183 187 191 195 199 198 197 194 190 187 183 180 177 174 172 170 168 167 166 166 166 166 166 166 166
-9999 147 143 141 -9999 -9999 -9999 -9999 -9999 -9999 -9999 -9999 -9999 -9999 -9999 -9999 -9999 -9999 -9999 -9999 -9999 -9999 -9999 -9999 -9999 -9999 -9999 -9999 -9999 -9999 -9999 -9999 -9999 -9999 -9999 -9999 -9999 -9999 -9999 -9999 -9999 -9999 -9999 -9999 -9999 -9999 -9999 -9999 -9999 169 171 173 176 179 183 186 190 193 195 -9999 -9999 -9999 -9999 -9999 -9999 181 178 176 174 172 171 169 168 168 168 168 168 167 167
148 144 142 139 137 135 134 134 -9999 -9999 -9999 -9999 -9999 -9999 -9999 -9999 -9999 -9999 -9999 -9999 -9999 -9999 -9999 -9999 -9999 -9999 -9999 -9999 -9999 -9999 -9999 -9999 -9999 -9999 -9999 -9999 -9999 -9999 -9999 -9999 -9999 -9999 -9999 -9999 -9999 -9999 -9999 -9999 -9999 169 171 173 175 178 181 185 188 191 193 -9999 -9999 -9999 -9999 -9999 -9999 182 180 178 176 174 172 171 170 170 169 168 168 167 166
148 142 140 138 -9999 -9999 -9999 -9999 -9999 -9999 -9999 -9999 -9999 -9999 -9999 -9999 -9999 -9999 -9999 -9999 -9999 -9999 -9999 -9999 -9999 -9999 -9999 -9999 -9999 -9999 -9999 -9999 -9999 -9999 -9999 -9999 -9999 -9999 -9999 -9999 -9999 -9999 -9999 -9999 -9999 -9999 -9999 -9999 -9999 169 171 172 -9999 -9999 -9999 -9999 -9999 -9999 -9999 -9999 -9999 -9999 -9999 -9999 -9999 -9999 -9999 179 177 176 174 173 172 171 170 169 168 167 166
145 141 139 138 -9999 -9999 -9999 -9999 -9999 -9999 -9999 -9999 -9999 -9999 -9999 -9999 -9999 -9999 -9999 -9999 -9999 -9999 -9999 -9999 -9999 -9999 -9999 -9999 -9999 -9999 -9999 -9999 -9999 -9999 -9999 -9999 -9999 -9999 -9999 -9999 -9999 -9999 -9999 -9999 -9999 -9999 -9999 -9999 -9999 169 170 172 -9999 -9999 -9999 -9999 -9999 -9999 -9999 -9999 -9999 -9999 -9999 -9999 -9999 -9999 -9999 180 178 177 176 175 173 172 171 170 169 167 166
144 140 139 138 -9999 -9999 -9999 -9999 -9999 -9999 -9999 -9999 -9999 -9999 -9999 -9999 -9999 -9999 -9999 -9999 -9999 -9999 -9999 -9999 -9999 -9999 -9999 -9999 -9999 -9999 -9999 -9999 -9999 -9999 -9999 -9999 -9999 -9999 -9999 -9999 -9999 -9999 -9999 -9999 -9999 -9999 -9999 -9999 -9999 169 170 172 -9999 -9999 -9999 -9999 -9999 -9999 -9999 -9999 -9999 -9999 -9999 -9999 -9999 -9999 -9999 180 179 178 177 176 175 174 173 172 170 168 167
144 141 139 138 -9999 -9999 -9999 -9999 -9999 -9999 -9999 -9999 -9999 -9999 -9999 -9999 -9999 -9999 -9999 -9999 -9999 -9999 -9999 -9999 -9999 -9999 -9999 -9999 -9999 -9999 -9999 -9999 -9999 -9999 -9999 -9999 -9999 -9999 -9999 -9999 -9999 -9999 -9999 -9999 -9999 -9999 -9999 -9999 -9999 -9999 -9999 -9999 -9999 -9999 -9999 -9999 -9999 -9999 -9999 -9999 -9999 -9999 -9999 -9999 -9999 -9999 -9999 -9999 -9999 179 178 177 176 175 175 173 172 170 168
144 141 139 138 -9999 -9999 -9999 -9999 -9999 -9999 -9999 -9999 -9999 -9999 -9999 -9999 -9999 -9999 -9999 -9999 -9999 -9999 -9999 -9999 -9999 -9999 -9999 -9999 -9999 -9999 -9999 -9999 -9999 -9999 -9999 -9999 -9999 -9999 -9999 -9999 -9999 -9999 -9999 -9999 -9999 -9999 -9999 -9999 -9999 -9999 -9999 -9999 -9999 -9999 -9999 -9999 -9999 -9999 -9999 -9999 -9999 -9999 -9999 -9999 -9999 -9999 -9999 -9999 -9999 -9999 179 178 177 176 176 175 174 173 172
144 141 139 138 -9999 -9999 -9999 -9999 -9999 -9999 -9999 -9999 -9999 -9999 -9999 -9999 -9999 -9999 -9999 -9999 -9999 -9999 -9999 -9999 -9999 -9999 -9999 -9999 -9999 -9999 -9999 -9999 -9999 -9999 -9999 -9999 -9999 -9999 -9999 -9999 -9999 -9999 -9999 -9999 -9999 -9999 -9999 -9999 -9999 -9999 -9999 -9999 -9999 -9999 -9999 -9999 -9999 -9999 -9999 -9999 -9999 -9999 -9999 -9999 -9999 -9999 -9999 -9999 -9999 -9999 179 179 178 178 177 177 176 176 176
