tests/testthat/test_data/rstack/jul_prec.asc
ncols         147
nrows         127
xllcorner     -90.06084375
yllcorner     23.864697408444
cellsize      0.096253424
NODATA_value  -9999
[rows 0 to 34 of 127, columns 0 to 78 of 147]
93 94 95 97 98 99 101 102 103 104 106 107 108 110 111 112 113 114 115 116 117 117 118 118 118 117 117 116 115 113 111 108 106 104 103 102 104 111 118 123 126 127 128 129 130 132 133 135 137 140 142 144 144 145 146 146 147 149 150 151 151 149 147 143 141 139 138 138 137 137 136 135 133 132 131 132 134 139 140
94 96 98 99 101 102 103 104 105 106 108 109 110 111 113 114 115 116 117 118 118 119 120 120 120 120 119 118 118 116 115 113 110 109 108 107 109 117 123 127 129 130 131 131 132 132 133 135 137 140 141 142 143 145 146 147 146 147 148 148 148 147 144 141 140 139 138 138 137 137 137 135 134 133 132 133 136 141 143
95 97 99 101 103 104 105 106 106 108 110 111 112 113 114 115 116 117 119 120 120 121 122 123 123 123 122 121 120 119 118 117 115 114 114 114 116 122 127 130 132 133 133 133 132 133 134 136 138 141 142 142 143 145 145 145 146 146 147 147 147 145 143 141 141 141 141 140 140 140 142 140 136 137 136 134 136 139 144
96 98 100 102 104 106 107 107 108 110 111 113 113 114 115 116 117 119 120 121 122 124 125 126 126 125 125 124 123 122 122 121 120 120 120 121 123 127 130 133 134 135 134 134 133 134 135 138 140 142 143 143 144 145 144 143 145 145 146 146 146 144 143 141 142 144 144 144 143 145 148 145 140 142 142 137 135 136 144
96 98 100 103 105 106 107 108 109 111 113 114 115 115 116 117 118 120 121 122 124 126 127 128 129 129 129 128 127 126 126 125 124 124 125 126 128 130 133 135 136 137 136 136 136 138 140 142 143 143 144 144 144 144 143 143 145 146 147 147 146 146 146 148 151 155 157 160 162 163 161 157 151 145 140 138 137 139 144
96 98 100 103 105 107 108 109 110 112 113 115 116 115 116 117 119 121 122 123 125 128 130 131 132 133 132 132 131 130 129 129 128 129 130 130 132 134 136 137 138 138 138 138 139 142 145 146 146 144 144 145 144 143 143 144 145 147 148 148 148 149 151 155 159 163 167 171 175 174 169 165 162 151 143 142 141 142 145
95 97 100 103 105 107 108 110 111 112 113 114 115 116 117 118 120 121 123 125 126 129 132 134 135 136 135 135 134 133 133 133 133 134 135 135 135 136 138 139 140 140 141 142 145 146 148 147 147 146 145 144 143 142 144 145 146 147 149 149 151 156 160 162 164 164 164 164 165 164 161 165 171 165 160 155 150 146 148
95 97 100 103 105 107 109 111 112 112 113 113 115 116 117 118 120 122 123 125 128 131 134 137 138 138 137 137 136 136 136 136 137 138 139 138 138 139 140 141 141 142 143 145 148 149 150 148 147 148 146 143 143 143 144 146 147 149 151 153 156 163 168 169 169 169 168 167 164 162 161 167 174 174 171 161 155 150 151
96 97 100 103 106 108 110 112 113 113 113 113 114 116 117 118 120 122 123 126 129 132 135 138 139 139 138 138 138 137 137 137 138 139 140 140 140 140 141 143 143 143 145 147 150 151 151 149 148 149 147 143 143 144 145 147 149 152 155 159 163 170 175 176 176 176 178 178 170 167 170 172 173 177 176 162 155 153 153
97 98 101 104 107 110 112 114 115 115 114 114 115 116 117 118 120 121 123 126 129 132 135 137 138 138 138 138 138 138 138 138 139 140 140 140 141 141 142 143 144 146 147 149 150 150 149 149 149 147 145 143 144 145 146 148 152 155 159 162 166 170 173 174 177 179 184 186 177 175 181 182 180 176 170 161 155 153 152
98 100 103 106 110 112 115 116 117 116 116 115 115 116 117 118 119 121 122 125 129 132 134 136 137 136 136 137 138 138 139 139 139 140 141 141 141 142 143 144 146 148 149 150 150 148 146 148 149 145 143 144 145 147 148 150 155 160 164 166 167 167 168 170 175 181 188 192 183 182 191 191 188 173 161 159 156 152 149
98 100 104 107 112 115 118 119 119 118 118 117 116 116 116 117 119 120 122 124 127 130 132 133 134 134 135 136 137 138 138 139 139 140 141 141 141 142 144 146 147 149 148 148 148 150 151 152 151 146 145 146 146 147 149 153 162 166 167 168 169 170 171 173 177 181 185 187 182 180 181 178 173 162 154 152 151 148 147
98 100 104 109 113 117 121 121 120 119 119 118 117 116 116 116 118 120 121 124 126 128 130 130 131 132 133 134 136 137 137 138 140 140 141 141 141 142 144 146 147 148 147 147 148 152 156 155 153 148 146 147 147 147 150 155 166 170 169 170 172 173 175 177 179 181 182 182 179 176 172 168 162 154 148 147 146 146 145
100 102 106 110 114 118 122 122 121 120 119 118 117 117 116 116 117 119 121 123 125 127 128 128 129 130 131 133 134 135 137 138 139 140 140 141 141 141 143 145 145 144 145 147 153 156 158 157 156 151 149 149 148 147 150 155 163 168 170 173 176 178 179 180 181 181 178 176 174 171 167 164 161 153 146 145 144 144 144
103 104 108 111 115 118 121 121 121 120 119 119 118 117 117 116 117 119 121 123 125 126 128 128 129 130 131 132 134 135 136 137 138 139 139 140 140 140 141 143 142 142 145 150 156 159 161 159 157 152 150 150 148 146 149 153 160 165 169 173 176 178 179 178 177 176 173 170 169 166 162 159 157 150 144 143 143 144 143
106 108 110 112 115 117 119 120 120 120 120 119 119 118 117 116 117 118 120 123 125 127 128 129 130 131 132 133 134 135 136 136 137 138 138 139 139 139 140 141 141 141 148 154 158 161 164 161 157 152 149 149 147 145 148 151 156 162 167 172 175 175 174 172 170 167 165 164 163 161 157 154 152 147 143 141 141 144 142
110 111 112 113 115 116 118 119 120 120 120 119 119 118 117 117 117 118 121 123 125 127 129 130 131 132 133 134 135 136 136 136 137 138 139 139 140 140 140 140 142 144 149 154 157 159 161 157 153 149 147 146 146 146 147 150 155 159 163 166 168 168 166 163 161 159 158 157 157 155 153 151 149 145 141 139 139 141 139
114 115 115 114 115 116 117 118 119 119 119 120 119 118 118 118 118 119 121 124 126 128 130 131 133 134 135 135 136 136 136 137 137 138 139 140 141 141 141 140 143 147 150 153 155 156 157 152 147 146 144 142 144 146 147 150 154 157 158 160 161 160 158 154 152 151 151 151 151 150 149 148 148 144 140 137 137 138 137
117 118 116 115 115 115 117 118 120 120 120 121 120 119 119 119 119 120 122 124 127 129 131 132 134 135 136 136 137 137 138 138 138 139 140 141 141 141 141 142 144 146 147 149 150 150 149 147 146 144 143 142 144 145 147 150 152 154 155 155 155 154 152 148 146 145 146 146 147 147 147 146 145 142 140 137 136 136 135
119 119 118 116 115 116 117 119 120 121 121 121 121 119 119 119 120 121 122 124 127 129 131 133 135 136 136 137 138 138 139 139 139 139 140 140 141 141 142 143 144 145 145 145 146 145 143 144 144 143 142 142 144 145 147 149 151 152 152 152 151 150 147 144 142 141 142 143 144 144 145 144 143 141 139 137 136 135 133
120 121 119 118 118 118 119 120 121 121 122 122 122 120 119 119 120 121 123 125 127 129 131 133 135 136 136 137 138 138 139 139 138 138 138 140 140 141 142 143 142 142 141 141 141 141 142 143 143 144 144 144 144 145 146 147 149 150 151 150 149 147 145 143 141 139 140 141 142 143 143 142 141 139 138 137 135 134 132
121 122 121 121 120 120 121 122 122 123 123 124 123 121 120 120 120 122 124 126 128 130 132 134 135 136 137 137 138 138 139 139 139 139 139 140 141 142 142 142 141 139 139 139 139 140 141 143 144 144 145 145 145 146 146 147 148 149 149 149 148 145 144 142 141 139 139 140 140 141 142 141 140 138 137 136 135 133 131
122 124 124 124 123 123 123 123 124 125 125 125 124 123 121 120 121 123 124 127 129 131 132 134 136 137 137 138 139 139 139 139 140 140 140 141 142 144 143 141 139 136 136 137 138 139 141 143 145 145 146 147 147 147 148 148 149 149 148 147 146 144 143 141 140 139 139 139 139 139 140 140 139 137 136 135 134 132 131
122 124 125 126 125 125 125 126 127 127 127 127 126 125 124 123 123 124 127 129 131 132 133 135 136 138 139 139 140 140 140 141 141 142 142 143 144 144 143 141 138 136 135 136 137 139 141 143 145 145 146 147 147 146 147 147 147 147 147 146 145 143 141 140 139 139 138 138 138 137 137 137 137 136 135 135 134 132 130
122 124 126 127 127 127 128 129 130 130 129 129 128 127 126 126 126 127 129 131 132 133 135 136 137 139 140 140 141 141 141 142 143 144 144 146 146 145 143 140 138 136 135 135 136 139 142 143 144 145 147 148 147 146 146 145 145 145 146 145 143 142 140 139 138 138 137 137 136 135 135 135 136 135 134 134 133 131 129
121 123 126 128 129 130 131 132 132 132 132 131 130 130 129 129 129 130 131 132 133 135 136 137 138 140 141 143 143 143 143 144 146 146 147 147 147 145 143 140 138 136 135 135 136 138 141 143 145 146 146 147 146 145 143 143 143 144 144 143 142 140 139 138 137 137 136 135 134 133 132 133 133 132 131 131 129 127 126
120 123 126 129 130 132 133 135 135 136 135 134 133 133 132 132 132 133 134 134 135 136 137 138 139 141 143 145 144 144 145 146 147 148 149 149 148 145 143 141 139 138 137 137 138 140 142 144 145 146 146 146 145 143 142 141 142 142 142 141 140 139 137 136 136 135 134 133 132 131 130 130 130 129 128 127 125 124 123
121 124 127 129 132 133 135 137 138 139 139 137 136 136 136 135 135 135 135 136 137 137 138 139 141 142 144 146 146 146 147 147 149 149 150 149 148 145 143 142 141 141 141 142 143 144 144 145 146 147 147 145 143 141 140 140 140 140 140 140 139 138 136 134 133 133 132 130 130 129 128 127 127 126 125 124 122 120 121
122 125 128 130 133 135 138 140 142 142 142 140 139 138 138 137 137 136 136 137 137 138 139 139 141 143 145 147 147 148 148 148 148 149 150 149 148 146 144 143 144 145 145 145 146 146 145 147 148 149 148 146 144 142 141 140 140 140 140 139 138 137 135 133 132 131 130 129 128 127 126 125 125 124 123 122 120 119 120
124 126 128 131 134 138 140 143 145 146 145 144 142 140 139 139 138 138 137 137 138 139 139 139 141 144 146 148 149 149 148 148 148 148 149 148 148 146 146 145 147 148 149 148 147 147 147 149 151 151 150 148 146 144 143 142 140 140 139 138 138 135 133 132 130 129 128 127 126 124 123 123 123 122 122 121 120 119 120
124 126 129 132 136 139 142 144 147 148 149 147 145 142 141 139 139 138 138 138 138 139 139 139 141 143 145 147 147 147 147 146 147 148 148 149 148 148 148 148 149 149 149 149 149 149 149 151 152 153 152 151 149 147 145 144 141 140 139 138 137 134 132 130 128 127 127 126 125 124 122 122 122 122 121 121 120 120 121
124 126 129 132 137 140 143 145 148 150 151 149 147 144 142 140 139 139 138 138 138 139 139 140 141 143 144 146 146 145 145 145 145 146 147 149 149 149 149 150 150 150 149 149 150 150 151 152 154 155 155 154 152 150 148 146 143 141 139 137 135 133 131 128 127 125 125 126 125 123 122 122 122 122 121 121 121 121 122
122 124 128 132 136 140 142 145 147 149 149 149 147 145 143 141 140 139 138 138 138 139 140 140 141 143 144 145 144 143 142 142 142 143 144 148 151 149 149 149 150 150 149 149 150 152 153 155 157 158 159 158 156 153 151 148 145 142 139 137 134 132 130 127 125 124 124 125 125 124 123 122 122 122 123 123 123 123 123
119 121 126 131 135 139 142 144 146 148 148 148 147 146 143 141 140 139 138 138 138 139 140 141 142 143 144 144 143 141 140 140 139 140 140 145 147 147 147 148 149 150 149 150 151 153 154 157 159 160 160 159 157 155 152 149 145 142 139 136 133 131 129 127 124 122 123 124 125 125 124 124 123 123 124 124 125 125 125
116 119 124 129 134 138 141 143 145 146 147 147 146 144 143 141 140 139 139 139 138 139 140 141 142 143 143 143 141 140 139 138 137 136 136 138 140 143 145 146 148 149 149 150 151 153 155 157 159 160 160 158 157 155 152 149 145 141 137 134 131 129 128 126 123 121 123 125 126 126 126 125 125 125 125 126 126 127 127
