tests/testthat/test_data/rstack/jun_temp.asc
ncols         147
nrows         127
xllcorner     -90.06084375
yllcorner     23.864697408444
cellsize      0.096253424
NODATA_value  -9999
[rows 0 to 32 of 127, columns 0 to 73 of 147]
29.30384 29.27445 29.25972 29.23729 29.19427 29.09676 28.95295 28.89069 28.84204 28.72654 28.61103 28.49553 28.39742 28.31021 28.16003 28.01024 27.90947 27.81439 27.72718 27.63064 27.52986 27.47025 27.39949 27.28399 27.21823 27.2035 27.24401 27.30086 27.32916 27.36627 27.42402 27.50619 27.60697 27.65947 27.69801 27.69801 27.64988 27.5208 27.3358 27.11952 26.98153 26.86925 26.8398 26.75928 26.61547 26.43037 26.22881 25.89916 25.51629 24.9818 24.67304 24.57227 24.66445 24.8091 24.96763 25.15975 25.42136 25.47703 25.39213 25.61591 25.86041 25.91702 25.9338 25.89077 25.88556 25.89914 25.8597 25.79879 25.66857 25.59248 25.57661 25.45403 25.29345 25.04656
29.31255 29.21657 29.16849 29.13087 29.12119 29.07507 28.99797 28.97542 28.95754 28.84204 28.72654 28.61103 28.47193 28.31802 28.18948 28.07305 28.00562 27.90189 27.74798 27.65359 27.58617 27.528 27.45724 27.34174 27.25952 27.21144 27.24401 27.29883 27.26042 27.25077 27.30852 27.37176 27.43919 27.45834 27.467 27.467 27.45618 27.42716 27.29944 27.11651 26.95118 26.79961 26.70346 26.61581 26.53872 26.42032 26.28547 25.98972 25.62339 25.05554 24.74816 24.68073 24.72733 24.80718 24.93236 25.1672 25.62893 25.88472 25.99994 26.1073 26.18942 26.11261 26.06263 26.05296 25.99197 25.90548 25.89094 25.84971 25.68613 25.51352 25.33088 25.09104 24.82969 24.41605
29.39708 29.2817 29.20027 29.12811 29.08076 29.04058 29.00651 29 28.99472 28.92657 28.84204 28.72654 28.561 28.36406 28.23902 28.12868 28.04725 27.93721 27.78763 27.68496 27.60353 27.52209 27.43832 27.3465 27.27149 27.21374 27.24401 27.29896 27.26489 27.24411 27.2545 27.27833 27.31241 27.318 27.31553 27.29185 27.28582 27.3095 27.22207 27.0725 26.90138 26.74264 26.65081 26.59536 26.58496 26.46554 26.30268 25.99269 25.63732 25.15452 24.90527 24.8712 24.89089 24.94051 25.24545 25.55094 25.8576 26.05683 26.18272 26.24983 26.28795 26.19613 26.12207 26.07471 25.91854 25.70832 25.60628 25.48089 25.2366 24.86405 24.34889 24.08956 23.91665 23.50199
29.51258 29.39708 29.2823 29.16771 29.05365 29.00086 29.00014 29 28.99989 28.99845 28.95754 28.84204 28.65601 28.42572 28.29678 28.18138 28.0666 27.95121 27.83498 27.71975 27.60497 27.49018 27.38808 27.32961 27.27149 27.21374 27.24401 27.29998 27.29926 27.28192 27.2256 27.20166 27.20238 27.20249 27.19654 27.13951 27.125 27.18204 27.12796 27.01174 26.84363 26.69083 26.63235 26.62515 26.68147 26.53334 26.30377 25.95989 25.61319 25.2638 25.09589 25.09517 25.09558 25.12908 25.70084 26.0884 26.09488 26.13269 26.19188 26.24983 26.29233 26.23386 26.15317 26.0391 25.77165 25.42802 25.19257 24.94061 24.59626 23.98152 23.06612 22.82724 22.82006 22.47211
29.68459 29.56897 29.42083 29.28158 29.16607 29.11301 29.11301 29.08661 29.05651 29.05651 29.03912 28.98889 28.80753 28.54388 28.38222 28.23902 28.12352 28.00802 27.89251 27.77701 27.6615 27.48356 27.32314 27.23276 27.15848 27.10073 27.10613 27.13248 27.19774 27.24574 27.25326 27.23799 27.20535 27.2 27.19738 27.17226 27.14154 27.10139 27.01292 26.89741 26.75906 26.64483 26.65235 26.63857 26.59843 26.30511 25.91094 25.65993 25.46889 25.44871 25.37109 25.24056 25.41898 25.68509 26.03418 26.22698 26.09645 26.05842 26.08354 26.16497 26.23163 26.14125 25.89736 25.42289 24.90309 24.36078 23.86552 23.38322 22.93881 22.54543 22.2088 22.14614 22.17925 22.25697
29.87211 29.75636 29.57487 29.4091 29.28536 29.22406 29.21583 29.16753 29.11362 29.10538 29.09715 29.08892 28.92349 28.65944 28.48282 28.3228 28.19083 28.06577 27.95026 27.82909 27.70536 27.47899 27.27028 27.13831 27.04704 26.99752 26.98574 26.98877 27.0878 27.1745 27.23225 27.22445 27.1667 27.15723 27.15809 27.16632 27.13456 27.03553 26.93121 26.82394 26.71667 26.63147 26.64805 26.58725 26.43057 26.05547 25.59334 25.45583 25.40695 25.60502 25.62262 25.47395 25.7746 26.17887 26.31096 26.33009 26.11555 26.01873 26.00226 26.07124 26.11377 25.89122 25.49047 24.82203 24.18668 23.56776 22.97198 22.39978 21.91295 21.68793 21.75403 21.71619 21.64658 21.99321
30.10311 29.98724 29.7724 29.57327 29.41618 29.32154 29.27995 29.22528 29.16879 29.1272 29.08561 29.04403 28.92722 28.76322 28.62777 28.48596 28.28728 28.12352 28.00802 27.86389 27.7068 27.47899 27.25526 27.05658 26.948 26.93184 26.92799 26.92898 26.96131 27.00124 27.05899 27.0512 26.99345 26.98397 26.98831 27.0299 27.04393 27.0116 26.9526 26.87868 26.80476 26.71726 26.56707 26.33951 26.01607 25.76041 25.53175 25.5621 25.60433 25.66899 25.79622 25.98108 26.22055 26.45806 26.42338 26.35183 26.20399 26.09459 26.01141 25.95613 25.82586 25.16973 24.64198 24.30708 23.98297 23.66423 23.46234 23.23567 22.88225 22.63271 22.4987 22.01327 21.41314 21.5263
30.29987 30.21819 29.98718 29.75786 29.53304 29.37996 29.28783 29.22351 29.1671 29.12653 29.08002 29.02227 28.93959 28.84127 28.72778 28.6 28.40337 28.23358 28.10089 27.91662 27.70899 27.47899 27.24411 26.99591 26.87872 26.89591 26.9262 26.959 26.94181 26.95217 27.02711 27.02675 26.969 26.95952 26.96376 27.00432 27.02335 27.00616 26.96297 26.90521 26.8631 26.78553 26.53734 26.22711 25.84003 25.68404 25.6201 25.74956 25.84015 25.80577 26.00542 26.42068 26.5501 26.59436 26.49604 26.38652 26.25383 26.07007 25.85143 25.6328 25.33595 24.52124 23.96977 23.8137 23.66912 23.53024 23.42484 23.32947 23.26415 23.07969 22.76274 22.17849 21.50708 21.38676
30.46442 30.4492 30.21819 29.96164 29.63676 29.40165 29.24281 29.16576 29.11193 29.10472 29.08002 29.02227 28.96008 28.89512 28.78554 28.66785 28.53792 28.39283 28.22679 27.98621 27.71187 27.47899 27.2366 26.95505 26.83743 26.88798 26.97703 27.07348 27.02294 27.01989 27.12819 27.14226 27.0845 27.07503 27.07578 27.08299 27.06867 27.01813 26.96297 26.90521 26.89344 26.83734 26.55579 26.24201 25.88828 25.81334 25.84946 26.01337 26.11209 26.01101 26.24812 26.79679 26.77017 26.59627 26.53131 26.43341 26.26736 25.95114 25.53239 25.11364 24.65606 23.9414 23.46333 23.34062 23.25167 23.1795 22.89091 22.72535 23.09362 23.05847 22.57476 22.21969 21.90891 21.55512
30.48078 30.45378 30.19663 29.92939 29.63516 29.37807 29.15253 29.06274 29.00947 29.00947 29.00758 29.00211 28.98058 28.94897 28.86637 28.76909 28.62745 28.48351 28.33639 28.0738 27.75889 27.52425 27.29202 27.05554 26.97721 27.0611 27.14916 27.23403 27.17628 27.16252 27.25188 27.28743 27.28196 27.23736 27.19053 27.19053 27.169 27.11125 27.03673 26.95284 26.82635 26.68146 26.47112 26.2817 26.11818 26.18767 26.34999 26.29165 26.28863 26.46068 26.6941 26.98407 26.86301 26.64045 26.55656 26.39244 26.06233 25.66936 25.23349 24.88783 24.55366 24.20047 23.92139 23.7536 23.50214 23.20911 22.71909 22.42975 22.97019 22.95911 22.33478 22.07986 21.95679 22.15378
30.44894 30.38687 30.09985 29.8276 29.59485 29.33277 29.04575 28.94563 28.8941 28.89584 28.91757 28.97706 29 29 28.94901 28.87404 28.70253 28.55453 28.43902 28.16692 27.8239 27.58971 27.37423 27.2062 27.17642 27.28843 27.35777 27.41031 27.35255 27.32934 27.38709 27.44187 27.4944 27.40792 27.30603 27.30603 27.2832 27.22197 27.12258 27.00184 26.73142 26.47826 26.37321 26.34088 26.39863 26.60787 26.87747 26.55308 26.43357 26.9516 27.16903 27.10954 26.91886 26.69901 26.57653 26.31835 25.77942 25.33191 24.94681 24.749 24.60991 24.66243 24.60233 24.37307 23.91694 23.34814 22.67605 22.26361 22.88494 22.8706 22.14945 21.9737 21.99707 22.91587
30.28439 30.15598 29.90232 29.64527 29.37917 29.11979 28.86613 28.79936 28.78118 28.81628 28.87135 28.9642 29 29 28.94901 28.87909 28.74093 28.61228 28.49677 28.27059 27.99427 27.79487 27.62777 27.5598 27.54775 27.59307 27.62111 27.64131 27.58356 27.56034 27.6181 27.6161 27.56857 27.49356 27.42154 27.42154 27.37384 27.2459 27.05841 26.83762 26.61885 26.45617 26.55124 26.62964 26.68739 26.63427 26.53698 26.4362 26.48292 26.96759 27.15168 27.05883 26.94004 26.80685 26.55097 26.0833 25.17748 24.79918 24.78096 24.71982 24.65453 24.607 24.50016 24.30425 23.97061 23.56857 23.15696 22.90192 23.25643 23.37008 23.21593 23.38447 23.67083 24.48958
30.12491 29.9621 29.73109 29.48437 29.19561 28.94386 28.72354 28.68148 28.68679 28.75523 28.83626 28.94107 28.98148 28.98148 28.93049 28.86562 28.76081 28.656 28.55119 28.36689 28.14658 27.99175 27.87408 27.87408 27.88992 27.92201 27.91334 27.89084 27.83309 27.80028 27.82594 27.78364 27.68953 27.61687 27.55333 27.53194 27.45791 27.29535 27.05186 26.76311 26.61835 26.54657 26.74549 26.83358 26.78437 26.5608 26.26777 26.31976 26.47401 26.91463 27.07137 26.96656 26.93263 26.89863 26.55212 25.97003 24.90056 24.55312 24.69856 24.67238 24.60795 24.47106 24.32818 24.17632 23.97587 23.75128 23.63088 23.57411 23.73667 23.95189 24.22569 24.61533 25.04781 25.72371
29.97618 29.8466 29.61559 29.36887 29.0801 28.84638 28.65942 28.62373 28.63162 28.73342 28.82472 28.89618 28.92373 28.92373 28.87274 28.81291 28.74146 28.67 28.59855 28.4476 28.26064 28.17107 28.10509 28.10509 28.17032 28.30247 28.26677 28.1796 28.12185 28.05912 27.98473 27.93699 27.90959 27.81999 27.71962 27.63153 27.5281 27.39889 27.16737 26.87861 26.85522 26.87526 26.97412 26.85787 26.47513 26.27579 26.14953 26.20426 26.34169 26.71561 26.85772 26.78626 26.86463 26.95638 26.60987 26.11473 25.31208 24.91432 24.79293 24.58625 24.36819 24.16459 24.00833 23.92317 23.87856 23.8541 24.09 24.31804 24.44725 24.70809 25.11529 25.46512 25.79616 26.23859
29.813 29.69714 29.48578 29.26941 29.0396 28.86161 28.72765 28.68618 28.67396 28.75016 28.81998 28.87773 28.88793 28.86827 28.83233 28.79423 28.75613 28.70978 28.65203 28.51478 28.34152 28.27877 28.2296 28.20995 28.27583 28.42943 28.39293 28.29823 28.24048 28.16546 28.04996 28.01115 28.0308 27.9539 27.85394 27.71879 27.59829 27.50243 27.29547 27.02636 27.03674 27.05033 26.95088 26.6988 26.25763 26.09065 26.0329 26.12741 26.28733 26.63384 26.76994 26.71219 26.85219 27.01865 26.75074 26.36351 25.72944 25.29988 25.00992 24.70404 24.42384 24.33038 24.28261 24.30346 24.33583 24.37393 24.68136 24.96796 25.10312 25.39304 25.85506 26.15936 26.40942 26.71664
29.63975 29.52401 29.34601 29.18113 29.05138 28.95542 28.88817 28.83245 28.78429 28.79379 28.81998 28.87773 28.86743 28.81443 28.80403 28.79928 28.79453 28.76753 28.70978 28.57253 28.39927 28.33652 28.27984 28.22684 28.25936 28.37961 28.36059 28.29823 28.24048 28.16546 28.04996 28.03008 28.08308 28.03953 27.96597 27.79746 27.66848 27.60597 27.43237 27.19661 27.17965 27.11828 26.75201 26.41188 26.10412 25.97515 25.91739 26.07751 26.28733 26.63384 26.76994 26.71219 26.87851 27.08406 26.94956 26.68488 26.15086 25.70243 25.31241 24.96402 24.68548 24.82549 24.9712 25.12546 25.17983 25.18457 25.36494 25.55232 25.72083 26.02831 26.49033 26.74514 26.9285 27.169
29.54452 29.40051 29.28447 29.17635 29.08945 29.00284 28.91649 28.87642 28.84953 28.84953 28.85961 28.88876 28.89967 28.89912 28.8738 28.84953 28.84953 28.82528 28.76753 28.63028 28.45703 28.39428 28.33652 28.27877 28.26419 28.29388 28.27873 28.24871 28.19096 28.12449 28.03759 28.00031 28.00085 27.88094 27.73726 27.59261 27.50168 27.50114 27.40783 27.26263 27.14544 26.99976 26.70992 26.45888 26.25593 26.15682 26.09906 26.35293 26.59799 26.80148 26.89878 26.89823 26.96753 27.04548 26.95858 26.76792 26.36256 26.02586 25.73601 25.49599 25.30957 25.42562 25.54167 25.65772 25.69623 25.69623 25.8585 26.04349 26.27395 26.54633 26.86533 27.05497 27.20052 27.43153
29.4768 29.29977 29.23781 29.177 29.11925 29.03482 28.92773 28.90388 28.9 28.9 28.9 28.9 28.93549 28.99324 28.95272 28.90728 28.90728 28.88304 28.82528 28.69093 28.52188 28.45529 28.39428 28.33652 28.2767 28.21474 28.2 28.19811 28.13615 28.07294 28.00677 27.94061 27.87445 27.67752 27.46698 27.35988 27.31425 27.372 27.35029 27.28413 27.07948 26.87212 26.71569 26.57941 26.46811 26.40413 26.35899 26.67011 26.92183 26.97959 27.03078 27.07591 27.04651 26.99669 26.93893 26.81002 26.53387 26.32887 26.17243 26.05131 25.95689 26.00203 26.05221 26.10996 26.13474 26.14315 26.31383 26.51573 26.79608 27.02174 27.18659 27.3117 27.42416 27.64676
29.51003 29.29965 29.20434 29.11925 29.0615 29.01313 28.97274 28.93464 28.9 28.9 28.9 28.9 28.93549 28.99324 28.98217 28.96503 28.96503 28.94079 28.88304 28.77164 28.63594 28.53888 28.45203 28.39428 28.31798 28.22268 28.2 28.19709 28.10178 27.99524 27.86237 27.72951 27.59664 27.44452 27.30069 27.2603 27.2565 27.31425 27.24976 27.11689 26.99725 26.8959 26.87287 26.82532 26.74737 26.76444 26.81936 26.9025 26.97959 27.03734 27.03645 26.98153 26.98363 26.99669 26.93893 26.84262 26.66654 26.58142 26.55839 26.45558 26.34802 26.2931 26.28321 26.34097 26.41032 26.48543 26.72282 26.96407 27.17771 27.33667 27.43481 27.51796 27.59672 27.75261
29.56261 29.34514 29.22964 29.12627 29.05536 29.02279 29.02279 28.97606 28.92278 28.92278 28.92278 28.92278 28.95827 29.01602 29.0344 29.04557 29.04557 29.01028 28.92621 28.82956 28.72721 28.63746 28.54942 28.46535 28.37226 28.26992 28.24557 28.24204 28.12654 27.99376 27.82051 27.66219 27.51525 27.39459 27.28839 27.26208 27.2622 27.30679 27.21168 27.03842 27.00616 27.00143 27.05918 27.0771 27.04566 27.08167 27.14454 27.07582 27.03071 27.06214 27.0308 26.94161 26.96835 27.02098 26.98955 26.93929 26.85011 26.83261 26.86404 26.78005 26.67771 26.57536 26.53175 26.57634 26.6771 26.80577 27.05972 27.30388 27.47713 27.60193 27.67284 27.72423 27.76942 27.87177
29.64489 29.46065 29.34514 29.2327 29.12843 29.08054 29.08054 29.03381 28.98054 28.98054 28.98054 28.98054 29.01602 29.07377 29.1216 29.16107 29.16107 29.09778 28.947 28.85251 28.78352 28.75903 28.70766 28.55688 28.44648 28.37749 28.36107 28.35754 28.24204 28.10927 27.93601 27.81554 27.73531 27.6256 27.51244 27.41941 27.36526 27.3765 27.26943 27.09617 27.15494 27.23244 27.29019 27.3379 27.37317 27.33277 27.26223 27.15852 27.07165 27.03638 27.00776 26.98528 27.0261 27.08256 27.11783 27.13428 27.1118 27.08172 27.04645 26.98209 26.91309 26.8441 26.80717 26.81842 26.9304 27.09241 27.28601 27.47713 27.65039 27.79098 27.89524 27.93049 27.94233 28.01132
29.74919 29.57615 29.46065 29.35116 29.25777 29.19096 29.14673 29.10945 29.07658 29.07658 29.07658 29.07658 29.11206 29.16982 29.22757 29.27323 29.25112 29.17484 29.02369 28.93683 28.87908 28.85542 28.80923 28.6802 28.57544 28.49558 28.47658 28.47305 28.35754 28.238 28.10896 28.00783 27.92797 27.79983 27.66683 27.57344 27.47364 27.36308 27.28322 27.22052 27.34006 27.45951 27.49514 27.51103 27.50245 27.40159 27.26397 27.14811 27.05273 27.01709 27 27 27.04556 27.10458 27.18445 27.24549 27.26761 27.26854 27.25501 27.20333 27.14848 27.11284 27.07377 27.02954 27.11585 27.26699 27.43885 27.6121 27.78536 27.93127 28.04677 28.06017 28.03843 28.05196
29.8647 29.69165 29.57615 29.47574 29.4157 29.32815 29.21722 29.19419 29.19208 29.19208 29.19208 29.19208 29.22757 29.28532 29.34307 29.38369 29.32822 29.24659 29.1288 29.05233 28.99458 28.93902 28.88201 28.81968 28.73223 28.61902 28.59208 28.58855 28.47305 28.37345 28.31112 28.21992 28.1067 27.94521 27.78581 27.72578 27.58473 27.3074 27.27466 27.37873 27.54366 27.68457 27.68686 27.6396 27.53095 27.37774 27.20677 27.09035 27.00338 27.0011 27 27 27.04556 27.1065 27.21972 27.31411 27.36958 27.42369 27.47686 27.43434 27.38386 27.38157 27.33587 27.22494 27.26682 27.38461 27.55435 27.72761 27.90086 28.04677 28.16228 28.15093 28.09549 28.04231
30.03399 29.86095 29.74545 29.62875 29.50887 29.40814 29.32371 29.28245 29.25379 29.25379 29.25379 29.25379 29.28928 29.34703 29.40478 29.44035 29.35153 29.26455 29.18011 29.13543 29.10874 29.02261 28.94079 28.88304 28.81211 28.72767 28.68391 28.65216 28.59879 28.54411 28.48636 28.3782 28.23163 28.08873 27.93914 27.72606 27.55425 27.45189 27.46932 27.55376 27.66247 27.75933 27.79039 27.74212 27.59555 27.40768 27.20336 27.14751 27.09976 27.06869 27.05379 27.05379 27.12387 27.216 27.36257 27.49032 27.57914 27.64949 27.70724 27.66534 27.61109 27.58003 27.52763 27.44319 27.47159 27.55602 27.66545 27.78932 27.96257 28.09377 28.17821 28.1341 28.04561 27.98785
30.1957 30.02264 29.90047 29.76439 29.59114 29.47672 29.4123 29.35327 29.3 29.3 29.30461 29.31795 29.35448 29.40556 29.45665 29.48353 29.37469 29.2901 29.23901 29.2185 29.21183 29.10104 29.00004 28.94896 28.89787 28.84679 28.78046 28.71175 28.71842 28.70383 28.63941 28.51323 28.33997 28.20942 28.06662 27.74677 27.56274 27.60715 27.66012 27.71788 27.76956 27.82183 27.87959 27.83714 27.67055 27.4722 27.26119 27.23805 27.20853 27.15078 27.12656 27.13323 27.22576 27.34496 27.52488 27.68164 27.79048 27.86499 27.91608 27.87901 27.82618 27.76176 27.70001 27.64226 27.65722 27.70831 27.77188 27.85588 28.0158 28.12419 28.17527 28.10276 27.98792 27.93684
30.31121 30.13802 29.98249 29.82214 29.64889 29.51644 29.41867 29.35327 29.3 29.3 29.32769 29.40773 29.44949 29.46722 29.48495 29.48857 29.41309 29.36185 29.34412 29.31105 29.27103 29.15879 29.0653 29.04757 29.02984 29.01211 28.90288 28.77052 28.81054 28.80936 28.71159 28.57098 28.39772 28.23929 28.08054 27.89411 27.76888 27.74659 27.77563 27.83338 27.85472 27.87959 27.93734 27.90979 27.77655 27.65925 27.54831 27.42839 27.32404 27.26628 27.25942 27.29944 27.39901 27.52013 27.73341 27.90178 27.97727 28.01843 28.03616 28.02329 27.99506 27.89729 27.81551 27.75776 27.75044 27.76817 27.86087 27.95771 28.05092 28.1084 28.12613 28.045 27.93052 27.91279
30.38818 30.19936 30.0261 29.8571 29.69946 29.56461 29.4491 29.36768 29.3 29.3 29.33996 29.45547 29.5096 29.52522 29.51326 29.49362 29.45149 29.42049 29.40487 29.36025 29.3025 29.21938 29.1541 29.1541 29.14639 29.13077 29.00692 28.85491 28.88142 28.86546 28.74996 28.61055 28.45291 28.30834 28.16746 28.03633 27.95004 27.93915 27.93221 27.92747 27.89863 27.87768 27.90419 27.86727 27.75176 27.71107 27.70018 27.56032 27.43954 27.38179 27.39228 27.46566 27.58459 27.71786 27.88639 28.01882 28.07657 28.11857 28.14981 28.14062 28.11394 28.01406 27.93726 27.89513 27.87071 27.85509 27.94765 28.03889 28.09664 28.11965 28.10403 28.02589 27.92689 27.91126
30.42141 30.19936 30.0261 29.86617 29.74189 29.62236 29.50685 29.39845 29.3 29.3 29.33996 29.45547 29.53009 29.57907 29.54156 29.49867 29.48989 29.46424 29.41527 29.36025 29.3025 29.2832 29.2696 29.2696 29.24542 29.19645 29.09009 28.96837 28.92818 28.86546 28.74996 28.62947 28.50519 28.42185 28.33723 28.17276 28.10285 28.19201 28.13541 27.99727 27.89569 27.80804 27.76784 27.69401 27.5785 27.60937 27.69854 27.62593 27.55505 27.49729 27.52515 27.63188 27.78416 27.94122 27.97633 28.01882 28.07657 28.15821 28.25616 28.22735 28.17607 28.10954 28.06609 28.05731 28.02168 27.97271 28.03191 28.09664 28.15439 28.16161 28.11264 28.05064 27.98429 27.93532
30.3876 30.15699 30.03288 29.90443 29.76435 29.63756 29.52205 29.38667 29.25745 29.25745 29.29741 29.41291 29.49293 29.55069 29.54985 29.54255 29.54255 29.51831 29.46056 29.4028 29.34505 29.34255 29.34255 29.34255 29.3383 29.3297 29.23963 29.12439 29.01749 28.90802 28.79251 28.7049 28.63854 28.55884 28.47472 28.37519 28.31918 28.33638 28.2472 28.09852 27.93531 27.78533 27.703 27.64976 27.63256 27.71025 27.82576 27.74668 27.67674 27.64356 27.70057 27.84064 27.94873 28.04255 28.04255 28.06137 28.11912 28.19659 28.28752 28.25017 28.19887 28.19027 28.1851 28.1851 28.16294 28.12976 28.15873 28.19191 28.22508 28.22684 28.19366 28.12402 28.04195 27.9842
30.33011 30.10009 30.04216 29.95285 29.77959 29.63746 29.52178 29.35966 29.2 29.2 29.23984 29.35499 29.4352 29.49348 29.55129 29.60028 29.6001 29.57583 29.51825 29.46056 29.4028 29.40014 29.40004 29.40022 29.42881 29.48656 29.41228 29.29502 29.12194 28.96612 28.8508 28.80081 28.80064 28.70406 28.60059 28.60041 28.55724 28.44174 28.32612 28.21044 27.99032 27.78042 27.66545 27.65318 27.76816 27.88351 27.99901 27.88748 27.80117 27.80099 27.89091 28.06381 28.1003 28.1003 28.1003 28.11912 28.17688 28.23452 28.2921 28.25033 28.20788 28.26563 28.30044 28.30079 28.30091 28.30091 28.30058 28.3003 28.3003 28.30022 28.30005 28.21443 28.09971 28.0423
30.3214 30.15772 30.06644 29.95285 29.77959 29.61943 29.4704 29.3289 29.2 29.2 29.21676 29.26521 29.38118 29.53951 29.60905 29.65298 29.61945 29.58983 29.56561 29.51831 29.46056 29.42598 29.40755 29.44108 29.48656 29.54432 29.47003 29.35379 29.21406 29.0916 29.00963 28.95514 28.92161 28.81956 28.71261 28.67908 28.61499 28.49949 28.36248 28.21345 28.08135 27.97151 27.95659 27.955 27.96992 28.05677 28.17227 28.09354 28.02377 27.99025 28.02944 28.13564 28.15806 28.15806 28.15806 28.17687 28.23463 28.27245 28.29667 28.2791 28.26563 28.32339 28.38486 28.45191 28.47417 28.47417 28.41136 28.35806 28.35806 28.34218 28.30865 28.23918 28.15815 28.16746
30.30598 30.19954 30.07491 29.93704 29.76378 29.59546 29.43134 29.31394 29.21581 29.21581 29.21897 29.2281 29.35673 29.56035 29.64324 29.69264 29.64402 29.61581 29.61581 29.56978 29.5029 29.45348 29.42881 29.48656 29.53981 29.58843 29.51198 29.39703 29.29978 29.21708 29.16846 29.10947 29.04259 28.9198 28.79492 28.7463 28.67955 28.58231 28.44217 28.27805 28.21069 28.17352 28.23128 28.23744 28.17969 28.23277 28.33002 28.27481 28.21936 28.17074 28.17273 28.22135 28.22441 28.21528 28.20616 28.21585 28.26447 28.28962 28.29875 28.30788 28.32339 28.38114 28.46562 28.59025 28.63772 28.64684 28.53924 28.44555 28.43642 28.40859 28.35997 28.31812 28.27936 28.30972
30.27275 30.19942 30.04143 29.87929 29.70603 29.55574 29.42497 29.34092 29.27356 29.27356 29.28826 29.33074 29.41075 29.51431 29.61494 29.69769 29.68242 29.67356 29.67356 29.60457 29.50434 29.48539 29.48656 29.54432 29.5811 29.59637 29.51198 29.39907 29.36853 29.34255 29.32728 29.2638 29.16357 28.97954 28.7984 28.78314 28.76217 28.73163 28.63682 28.50604 28.4417 28.40453 28.46228 28.46844 28.41069 28.41608 28.44662 28.39032 28.34327 28.328 28.32863 28.3439 28.3136 28.27112 28.22864 28.20498 28.22025 28.25169 28.29417 28.33665 28.38114 28.43889 28.5367 28.69469 28.7755 28.81799 28.7125 28.61197 28.56949 28.53989 28.52462 28.54087 28.56707 28.49738
