tests/testthat/test_data/rstack/jun_prec.asc
ncols         147
nrows         127
xllcorner     -90.06084375
yllcorner     23.864697408444
cellsize      0.096253424
NODATA_value  -9999
[rows 35 to 69 of 127, columns 0 to 78 of 147]
30 30 32 33 35 37 38 40 40 41 42 42 42 42 42 41 41 41 40 40 40 41 42 43 44 45 46 48 49 50 51 51 51 51 51 51 52 53 54 56 58 61 61 62 63 63 62 62 60 58 57 57 59 62 64 65 67 67 67 66 65 64 63 62 60 59 58 58 61 63 64 66 67 68 69 71 73 75 77
30 31 33 36 38 40 42 43 43 43 43 43 43 43 43 42 42 42 41 42 42 42 42 44 45 46 47 49 50 51 53 53 53 53 53 53 54 55 55 56 59 61 63 64 65 65 64 64 63 61 60 59 61 63 64 65 67 68 69 68 67 65 64 63 62 61 61 61 63 65 68 69 70 71 72 74 76 78 80
30 32 36 39 42 44 45 46 45 45 45 44 44 44 44 44 44 44 44 44 44 44 45 46 47 48 50 51 52 53 54 55 55 55 55 54 55 55 56 57 60 63 64 66 68 68 67 66 65 63 61 59 60 61 63 66 67 69 70 70 69 67 66 66 65 64 64 64 67 69 71 72 74 74 75 77 79 81 83
32 34 38 42 45 47 49 48 48 47 46 45 45 45 46 46 46 46 46 46 46 46 47 48 49 51 52 53 54 55 56 57 57 57 57 56 56 56 57 59 61 64 67 69 71 71 71 69 68 65 63 60 60 61 64 66 69 70 71 71 71 69 69 68 68 67 67 68 70 72 74 76 77 78 79 80 81 84 85
34 37 40 44 48 50 51 50 49 48 47 46 46 47 47 48 47 47 47 47 47 48 49 50 52 53 54 55 56 57 59 59 60 60 59 58 58 58 59 61 64 67 70 73 75 76 76 74 71 68 65 62 61 62 65 68 70 72 73 73 73 72 71 71 71 71 71 72 73 75 78 80 81 82 83 83 85 87 88
38 40 43 46 49 51 52 51 50 49 48 47 47 48 48 49 50 50 49 49 49 50 51 53 54 55 56 58 59 60 61 62 63 62 62 61 61 61 62 64 66 69 73 77 81 82 81 78 74 71 68 65 65 65 68 71 73 74 75 76 76 75 74 74 74 75 75 75 77 79 82 83 85 85 86 87 88 89 91
42 44 46 48 50 51 51 51 50 49 49 48 48 49 50 51 52 52 52 52 52 53 54 56 57 58 59 61 62 63 64 65 66 66 66 65 65 65 65 67 69 72 77 82 88 88 86 82 78 74 72 70 70 71 72 74 75 76 78 78 79 78 77 77 77 78 78 79 80 82 84 86 88 88 89 90 91 92 94
47 48 50 51 52 52 51 50 49 49 49 49 49 50 51 53 54 54 54 54 55 56 57 59 60 61 62 64 66 67 68 68 69 69 70 69 69 69 69 70 72 74 78 82 88 88 87 84 81 78 76 74 74 75 77 78 79 80 81 81 82 81 81 80 80 81 81 82 83 84 86 88 90 91 92 93 94 95 96
52 53 53 53 53 53 51 50 49 48 48 50 51 51 53 54 55 56 56 57 58 60 61 62 63 64 66 68 69 71 71 72 73 73 74 74 73 73 73 73 74 76 78 82 86 88 88 86 84 82 80 78 78 80 81 82 83 84 85 85 85 85 84 84 84 84 84 85 86 87 88 90 92 94 95 96 97 98 100
57 57 57 56 55 53 52 50 49 48 48 50 52 53 55 57 58 59 59 60 61 63 64 66 68 69 70 72 73 74 76 77 77 77 78 77 77 77 76 76 77 77 79 82 85 87 87 87 86 84 83 82 82 83 84 85 87 88 89 89 89 88 88 87 87 87 87 87 88 89 91 93 95 96 98 100 101 102 104
61 61 60 58 56 55 53 51 49 48 49 51 53 55 57 59 60 62 62 63 64 66 68 71 72 73 75 76 77 79 80 81 82 82 82 81 81 81 81 80 80 80 81 82 85 86 87 87 87 87 86 85 86 87 88 89 90 91 93 93 93 93 92 91 91 90 90 89 90 92 94 96 97 99 101 103 105 106 108
65 64 62 61 58 56 54 52 51 50 50 53 55 57 59 61 63 65 66 67 68 70 72 75 76 77 79 81 82 84 85 86 86 86 86 86 86 86 85 85 84 84 84 85 86 87 88 88 89 89 89 88 89 90 91 92 94 95 97 98 99 98 97 97 95 94 92 92 93 94 97 99 101 103 104 106 108 110 111
67 66 64 62 60 57 55 54 52 52 53 55 57 59 61 63 66 68 69 70 72 74 76 78 80 81 83 86 87 89 90 90 91 91 91 91 90 90 90 90 89 88 88 88 88 89 89 90 91 91 92 91 92 93 95 96 98 99 101 103 104 104 103 102 100 98 96 95 96 97 99 102 104 106 108 110 112 113 115
68 67 66 64 62 59 56 55 54 55 55 57 59 62 63 65 68 71 72 74 76 78 79 82 84 86 89 91 92 93 94 95 96 96 96 96 96 95 95 95 94 93 91 91 90 90 91 92 93 94 94 95 96 97 98 99 101 103 105 107 109 109 109 107 105 102 100 98 99 101 102 105 107 109 111 114 116 118 119
68 68 67 65 63 61 59 58 57 58 59 60 62 64 66 68 71 74 76 78 80 82 83 86 88 91 93 95 97 98 99 99 100 100 100 100 100 100 100 100 99 98 96 95 93 93 94 95 96 97 98 98 99 100 102 103 105 107 109 111 112 113 113 111 109 107 105 103 104 105 106 109 111 113 116 118 120 122 123
68 69 67 66 64 63 62 61 60 61 62 63 65 68 69 71 74 77 79 82 84 86 87 90 93 95 98 100 101 102 103 104 105 105 105 105 105 105 105 105 104 103 101 99 96 96 97 98 99 100 101 102 103 104 106 107 109 111 113 114 116 117 117 115 113 111 109 108 108 109 110 113 115 117 120 122 124 126 127
68 69 68 66 66 65 64 64 63 64 66 67 69 71 73 75 78 80 83 86 88 90 92 95 98 100 102 105 106 107 107 108 109 110 110 110 110 110 110 110 110 109 107 105 102 102 102 102 102 103 104 105 106 107 109 110 112 115 117 119 121 121 121 119 117 115 113 112 112 113 115 117 119 121 124 126 128 130 132
68 69 68 67 67 66 66 66 67 68 70 71 73 75 76 78 81 84 87 89 92 94 96 99 102 104 107 109 110 112 113 114 114 114 114 114 114 115 115 116 116 115 113 111 108 107 106 106 106 106 107 108 110 111 112 113 116 118 121 124 126 126 126 124 122 119 117 116 116 117 119 121 123 126 128 130 132 135 136
69 69 68 68 68 68 68 69 70 72 73 75 76 78 80 82 85 87 90 93 95 97 100 103 106 108 110 112 114 117 119 120 120 119 118 117 118 119 120 122 122 122 119 116 114 112 110 110 109 110 111 112 113 114 115 117 119 122 126 129 131 131 130 129 127 124 121 119 120 121 123 125 127 130 133 135 137 139 140
70 70 70 69 69 69 70 72 73 75 77 79 80 81 83 85 87 90 93 96 99 101 104 107 109 111 113 115 118 121 124 125 124 122 121 120 119 120 122 125 127 128 124 121 117 115 113 113 113 113 114 115 116 118 119 121 124 128 132 134 136 136 135 134 131 129 126 124 124 125 127 129 132 134 137 139 141 143 145
72 72 71 71 70 71 72 74 76 79 81 82 84 85 86 87 90 92 96 99 102 105 108 111 112 113 115 117 121 124 128 129 128 126 123 121 120 121 124 128 132 134 129 124 120 118 116 116 116 116 117 118 119 121 123 126 130 134 138 140 141 141 140 138 136 133 130 128 128 129 131 133 136 138 141 144 146 148 150
74 74 73 73 72 73 74 76 78 81 84 86 88 88 88 88 90 93 97 102 106 110 113 114 114 113 114 115 120 124 128 129 128 125 122 119 118 118 121 125 128 130 127 124 121 119 118 118 118 119 120 121 123 125 128 131 136 140 145 146 147 147 145 143 140 138 135 133 133 133 135 137 140 143 146 148 151 152 154
76 76 75 74 74 75 75 77 80 83 87 90 91 91 90 89 91 94 98 103 109 113 116 116 114 112 112 112 117 122 126 127 126 124 121 117 115 116 118 122 124 126 124 122 121 120 119 119 119 120 122 124 126 129 132 136 141 146 151 153 154 152 150 147 145 142 140 138 137 137 139 141 144 147 150 153 155 157 159
79 79 77 76 76 76 76 78 81 85 89 95 95 93 91 89 90 93 98 103 108 112 115 114 112 109 107 105 110 115 120 122 122 121 119 115 113 113 115 118 120 122 121 120 119 118 118 118 119 120 122 125 128 131 135 140 146 152 158 159 159 156 154 151 149 146 145 143 142 142 144 146 148 152 155 158 160 162 164
81 82 80 78 77 77 77 78 81 85 90 97 97 93 91 89 90 92 97 103 108 111 113 111 109 106 104 102 107 113 118 120 121 120 118 114 112 112 114 117 119 120 118 117 117 116 115 116 117 119 122 125 128 132 136 141 147 154 160 162 162 159 156 154 152 150 148 147 146 146 148 150 153 156 159 162 165 167 169
-9999 85 82 80 79 78 78 78 -9999 -9999 -9999 -9999 -9999 -9999 -9999 -9999 -9999 -9999 -9999 -9999 -9999 -9999 -9999 -9999 -9999 -9999 -9999 -9999 -9999 -9999 -9999 -9999 -9999 -9999 -9999 -9999 -9999 -9999 -9999 -9999 -9999 -9999 -9999 114 114 113 112 114 116 118 121 124 127 131 136 141 147 153 159 161 162 160 158 155 154 153 151 150 150 151 153 155 157 161 164 167 170 173 173
-9999 87 84 82 -9999 -9999 -9999 -9999 -9999 -9999 -9999 -9999 -9999 -9999 -9999 -9999 -9999 -9999 -9999 -9999 -9999 -9999 -9999 -9999 -9999 -9999 -9999 -9999 -9999 -9999 -9999 -9999 -9999 -9999 -9999 -9999 -9999 -9999 -9999 -9999 -9999 -9999 -9999 -9999 -9999 -9999 110 111 113 115 118 121 125 129 134 140 146 151 156 158 160 159 158 156 155 155 154 153 154 155 156 159 161 164 167 170 173 175 176
-9999 89 86 84 -9999 -9999 -9999 -9999 -9999 -9999 -9999 -9999 -9999 -9999 -9999 -9999 -9999 -9999 -9999 -9999 -9999 -9999 -9999 -9999 -9999 -9999 -9999 -9999 -9999 -9999 -9999 -9999 -9999 -9999 -9999 -9999 -9999 -9999 -9999 -9999 -9999 -9999 -9999 -9999 -9999 -9999 -9999 -9999 -9999 113 115 118 122 127 132 138 143 148 152 -9999 -9999 -9999 -9999 -9999 -9999 156 156 156 157 158 160 162 164 167 170 173 175 178 179
92 88 86 84 84 84 84 85 -9999 -9999 -9999 -9999 -9999 -9999 -9999 -9999 -9999 -9999 -9999 -9999 -9999 -9999 -9999 -9999 -9999 -9999 -9999 -9999 -9999 -9999 -9999 -9999 -9999 -9999 -9999 -9999 -9999 -9999 -9999 -9999 -9999 -9999 -9999 -9999 -9999 -9999 -9999 -9999 -9999 111 113 115 119 123 129 134 140 145 149 -9999 -9999 -9999 -9999 -9999 -9999 157 158 158 159 160 162 164 167 169 172 174 177 179 180
92 87 85 84 -9999 -9999 -9999 -9999 -9999 -9999 -9999 -9999 -9999 -9999 -9999 -9999 -9999 -9999 -9999 -9999 -9999 -9999 -9999 -9999 -9999 -9999 -9999 -9999 -9999 -9999 -9999 -9999 -9999 -9999 -9999 -9999 -9999 -9999 -9999 -9999 -9999 -9999 -9999 -9999 -9999 -9999 -9999 -9999 -9999 109 110 112 -9999 -9999 -9999 -9999 -9999 -9999 -9999 -9999 -9999 -9999 -9999 -9999 -9999 -9999 -9999 159 161 162 164 166 168 171 173 175 178 180 181
89 85 85 85 -9999 -9999 -9999 -9999 -9999 -9999 -9999 -9999 -9999 -9999 -9999 -9999 -9999 -9999 -9999 -9999 -9999 -9999 -9999 -9999 -9999 -9999 -9999 -9999 -9999 -9999 -9999 -9999 -9999 -9999 -9999 -9999 -9999 -9999 -9999 -9999 -9999 -9999 -9999 -9999 -9999 -9999 -9999 -9999 -9999 108 108 109 -9999 -9999 -9999 -9999 -9999 -9999 -9999 -9999 -9999 -9999 -9999 -9999 -9999 -9999 -9999 160 162 163 165 167 170 172 174 177 179 180 182
89 86 86 85 -9999 -9999 -9999 -9999 -9999 -9999 -9999 -9999 -9999 -9999 -9999 -9999 -9999 -9999 -9999 -9999 -9999 -9999 -9999 -9999 -9999 -9999 -9999 -9999 -9999 -9999 -9999 -9999 -9999 -9999 -9999 -9999 -9999 -9999 -9999 -9999 -9999 -9999 -9999 -9999 -9999 -9999 -9999 -9999 -9999 107 107 108 -9999 -9999 -9999 -9999 -9999 -9999 -9999 -9999 -9999 -9999 -9999 -9999 -9999 -9999 -9999 161 162 164 166 168 170 173 175 177 179 181 182
90 88 87 86 -9999 -9999 -9999 -9999 -9999 -9999 -9999 -9999 -9999 -9999 -9999 -9999 -9999 -9999 -9999 -9999 -9999 -9999 -9999 -9999 -9999 -9999 -9999 -9999 -9999 -9999 -9999 -9999 -9999 -9999 -9999 -9999 -9999 -9999 -9999 -9999 -9999 -9999 -9999 -9999 -9999 -9999 -9999 -9999 -9999 -9999 -9999 -9999 -9999 -9999 -9999 -9999 -9999 -9999 -9999 -9999 -9999 -9999 -9999 -9999 -9999 -9999 -9999 -9999 -9999 164 166 169 171 173 176 178 180 182 182
91 89 88 87 -9999 -9999 -9999 -9999 -9999 -9999 -9999 -9999 -9999 -9999 -9999 -9999 -9999 -9999 -9999 -9999 -9999 -9999 -9999 -9999 -9999 -9999 -9999 -9999 -9999 -9999 -9999 -9999 -9999 -9999 -9999 -9999 -9999 -9999 -9999 -9999 -9999 -9999 -9999 -9999 -9999 -9999 -9999 -9999 -9999 -9999 -9999 -9999 -9999 -9999 -9999 -9999 -9999 -9999 -9999 -9999 -9999 -9999 -9999 -9999 -9999 -9999 -9999 -9999 -9999 -9999 166 168 170 173 175 177 180 182 183
92 90 89 88 -9999 -9999 -9999 -9999 -9999 -9999 -9999 -9999 -9999 -9999 -9999 -9999 -9999 -9999 -9999 -9999 -9999 -9999 -9999 -9999 -9999 -9999 -9999 -9999 -9999 -9999 -9999 -9999 -9999 -9999 -9999 -9999 -9999 -9999 -9999 -9999 -9999 -9999 -9999 -9999 -9999 -9999 -9999 -9999 -9999 -9999 -9999 -9999 -9999 -9999 -9999 -9999 -9999 -9999 -9999 -9999 -9999 -9999 -9999 -9999 -9999 -9999 -9999 -9999 -9999 -9999 166 168 170 172 175 177 179 181 183
