tests/testthat/test_data/rstack/jun_temp.asc
ncols         147
nrows         127
xllcorner     -90.06084375
yllcorner     23.864697408444
cellsize      0.096253424
NODATA_value  -9999
[rows 33 to 65 of 127, columns 0 to 73 of 147]
30.24424 30.16805 29.99479 29.82646 29.67128 29.54733 29.44991 29.36996 29.3 29.3 29.31998 29.37773 29.4466 29.52243 29.63329 29.73405 29.75213 29.74744 29.71128 29.6454 29.56606 29.56262 29.57156 29.61123 29.62239 29.6043 29.52576 29.43186 29.44995 29.45722 29.43913 29.36577 29.25026 29.06844 28.89205 28.87396 28.86937 28.88745 28.83146 28.73404 28.65626 28.60423 28.66198 28.66006 28.58423 28.54969 28.53161 28.49229 28.46718 28.48526 28.51276 28.54893 28.49673 28.42089 28.34506 28.28804 28.26996 28.30769 28.38353 28.45936 28.53045 28.57012 28.65595 28.81113 28.91329 28.98913 28.91963 28.8373 28.74338 28.68537 28.66729 28.69206 28.7303 28.63288
30.21972 30.11029 29.93704 29.77778 29.65596 29.56536 29.5013 29.40072 29.3 29.3 29.31998 29.37773 29.46709 29.57628 29.69104 29.79685 29.84828 29.83494 29.73207 29.69131 29.67867 29.67813 29.67955 29.68587 29.66367 29.61224 29.55117 29.49063 29.54207 29.56275 29.51131 29.42352 29.30802 29.18195 29.06182 29.01039 28.9973 29.04874 29.02611 28.96204 28.85692 28.77748 28.83523 28.81842 28.70923 28.64135 28.58991 28.58285 28.59109 28.64253 28.72074 28.82361 28.75918 28.64999 28.5408 28.45043 28.39899 28.44302 28.55221 28.66139 28.75708 28.7634 28.81588 28.9377 29.05108 29.16027 29.15536 29.11238 28.95176 28.84284 28.7914 28.78281 28.7884 28.72433
30.1952 30.05264 29.90642 29.76856 29.65306 29.55416 29.46937 29.38161 29.3 29.3 29.31998 29.37773 29.48758 29.63013 29.79654 29.941 29.94468 29.90968 29.82121 29.75641 29.70234 29.72587 29.74073 29.71369 29.68484 29.65412 29.62341 29.5954 29.65315 29.66828 29.58349 29.49661 29.40815 29.31968 29.23442 29.17667 29.1519 29.18261 29.19127 29.1876 29.08218 28.98792 28.9916 28.96619 28.90476 28.84596 28.78821 28.78726 28.80182 28.85957 28.97552 29.1451 29.15376 29.11161 28.94203 28.78246 28.6436 28.6077 28.6421 28.72314 28.81064 28.89175 28.965 29.02643 29.10592 29.19439 29.22532 29.21684 29.07062 28.95348 28.86869 28.86687 28.89303 28.83528
30.16999 29.99956 29.88142 29.76328 29.64514 29.52985 29.41698 29.35084 29.3002 29.30284 29.32455 29.3823 29.50778 29.67576 29.8924 30.07419 30.02435 29.97119 29.91343 29.82138 29.71379 29.75934 29.78699 29.72924 29.7 29.7 29.70201 29.70625 29.76137 29.76783 29.66024 29.58243 29.52731 29.46779 29.40795 29.35284 29.31827 29.31827 29.35361 29.40873 29.30862 29.20388 29.14877 29.11592 29.11064 29.06972 29.01461 29.0137 29.02892 29.08931 29.23713 29.4655 29.55927 29.6006 29.37223 29.14214 28.90849 28.77781 28.71742 28.75896 28.83152 29.00214 29.10457 29.10457 29.14315 29.20091 29.25866 29.28142 29.16856 29.05569 28.94283 28.9546 29.00856 28.95345
30.13676 29.99944 29.84794 29.69645 29.54495 29.43237 29.35286 29.32007 29.30279 29.33878 29.3823 29.44005 29.52455 29.62582 29.74631 29.85832 29.90854 29.91343 29.85568 29.8325 29.82496 29.81103 29.78699 29.72924 29.7 29.7 29.72743 29.76298 29.78474 29.79775 29.79022 29.77461 29.75285 29.67092 29.58469 29.56293 29.54928 29.54928 29.56323 29.585 29.48188 29.38308 29.36132 29.31713 29.24515 29.20908 29.18731 29.18696 29.21058 29.30433 29.45078 29.6458 29.73252 29.77577 29.58075 29.36228 29.09528 28.93125 28.8375 28.87447 28.94265 29.07992 29.16232 29.16232 29.20091 29.25866 29.31641 29.34602 29.2665 29.18699 29.10748 29.10311 29.12441 29.10265
30.12663 29.99936 29.8261 29.65285 29.47959 29.36878 29.31103 29.3 29.30448 29.36223 29.41998 29.47773 29.52124 29.55581 29.61085 29.67734 29.79284 29.84534 29.81078 29.83177 29.87793 29.83577 29.78699 29.72924 29.7 29.7 29.73518 29.78028 29.79187 29.8138 29.85996 29.87335 29.86176 29.78268 29.7 29.7 29.69568 29.68409 29.67249 29.6609 29.57587 29.49793 29.48634 29.43352 29.3296 29.3 29.3 29.3114 29.34918 29.46469 29.59818 29.74825 29.83464 29.88939 29.70454 29.49717 29.24318 29.07839 28.97447 28.99004 29.03523 29.15073 29.22007 29.22007 29.25091 29.29707 29.35409 29.39291 29.35834 29.30731 29.23796 29.22007 29.22007 29.22007
30.15985 29.99936 29.8261 29.65285 29.47959 29.36878 29.31103 29.3 29.30448 29.36223 29.41998 29.47773 29.48025 29.44812 29.49534 29.56183 29.67734 29.75784 29.78998 29.80882 29.82162 29.80992 29.78699 29.72924 29.7 29.7 29.70976 29.72355 29.76849 29.80383 29.81664 29.79667 29.75173 29.72294 29.7 29.7 29.68324 29.6383 29.59336 29.54841 29.52105 29.49199 29.44705 29.39066 29.3201 29.3 29.3 29.34421 29.40693 29.52244 29.62121 29.70458 29.8032 29.88748 29.66928 29.47202 29.31809 29.21371 29.14315 29.10574 29.09298 29.20848 29.27782 29.27782 29.28638 29.29919 29.35409 29.40659 29.43873 29.40702 29.30432 29.27782 29.27782 29.27782
30.15215 29.99951 29.86735 29.72959 29.57688 29.4644 29.3861 29.38777 29.40802 29.42468 29.44845 29.48565 29.48976 29.4731 29.48586 29.51437 29.60933 29.68867 29.74642 29.77856 29.79911 29.78034 29.75142 29.69367 29.67457 29.69511 29.7 29.70114 29.73834 29.75828 29.73774 29.70774 29.67053 29.63008 29.59328 29.59328 29.5794 29.5422 29.50499 29.46778 29.44573 29.41856 29.36081 29.31223 29.27502 29.26443 29.26443 29.34143 29.43429 29.57034 29.65494 29.69215 29.7425 29.78237 29.59246 29.43348 29.33852 29.26568 29.20793 29.1679 29.14804 29.24299 29.30821 29.32876 29.33558 29.33558 29.37042 29.41605 29.49435 29.49061 29.39565 29.35591 29.33558 29.33558
30.11892 29.99976 29.9343 29.85417 29.73481 29.61962 29.50797 29.53026 29.5761 29.52606 29.49466 29.49851 29.53075 29.5808 29.54247 29.50933 29.57093 29.63092 29.68867 29.74377 29.79767 29.74843 29.69367 29.63592 29.63328 29.68718 29.7 29.70012 29.70397 29.69056 29.63666 29.61116 29.60731 29.51656 29.42002 29.42002 29.41858 29.41473 29.41087 29.40702 29.35764 29.30305 29.2453 29.21162 29.20777 29.20667 29.20667 29.31649 29.44269 29.6121 29.69533 29.69919 29.66356 29.61295 29.48973 29.3866 29.32499 29.26568 29.20793 29.19668 29.20141 29.26302 29.32154 29.37544 29.39333 29.39333 29.39694 29.42289 29.53454 29.56416 29.50255 29.44666 29.39333 29.39333
30.13677 30.05087 29.99311 29.91964 29.80414 29.72053 29.66403 29.6761 29.69768 29.63993 29.59195 29.56245 29.56844 29.59669 29.57506 29.55536 29.58361 29.62424 29.682 29.71945 29.7477 29.69367 29.63592 29.57817 29.57743 29.63518 29.64892 29.64712 29.58812 29.52949 29.47174 29.44676 29.44676 29.37487 29.29476 29.26526 29.25776 29.28726 29.29784 29.29784 29.27214 29.24914 29.25039 29.2379 29.2084 29.2211 29.2506 29.30666 29.39259 29.56584 29.64892 29.64892 29.60336 29.54399 29.45798 29.38118 29.32343 29.28321 29.25496 29.27653 29.30587 29.33412 29.37416 29.43191 29.43137 29.40187 29.4 29.41763 29.50364 29.53554 29.50729 29.45715 29.4 29.4
30.16637 30.1086 30.04575 29.97273 29.87252 29.82649 29.82649 29.82237 29.81318 29.75543 29.69768 29.63993 29.60826 29.59296 29.59117 29.59117 29.59117 29.61756 29.68041 29.7 29.7 29.64475 29.58585 29.52299 29.51716 29.56981 29.57845 29.57029 29.46499 29.37238 29.30952 29.28234 29.28234 29.23833 29.18567 29.13302 29.12153 29.17929 29.2 29.2 29.20464 29.21821 29.27086 29.27648 29.22383 29.24648 29.29913 29.30502 29.34992 29.51298 29.59382 29.59892 29.55444 29.49669 29.43893 29.38284 29.33019 29.30883 29.30883 29.35426 29.4 29.4 29.42104 29.4737 29.45599 29.40334 29.4 29.4108 29.46345 29.49117 29.49117 29.45589 29.40878 29.40368
30.22412 30.16623 30.07002 29.99996 29.99981 29.99975 29.99975 29.96864 29.92869 29.87094 29.81318 29.75543 29.66228 29.54693 29.53342 29.53342 29.53342 29.5738 29.67001 29.7 29.7 29.64475 29.57834 29.48213 29.44294 29.46224 29.43753 29.39907 29.36047 29.30465 29.20845 29.16683 29.16683 29.1507 29.1314 29.1121 29.12153 29.17929 29.2 29.2 29.23498 29.27002 29.28932 29.29138 29.27208 29.28038 29.29968 29.33782 29.39087 29.48722 29.55343 29.59188 29.55444 29.49669 29.43893 29.39371 29.37441 29.36658 29.36658 29.38323 29.4 29.4 29.40771 29.42701 29.42052 29.40122 29.4 29.40396 29.42326 29.43342 29.43342 29.44763 29.46618 29.42773
30.29588 30.22401 30.13662 30.0849 30.1286 30.13347 30.10537 30.06465 30.02095 29.97725 29.91896 29.8331 29.70218 29.54298 29.52434 29.52221 29.50815 29.54849 29.66399 29.7 29.7 29.64475 29.57083 29.44127 29.3826 29.39666 29.34528 29.27481 29.2467 29.19246 29.07695 29.03497 29.04902 29.06308 29.07566 29.07566 29.09196 29.13565 29.16034 29.1744 29.2282 29.27817 29.29222 29.30628 29.32033 29.32434 29.32434 29.38114 29.43181 29.46145 29.51304 29.58484 29.55444 29.49749 29.45379 29.42434 29.42434 29.42434 29.42434 29.41221 29.4 29.4 29.4 29.4 29.39061 29.37656 29.38883 29.40288 29.41693 29.41103 29.38292 29.41851 29.47506 29.41731
30.38686 30.28201 30.26132 30.24908 30.25942 30.21292 30.1181 30.09163 30.08129 30.07094 30.01139 29.85882 29.72267 29.59682 29.58209 29.57491 29.52751 29.54849 29.66399 29.7 29.7 29.64475 29.56332 29.4004 29.34131 29.38872 29.31986 29.21502 29.1202 29.0192 28.9037 28.88064 28.92805 28.97545 29.01791 29.01791 29.02177 29.03212 29.06623 29.11363 29.17045 29.22636 29.27377 29.32117 29.36858 29.38209 29.38209 29.43889 29.47275 29.43568 29.47265 29.5778 29.55444 29.49941 29.48906 29.48209 29.48209 29.48209 29.48209 29.44118 29.4 29.4 29.4 29.4 29.36833 29.32092 29.36231 29.40972 29.45713 29.43719 29.34238 29.36076 29.41731 29.35956
30.40306 30.37951 30.33349 30.3 30.3 30.26243 30.19295 30.14245 30.1 30.1 30.05598 29.92874 29.80871 29.6932 29.65936 29.63458 29.59984 29.60885 29.67834 29.7 29.7 29.64475 29.56617 29.41592 29.34563 29.35737 29.23707 29.07696 28.96145 28.85971 28.79022 28.77988 28.81462 28.8686 28.92272 28.94573 28.96874 28.99175 29.02228 29.05703 29.13363 29.21029 29.26804 29.31552 29.35026 29.37661 29.39962 29.43417 29.4514 29.41666 29.46012 29.57562 29.57259 29.53984 29.53984 29.53984 29.53984 29.53984 29.53984 29.49001 29.43682 29.41381 29.3908 29.3678 29.35232 29.34058 29.39393 29.44225 29.45398 29.42726 29.35777 29.38269 29.439 29.35824
30.38565 30.49476 30.38204 30.3 30.3 30.29849 30.29571 30.20398 30.1 30.1 30.07906 30.01852 29.92421 29.80871 29.74542 29.69738 29.69599 29.69635 29.69913 29.7 29.7 29.64475 29.57368 29.45678 29.37045 29.31549 29.12848 28.9037 28.78819 28.7064 28.70361 28.7032 28.70459 28.75309 28.8107 28.86706 28.92342 28.97978 29.00089 29.00228 29.10622 29.21029 29.26804 29.30062 29.30201 29.34271 29.39907 29.40137 29.40206 29.40067 29.46012 29.57562 29.5989 29.59759 29.59759 29.59759 29.59759 29.59759 29.59759 29.54777 29.49019 29.43383 29.37747 29.32111 29.33914 29.3941 29.45168 29.48632 29.43135 29.40109 29.39831 29.44044 29.4964 29.38229
30.36142 30.44458 30.42496 30.40199 30.37003 30.32079 30.25686 30.20292 30.15534 30.15534 30.1243 30.03459 29.94867 29.86513 29.83257 29.81069 29.81069 29.79727 29.76531 29.75534 29.75534 29.73067 29.68468 29.56917 29.41907 29.23347 29.06198 28.89647 28.78097 28.68089 28.61696 28.60745 28.63941 28.71965 28.80603 28.86378 28.92153 28.97928 29.0205 29.05246 29.16042 29.25994 29.28573 29.32855 29.39248 29.40627 29.4001 29.43144 29.45534 29.45534 29.49883 29.58237 29.6 29.6 29.6 29.6 29.6 29.619 29.65096 29.60552 29.54357 29.45386 29.37692 29.31917 29.31723 29.34302 29.39875 29.44592 29.45209 29.45534 29.45534 29.45076 29.44412 29.39254
30.33493 30.40021 30.45797 30.48222 30.41691 30.33264 30.23226 30.20086 30.18691 30.18691 30.15218 30.0518 29.98226 29.93207 29.91951 29.91195 29.90439 29.87893 29.82874 29.81309 29.81309 29.80586 29.77229 29.64922 29.45183 29.1782 29.02507 28.90933 28.78627 28.6632 28.54014 28.51968 28.57743 28.68346 28.79372 28.85904 28.92153 28.97928 29.03703 29.09479 29.20508 29.30135 29.30891 29.35793 29.45831 29.45101 29.40082 29.46424 29.515 29.52256 29.55231 29.6025 29.61309 29.61309 29.61309 29.61309 29.61309 29.63843 29.68106 29.63708 29.57274 29.4648 29.37994 29.32975 29.31815 29.32571 29.38028 29.43648 29.48667 29.50951 29.50195 29.46276 29.41302 29.40545
30.3017 30.40021 30.45797 30.47315 30.37448 30.31095 30.27728 30.20464 30.12915 30.12915 30.1175 30.08383 30.0605 30.04366 30.00557 29.96465 29.92374 29.89293 29.87609 29.87085 29.87085 29.8317 29.76478 29.60836 29.42701 29.22008 29.08282 28.96607 28.80965 28.65323 28.49681 28.46193 28.51968 28.62571 28.73945 28.83812 28.92153 28.97928 29.03703 29.09479 29.20508 29.30729 29.34821 29.38589 29.41956 29.41711 29.40028 29.49705 29.58116 29.62207 29.65046 29.66729 29.67085 29.67085 29.67085 29.67085 29.67085 29.65654 29.63246 29.57933 29.51937 29.44478 29.39327 29.37643 29.39818 29.4391 29.49578 29.54515 29.56198 29.55147 29.51056 29.48751 29.47042 29.4295
30.25632 30.37161 30.42937 30.43997 30.32446 30.2714 30.2714 30.20468 30.12604 30.09301 30.07712 30.09363 30.1 30.1 30.04901 29.99376 29.95252 29.9286 29.9286 29.9286 29.9286 29.87335 29.78215 29.57586 29.39403 29.23729 29.12456 29.02381 28.86707 28.71033 28.55359 28.51857 28.57632 28.66854 28.76753 28.86652 28.95013 29.00788 29.06563 29.12339 29.21865 29.31323 29.3875 29.43598 29.45249 29.4572 29.4572 29.53831 29.61456 29.67231 29.7 29.7 29.7 29.70095 29.71746 29.7286 29.7286 29.69428 29.63652 29.56452 29.49459 29.45335 29.4286 29.4286 29.46718 29.52494 29.55175 29.57479 29.5913 29.58047 29.53924 29.51634 29.4994 29.44165
30.19857 30.31386 30.37161 30.38221 30.26671 30.21365 30.21365 30.2009 30.17862 30.07888 30.0309 30.08077 30.1 30.1 30.04901 29.99881 29.99092 29.98635 29.98635 29.98635 29.98635 29.9311 29.82488 29.55188 29.35274 29.22935 29.14998 29.08258 28.95919 28.83581 28.71242 28.69182 28.74957 28.81392 28.87955 28.94519 29.00788 29.06563 29.12339 29.18114 29.24606 29.31918 29.4268 29.50863 29.55849 29.5727 29.5727 29.58821 29.61456 29.67231 29.7 29.7 29.7 29.70286 29.75273 29.78635 29.78635 29.75203 29.69428 29.5935 29.49897 29.49108 29.48635 29.48635 29.52494 29.58269 29.54703 29.52387 29.57374 29.59627 29.58838 29.54935 29.4994 29.44165
30.14747 30.21201 30.26976 30.29422 30.22966 30.17246 30.12152 30.1118 30.10876 30.06967 30.05527 30.08755 30.1 30.1 30.0715 30.0441 30.0441 30.0548 30.08027 30.07067 30.0452 29.94011 29.80235 29.56453 29.41223 29.34767 29.2883 29.22956 29.13952 29.04187 28.92637 28.89473 28.92701 28.95929 28.99423 29.05198 29.10024 29.13252 29.1648 29.19709 29.25254 29.32058 29.43609 29.52579 29.58355 29.6 29.6 29.6 29.61456 29.67231 29.7 29.7 29.72009 29.74449 29.7513 29.7476 29.72213 29.69261 29.66033 29.60019 29.5441 29.5441 29.5441 29.5441 29.58269 29.64044 29.61387 29.60005 29.6578 29.67615 29.65067 29.60125 29.5435 29.48575
30.09815 30.09836 30.15504 30.19629 30.19629 30.13443 30.01999 29.99815 30.00262 30.06038 30.09852 30.09959 30.09868 30.09654 30.09629 30.09629 30.09629 30.12099 30.17981 30.1584 30.10065 29.93136 29.75776 29.58665 29.50053 29.5016 29.45866 29.40201 29.3464 29.27352 29.16016 29.1093 29.10609 29.10467 29.10962 29.16631 29.20185 29.20185 29.20254 29.20361 29.25527 29.32225 29.43668 29.52579 29.58355 29.6 29.6 29.59895 29.6127 29.67045 29.6987 29.69977 29.74387 29.79304 29.73636 29.67968 29.623 29.6 29.6 29.60092 29.60185 29.60185 29.60185 29.60185 29.63972 29.69641 29.701 29.7137 29.77145 29.77451 29.71676 29.65901 29.60124 29.54242
30.04039 30.04048 30.06381 30.08079 30.08079 30.03695 29.95587 29.94039 29.94487 30.00262 30.0523 30.08673 30.0577 29.98885 29.98079 29.98079 29.98079 30.01948 30.11166 30.10065 30.04289 29.8417 29.65728 29.55287 29.51699 29.55142 29.54183 29.51955 29.53065 29.52448 29.47782 29.39904 29.29576 29.25004 29.22165 29.24498 29.25961 29.25961 29.28168 29.31611 29.34044 29.37405 29.45514 29.52579 29.58355 29.6 29.6 29.56614 29.55495 29.6127 29.65831 29.69274 29.69125 29.67945 29.65612 29.63279 29.60946 29.6 29.6 29.6297 29.65961 29.65961 29.65961 29.65961 29.67519 29.69852 29.73224 29.77145 29.8292 29.83226 29.77451 29.71676 29.65865 29.56647
30.00262 29.98264 29.98264 29.97991 29.96989 29.93406 29.87631 29.86528 29.87132 29.94912 30.01998 30.07773 30.02903 29.91352 29.87345 29.84793 29.84793 29.89641 30.01192 30.01508 29.96735 29.77305 29.6021 29.53432 29.52851 29.58626 29.60764 29.61943 29.68721 29.73472 29.73472 29.64209 29.47886 29.4038 29.35103 29.341 29.33845 29.34848 29.38268 29.43041 29.43472 29.44322 29.49095 29.53868 29.5864 29.6 29.6 29.55306 29.52939 29.57711 29.63006 29.68781 29.65444 29.6 29.6 29.60653 29.62658 29.63472 29.63472 29.67589 29.71736 29.71736 29.71736 29.71736 29.72406 29.73408 29.77942 29.8292 29.88695 29.88527 29.81749 29.75715 29.6989 29.59342
30.01132 29.92489 29.92489 29.91308 29.86971 29.81856 29.76081 29.74978 29.76098 29.90549 30.01998 30.07773 30.02903 29.91352 29.78511 29.67467 29.67467 29.72316 29.83866 29.86477 29.8504 29.75327 29.65234 29.55121 29.52851 29.58626 29.63306 29.6782 29.77933 29.85022 29.85022 29.77652 29.64664 29.57705 29.5208 29.47743 29.46639 29.50977 29.53455 29.54892 29.55022 29.55278 29.56716 29.58153 29.59591 29.6 29.6 29.58586 29.57873 29.59311 29.63006 29.68781 29.65444 29.6 29.6 29.62827 29.71502 29.75022 29.75022 29.76262 29.77511 29.77511 29.77511 29.77511 29.80409 29.84747 29.86368 29.88695 29.9447 29.92723 29.8261 29.75715 29.69925 29.62712
30.01248 29.93279 29.91381 29.87912 29.80239 29.72566 29.64893 29.65863 29.71343 29.88669 30.01998 30.07773 30.02903 29.91352 29.74703 29.6 29.6 29.64849 29.76399 29.8 29.8 29.74475 29.66956 29.56917 29.552 29.59078 29.63455 29.70353 29.81903 29.9 29.9 29.83446 29.71895 29.65172 29.59397 29.53622 29.52153 29.57928 29.6 29.6 29.6 29.6 29.6 29.6 29.6 29.6 29.6 29.6 29.6 29.6 29.62018 29.65895 29.65152 29.63286 29.63286 29.65813 29.73568 29.77842 29.79739 29.8 29.80249 29.82147 29.83286 29.83286 29.85877 29.89754 29.9 29.90795 29.94672 29.92143 29.82491 29.74307 29.66634 29.58961
-9999 29.99042 29.93809 29.87004 29.75996 29.64987 29.53979 29.53256 -9999 -9999 -9999 -9999 -9999 -9999 -9999 -9999 -9999 -9999 -9999 -9999 -9999 -9999 -9999 -9999 -9999 -9999 -9999 -9999 -9999 -9999 -9999 -9999 -9999 -9999 -9999 -9999 -9999 -9999 -9999 -9999 -9999 -9999 -9999 29.6 29.6 29.6 29.6 29.6 29.6 29.6 29.60282 29.60824 29.6464 29.69061 29.69061 29.69415 29.70499 29.74049 29.79282 29.8 29.80687 29.8592 29.89061 29.89061 29.89424 29.89966 29.9 29.90111 29.90653 29.87947 29.8163 29.71832 29.60824 29.49816
-9999 30.09641 30.01073 29.92655 -9999 -9999 -9999 -9999 -9999 -9999 -9999 -9999 -9999 -9999 -9999 -9999 -9999 -9999 -9999 -9999 -9999 -9999 -9999 -9999 -9999 -9999 -9999 -9999 -9999 -9999 -9999 -9999 -9999 -9999 -9999 -9999 -9999 -9999 -9999 -9999 -9999 -9999 -9999 -9999 -9999 -9999 29.6 29.6 29.6 29.6 29.6 29.6 29.64556 29.7 29.7 29.7 29.7 29.73432 29.79207 29.8 29.80391 29.83373 29.85163 29.85163 29.85163 29.85163 29.85163 29.85163 29.85163 29.82429 29.76654 29.68666 29.5988 29.48329
-9999 30.20569 30.09019 30.00492 -9999 -9999 -9999 -9999 -9999 -9999 -9999 -9999 -9999 -9999 -9999 -9999 -9999 -9999 -9999 -9999 -9999 -9999 -9999 -9999 -9999 -9999 -9999 -9999 -9999 -9999 -9999 -9999 -9999 -9999 -9999 -9999 -9999 -9999 -9999 -9999 -9999 -9999 -9999 -9999 -9999 -9999 -9999 -9999 -9999 29.59388 29.59388 29.59388 29.63666 29.68797 29.6915 29.69503 29.69857 29.73222 29.78644 -9999 -9999 -9999 -9999 -9999 -9999 29.8 29.79669 29.79388 29.79388 29.76821 29.71399 29.65453 29.59272 29.48075
30.37342 30.26344 30.14794 30.04643 29.95919 29.83756 29.72205 29.64214 -9999 -9999 -9999 -9999 -9999 -9999 -9999 -9999 -9999 -9999 -9999 -9999 -9999 -9999 -9999 -9999 -9999 -9999 -9999 -9999 -9999 -9999 -9999 -9999 -9999 -9999 -9999 -9999 -9999 -9999 -9999 -9999 -9999 -9999 -9999 -9999 -9999 -9999 -9999 -9999 -9999 29.53613 29.53613 29.53613 29.55259 29.57438 29.61126 29.64815 29.68504 29.7124 29.73327 -9999 -9999 -9999 -9999 -9999 -9999 29.8 29.76545 29.73613 29.73613 29.72625 29.70539 29.62978 29.53531 29.45669
30.39019 30.29957 30.18407 30.06517 -9999 -9999 -9999 -9999 -9999 -9999 -9999 -9999 -9999 -9999 -9999 -9999 -9999 -9999 -9999 -9999 -9999 -9999 -9999 -9999 -9999 -9999 -9999 -9999 -9999 -9999 -9999 -9999 -9999 -9999 -9999 -9999 -9999 -9999 -9999 -9999 -9999 -9999 -9999 -9999 -9999 -9999 -9999 -9999 -9999 29.48337 29.47838 29.47838 -9999 -9999 -9999 -9999 -9999 -9999 -9999 -9999 -9999 -9999 -9999 -9999 -9999 -9999 -9999 29.69744 29.68495 29.67247 29.65998 29.58032 29.47791 29.43264
30.32373 30.29957 30.18407 30.05609 -9999 -9999 -9999 -9999 -9999 -9999 -9999 -9999 -9999 -9999 -9999 -9999 -9999 -9999 -9999 -9999 -9999 -9999 -9999 -9999 -9999 -9999 -9999 -9999 -9999 -9999 -9999 -9999 -9999 -9999 -9999 -9999 -9999 -9999 -9999 -9999 -9999 -9999 -9999 -9999 -9999 -9999 -9999 -9999 -9999 29.42644 29.42063 29.42063 -9999 -9999 -9999 -9999 -9999 -9999 -9999 -9999 -9999 -9999 -9999 -9999 -9999 -9999 -9999 29.6906 29.64476 29.59892 29.55308 29.48956 29.4205 29.40859
