tests/testthat/test_data/rstack/jun_prec.asc
ncols         147
nrows         127
xllcorner     -90.06084375
yllcorner     23.864697408444
cellsize      0.096253424
NODATA_value  -9999
[rows 0 to 34 of 127, columns 0 to 78 of 147]
67 69 71 73 75 76 76 76 77 77 78 78 78 77 77 76 76 75 74 74 73 73 72 72 72 73 73 74 73 73 71 69 68 67 66 66 67 69 72 75 76 77 78 79 79 79 80 80 80 81 81 80 80 81 81 82 81 82 84 83 82 81 80 80 79 78 77 77 76 74 72 69 67 66 65 66 69 74 77
64 66 67 69 70 71 72 73 74 74 75 75 76 76 75 74 74 73 73 72 72 71 71 71 71 71 71 72 71 70 69 68 67 66 65 65 65 68 71 73 75 76 77 77 77 77 77 76 76 77 76 74 75 76 78 78 77 77 77 77 77 77 77 76 76 76 75 74 73 72 71 69 66 65 65 66 70 76 79
61 63 63 64 65 66 68 69 71 72 73 73 74 74 73 73 72 71 71 70 69 69 68 68 68 68 69 69 68 68 67 66 65 64 64 64 65 67 69 71 73 74 75 76 76 75 74 74 74 74 73 71 71 73 74 74 73 73 73 74 74 74 74 74 74 75 75 75 74 74 76 73 69 70 70 67 69 73 79
58 59 60 60 61 62 64 65 67 69 70 72 72 72 72 71 70 70 68 68 67 66 66 66 66 66 66 66 65 65 65 64 63 63 63 64 64 66 67 69 71 72 73 74 74 73 72 72 72 71 70 69 69 70 69 68 70 70 71 72 72 72 72 72 74 76 77 77 76 78 83 80 74 77 77 69 67 69 78
57 57 56 56 57 58 60 62 64 66 68 70 70 70 69 68 68 67 66 65 65 64 64 64 64 65 65 64 64 63 63 63 62 62 61 62 63 64 66 68 69 70 71 72 72 72 72 72 71 69 68 68 67 67 66 66 68 69 70 70 70 71 73 77 81 86 90 93 96 97 96 92 86 80 75 71 70 72 79
55 55 54 53 54 55 57 59 60 63 65 67 68 67 66 65 65 64 64 63 62 62 62 62 63 63 63 63 62 62 62 62 61 60 60 61 62 63 65 66 67 69 69 70 71 71 72 71 70 67 66 66 65 63 63 64 66 67 69 69 70 72 76 82 88 94 99 104 108 108 104 100 97 86 78 75 74 75 80
55 55 54 54 53 54 56 57 57 59 60 62 63 64 63 63 62 62 61 61 60 60 60 60 60 61 61 62 61 61 61 61 60 60 60 61 62 62 63 64 65 66 68 69 71 71 71 69 68 66 64 62 61 60 61 62 64 66 67 69 71 79 84 88 91 93 94 95 97 97 94 99 106 100 95 89 85 81 84
55 55 54 54 53 54 55 55 55 56 56 57 59 60 61 61 60 60 59 59 58 58 58 58 59 59 60 60 61 61 60 60 60 60 60 60 61 61 62 63 64 65 66 68 70 70 69 67 65 64 62 59 58 58 60 61 63 65 68 71 75 84 91 93 95 96 97 97 95 94 94 101 109 109 105 96 89 85 87
54 55 54 54 54 54 54 54 54 54 54 54 55 57 58 58 58 57 57 57 57 57 57 57 58 58 59 59 60 60 59 59 59 60 60 60 60 61 61 62 63 63 65 66 68 68 67 65 62 62 59 56 55 56 58 60 62 65 69 74 80 89 96 98 100 102 105 107 101 99 104 106 108 111 110 96 89 88 89
55 55 55 54 54 54 54 54 54 53 53 53 53 55 55 56 56 56 56 56 56 56 57 57 57 57 58 58 59 59 59 59 59 59 60 60 60 60 61 61 63 64 65 65 66 65 63 62 60 58 55 54 54 56 57 59 63 67 72 76 81 86 90 94 98 103 110 114 107 107 114 116 115 110 103 94 89 86 85
55 55 55 55 55 55 54 54 53 52 52 52 52 53 53 54 55 55 54 54 55 55 56 57 57 57 57 57 58 58 58 58 58 58 59 59 59 60 60 61 63 64 65 64 63 61 58 59 59 53 51 52 53 55 56 59 64 69 74 77 80 81 83 87 94 102 112 119 113 114 125 125 123 106 93 91 88 83 80
56 56 56 56 56 55 55 54 54 53 52 52 52 52 52 52 53 53 53 53 54 54 55 55 56 56 56 56 57 57 57 58 58 58 59 59 59 60 61 62 63 64 63 62 61 61 60 59 58 53 51 51 52 54 56 60 69 74 75 77 79 81 84 87 93 101 108 113 110 110 113 110 104 92 82 80 78 76 75
57 57 56 56 56 56 56 55 54 53 52 51 51 51 51 51 51 52 52 52 53 53 54 55 55 56 56 56 56 57 57 57 58 58 59 59 59 60 61 62 63 63 61 60 60 61 62 60 57 53 51 51 52 53 55 60 72 76 76 77 79 82 85 89 93 99 103 105 106 104 102 96 90 81 73 71 70 70 70
57 57 56 56 56 56 56 55 53 52 52 51 50 50 49 49 49 50 51 52 52 53 53 54 55 55 55 55 55 56 56 57 57 58 59 59 59 59 60 61 61 61 60 60 62 63 63 61 59 55 52 52 52 52 54 59 67 72 74 78 81 85 88 91 94 98 98 97 98 96 92 89 85 76 68 66 66 66 67
57 57 56 56 55 55 55 54 53 52 51 51 50 49 48 47 48 49 50 51 52 52 53 54 54 55 55 55 55 55 56 56 57 57 58 59 59 59 59 60 60 60 60 62 64 65 64 62 60 55 53 53 52 51 53 57 63 68 71 76 81 82 84 86 88 90 89 89 90 88 83 80 78 70 64 61 61 63 64
57 56 56 55 54 53 52 52 52 51 51 50 50 49 48 46 47 48 49 50 51 52 53 54 54 54 54 54 55 55 56 56 56 57 57 58 58 58 58 59 59 60 62 64 65 66 67 63 60 55 53 53 52 50 51 54 59 63 68 73 77 76 75 75 76 78 80 80 81 79 74 72 70 65 60 57 57 60 61
56 56 55 54 52 51 51 51 51 51 51 51 50 49 48 47 47 47 49 50 50 52 53 54 54 54 54 54 54 55 55 55 55 56 57 58 58 58 58 59 59 60 63 64 65 65 66 62 58 55 53 52 51 51 52 53 57 60 63 67 69 69 68 68 70 72 73 73 73 72 69 67 66 62 58 55 55 57 58
56 56 55 53 51 50 50 50 51 51 51 51 50 49 48 47 47 48 49 49 50 51 52 53 54 55 54 54 54 54 54 54 55 56 57 58 59 59 59 58 60 61 63 64 64 64 64 59 56 54 52 51 51 52 52 53 56 57 58 60 62 62 62 63 64 66 67 67 66 65 65 64 63 59 56 53 53 55 56
55 55 55 53 52 50 50 50 51 51 52 52 51 50 49 48 48 48 48 49 50 51 52 53 54 54 54 53 54 54 54 55 56 56 57 58 58 58 59 59 60 61 62 62 62 61 60 58 56 56 55 55 54 53 53 53 54 55 56 57 58 59 60 61 62 63 63 63 63 62 62 61 61 59 56 54 54 55 55
54 54 54 53 51 50 50 50 51 51 52 52 51 50 49 49 48 48 48 49 50 50 51 52 53 53 53 53 53 53 54 55 55 56 56 57 57 58 59 60 60 60 60 60 60 59 58 58 57 57 57 57 56 54 53 53 53 53 53 54 55 57 58 59 60 60 60 60 60 60 60 59 59 58 56 55 55 55 55
52 52 52 51 51 50 49 50 50 51 51 52 51 50 49 49 48 48 48 48 49 50 50 51 51 52 51 51 52 52 52 53 53 53 54 55 56 57 58 59 59 59 59 58 58 58 57 58 59 59 58 58 56 54 53 52 52 52 52 53 54 55 56 57 58 58 58 58 58 59 58 58 57 56 56 56 56 56 55
50 49 49 49 48 48 48 48 49 49 50 51 50 50 49 49 48 48 48 48 48 49 50 50 50 51 50 50 50 50 51 51 51 52 52 54 55 57 58 58 58 57 57 57 57 58 58 59 60 59 59 59 57 55 53 52 51 50 50 51 52 54 55 56 56 57 57 57 57 57 57 57 56 56 56 57 57 56 56
47 46 46 45 45 45 45 46 47 48 48 49 49 49 49 48 47 47 47 47 47 48 49 49 49 50 50 49 49 49 49 49 49 50 51 52 54 57 58 57 57 56 56 57 58 58 59 60 61 60 60 59 58 57 54 52 51 50 49 50 51 52 54 55 55 56 56 56 55 55 56 56 56 57 57 58 58 57 56
44 43 42 42 42 42 43 44 45 46 47 47 47 47 47 47 46 46 46 46 46 47 48 48 49 49 49 48 48 48 48 48 48 49 50 52 54 56 57 57 57 56 56 57 58 59 60 60 60 60 60 60 59 57 55 53 51 50 50 50 51 52 53 54 55 55 55 55 55 55 55 55 56 57 58 59 59 58 58
41 40 39 39 39 40 41 42 43 44 45 45 46 46 46 46 45 45 45 45 46 47 47 48 48 49 49 48 47 47 47 47 47 47 48 52 54 55 56 57 57 57 57 57 58 59 60 60 60 60 60 60 59 58 56 54 52 51 50 51 51 52 52 54 54 55 54 54 54 54 54 55 56 57 58 59 59 59 58
38 37 37 37 38 38 39 40 41 42 43 43 43 44 44 44 43 43 43 44 45 46 47 48 48 49 49 49 48 47 47 47 47 47 48 51 53 55 56 57 58 58 58 58 58 59 59 60 60 60 60 59 59 58 56 54 53 53 52 52 52 52 52 53 54 54 54 54 54 53 54 55 56 57 57 58 58 58 58
36 35 35 35 36 36 37 38 39 40 41 41 42 42 42 42 42 42 43 44 45 46 47 48 48 49 49 49 48 47 47 47 47 47 48 50 52 54 56 57 59 60 59 59 59 59 59 59 60 60 59 59 58 57 57 56 55 54 54 53 53 53 53 53 53 54 54 54 53 53 54 55 56 56 57 57 56 56 58
35 34 34 33 34 34 35 36 38 39 40 40 41 41 41 41 41 41 42 43 44 45 46 47 48 48 49 49 48 48 47 47 47 47 48 50 52 53 55 58 60 62 62 61 61 60 59 59 59 59 59 58 57 56 58 58 57 56 55 55 54 54 54 53 53 54 54 53 53 53 54 54 55 56 56 56 55 55 57
34 33 32 31 31 32 33 35 36 37 38 39 40 40 40 41 40 40 41 42 44 45 46 47 48 48 48 49 48 48 48 47 47 47 48 50 51 52 54 57 60 63 63 63 62 60 59 59 59 58 58 56 56 56 58 59 58 57 56 56 56 55 55 54 54 54 54 53 53 53 54 55 55 56 56 56 56 57 59
33 32 30 29 29 30 32 33 35 36 37 38 38 39 40 40 40 40 41 42 43 44 45 47 48 49 49 48 49 49 48 48 47 47 48 49 50 52 54 57 60 63 64 63 61 60 58 58 58 57 56 55 55 56 58 59 58 58 58 58 58 57 56 54 54 54 54 54 53 53 54 55 56 57 57 56 57 59 61
32 31 29 28 27 29 31 33 35 36 37 38 39 38 39 39 39 40 40 41 42 43 45 46 47 48 48 47 48 48 48 47 47 47 48 49 50 51 54 57 60 62 62 61 61 59 57 57 56 56 55 55 55 57 58 60 59 59 60 59 59 58 57 55 54 54 54 55 54 54 55 55 57 57 58 58 59 60 63
32 30 28 27 27 28 31 33 34 36 37 39 39 38 38 38 39 39 40 40 41 42 44 45 46 47 47 47 48 48 47 47 47 48 48 48 49 51 54 57 59 61 60 60 60 59 57 56 55 54 54 54 55 57 59 61 61 61 61 61 60 59 58 56 55 54 55 55 55 55 55 56 57 58 59 60 61 63 65
31 29 28 28 28 29 31 33 35 36 37 39 39 39 39 39 39 39 39 40 40 42 43 43 44 45 46 47 47 47 47 47 48 48 48 48 49 51 53 56 58 60 59 59 59 59 58 57 55 53 53 53 56 59 61 62 63 63 63 62 61 61 59 57 56 55 55 56 56 57 57 58 58 60 61 63 64 65 68
30 29 29 29 30 31 33 35 36 37 38 39 40 40 40 40 39 39 39 39 39 41 42 42 43 44 46 47 47 47 48 48 49 48 48 49 49 51 53 56 58 59 59 59 60 59 59 58 56 54 53 54 57 60 62 64 65 65 65 63 62 62 61 59 57 56 56 56 57 58 59 60 61 62 64 66 67 69 71
30 29 30 31 32 33 35 37 38 39 40 41 41 41 41 41 40 40 39 39 38 40 41 42 43 44 46 48 48 48 49 50 50 49 49 49 50 51 53 56 58 60 60 60 61 61 61 60 58 56 55 56 58 61 63 65 66 66 66 64 63 62 61 60 59 57 56 56 59 60 61 62 63 65 66 68 70 72 74
