tests/testthat/test_data/rstack/mar_prec.asc
ncols         147
nrows         127
xllcorner     -90.06084375
yllcorner     23.864697408444
cellsize      0.096253424
NODATA_value  -9999
[rows 35 to 69 of 127, columns 0 to 79 of 147]
134 134 134 134 135 135 136 137 139 140 141 142 143 143 143 143 143 143 143 143 142 143 144 145 146 147 147 148 148 148 148 148 148 148 149 149 149 149 149 148 148 147 146 144 143 141 139 137 136 133 132 131 132 134 134 135 135 134 132 129 125 122 119 116 113 110 107 106 106 106 106 105 105 105 105 105 105 104 103 102
134 134 134 134 135 135 136 137 139 140 141 143 143 144 144 144 144 144 144 144 144 145 145 146 147 148 149 149 148 148 149 149 149 148 148 149 149 148 147 145 145 146 144 142 141 139 137 135 133 131 129 128 129 130 130 131 131 131 131 128 124 120 117 115 112 109 106 104 104 104 105 105 105 104 104 104 104 103 102 101
135 135 135 135 136 136 137 138 139 140 142 143 144 145 145 145 145 145 145 145 145 146 146 147 148 149 149 150 149 149 149 149 148 148 147 147 146 146 145 144 144 144 143 141 140 137 135 133 131 127 124 121 121 122 124 126 128 129 128 125 122 118 115 113 110 107 104 102 102 103 104 104 104 104 103 103 103 102 101 100
135 136 136 136 136 137 137 138 139 140 142 143 144 145 146 146 146 146 146 146 146 147 148 149 150 150 150 150 150 150 150 149 149 148 147 146 145 144 144 143 143 143 142 140 139 137 134 132 129 124 120 115 115 115 119 122 125 126 125 123 120 117 114 112 109 106 103 101 101 101 103 104 104 104 103 102 102 102 101 100
136 137 137 138 138 138 138 139 140 141 142 143 145 146 146 147 147 147 147 147 148 148 149 150 151 151 152 152 151 151 151 150 150 149 148 147 145 144 144 144 144 144 142 141 140 138 135 131 127 123 118 114 112 112 116 120 122 123 123 121 119 116 113 111 109 106 103 100 99 100 103 104 105 104 104 103 103 102 101 101
138 139 139 139 139 139 139 139 140 141 142 143 144 145 146 147 147 147 148 148 148 149 150 151 152 152 152 152 152 151 152 151 151 150 149 147 146 145 145 145 145 145 144 143 142 140 136 132 127 123 118 114 113 113 116 119 121 121 121 120 118 115 113 110 108 106 104 101 100 101 103 105 105 105 104 103 103 102 102 101
141 142 141 141 141 141 140 140 140 141 142 143 143 144 145 146 147 148 149 149 149 151 152 153 154 153 153 153 152 152 153 152 151 150 150 149 148 147 147 147 146 146 146 145 145 142 139 134 129 123 119 116 116 116 118 119 120 120 120 119 117 115 113 110 108 106 105 103 102 102 104 105 106 105 105 104 103 102 102 101
144 145 144 143 143 142 141 141 141 141 142 142 143 143 144 146 147 148 149 149 150 152 153 155 155 154 154 154 154 154 154 153 152 152 151 151 150 149 149 148 147 146 146 145 145 143 139 134 130 125 122 119 119 119 119 120 120 120 120 119 117 115 113 110 109 107 106 105 104 104 104 105 106 106 105 104 104 103 102 101
148 148 147 146 145 144 142 142 141 141 141 142 142 142 143 145 146 148 149 150 151 153 154 156 157 155 155 154 155 155 154 154 153 153 153 152 152 151 150 149 148 147 145 145 145 142 139 135 131 127 124 122 121 121 121 121 121 121 120 119 117 115 113 111 109 108 108 107 107 106 105 106 106 106 106 105 105 103 103 102
151 151 150 148 146 144 143 142 141 141 141 142 142 142 143 145 147 148 149 150 152 153 155 157 157 157 156 155 155 155 155 154 154 153 152 152 151 150 149 148 147 145 144 143 142 140 137 135 132 129 126 124 124 124 124 123 123 122 121 119 117 116 114 112 111 111 110 109 108 108 107 107 107 107 107 106 106 105 104 103
155 154 152 150 147 145 144 143 141 141 141 142 143 143 144 145 147 149 150 151 152 154 155 157 157 157 156 156 156 155 155 155 154 153 152 151 150 149 148 147 146 144 143 141 139 137 135 134 132 130 128 126 126 126 126 125 124 123 122 120 119 117 115 113 113 113 112 111 110 109 109 109 109 108 108 108 107 107 106 104
159 155 153 150 148 146 146 144 143 142 142 143 144 144 145 146 148 150 151 152 153 154 155 157 157 156 156 156 156 156 156 155 153 152 151 151 150 149 147 146 144 142 140 138 136 135 134 132 131 131 130 129 128 128 128 127 126 125 124 122 121 118 116 116 115 114 113 112 112 111 111 110 110 110 109 109 108 108 107 106
158 155 152 150 148 147 147 146 145 144 144 145 146 147 148 149 151 152 152 153 153 154 155 156 156 155 156 156 156 156 156 155 153 152 151 150 149 148 146 145 143 140 138 136 134 132 131 131 131 131 131 130 130 131 130 129 127 126 125 124 123 121 119 118 117 116 115 114 113 113 112 112 111 111 111 110 109 109 108 107
156 153 151 149 148 148 147 147 147 146 146 147 149 150 151 152 153 154 154 154 153 154 154 155 155 155 156 157 156 156 155 154 153 152 150 149 148 146 145 144 141 139 136 134 131 129 128 129 130 131 131 132 132 133 132 130 129 128 127 126 125 124 122 121 120 118 117 116 115 115 114 113 112 112 112 111 111 110 109 109
153 150 148 146 147 147 147 148 148 148 148 149 150 152 153 154 155 155 154 154 153 153 154 154 155 155 156 156 156 155 154 153 152 150 148 147 146 145 144 142 140 137 135 132 128 127 127 128 130 131 131 132 133 133 132 131 130 129 128 127 126 125 124 123 122 120 118 117 116 116 115 114 114 113 113 112 112 111 111 110
150 147 145 144 145 146 148 148 149 149 149 150 151 154 155 156 156 155 154 154 153 153 153 154 155 156 156 156 155 154 153 152 151 149 146 145 144 144 143 141 139 136 134 130 127 126 126 128 129 130 131 132 133 134 133 132 131 131 130 128 127 127 126 125 123 121 120 118 118 117 116 116 115 115 114 114 113 112 112 111
148 146 144 143 145 146 147 148 148 149 149 150 152 153 154 155 155 155 154 154 153 153 153 154 154 155 155 155 154 153 152 151 149 147 145 144 143 142 141 140 139 137 134 131 129 128 127 128 129 130 131 131 132 133 133 132 132 132 131 130 130 129 127 125 124 123 121 120 119 119 118 117 116 116 115 115 114 113 112 112
147 146 144 142 144 145 146 147 147 148 149 150 151 152 153 154 154 154 153 153 152 152 152 153 154 154 154 153 152 151 150 149 147 145 143 142 141 141 140 140 139 137 135 133 130 129 128 129 129 130 130 131 132 133 132 132 132 133 133 133 132 131 129 126 125 124 123 122 121 120 119 118 118 117 116 116 115 113 113 112
146 145 143 142 143 144 144 145 146 147 148 149 150 150 151 152 152 151 151 150 150 150 151 152 153 153 152 151 150 148 148 146 144 142 140 139 139 139 140 140 140 139 137 134 132 130 129 129 129 129 129 130 131 132 132 132 133 134 135 135 134 133 130 128 126 126 125 123 122 121 121 120 120 119 117 116 115 114 113 112
146 145 143 142 142 142 143 144 145 146 147 147 148 148 149 149 149 149 148 148 147 149 150 151 152 151 150 149 147 146 144 143 140 138 137 136 136 136 138 139 140 141 138 135 132 131 129 129 129 129 129 130 131 132 132 133 135 136 137 137 137 135 133 130 129 128 126 125 124 123 122 122 121 119 118 117 116 114 113 112
145 144 142 141 140 140 141 142 143 144 145 146 146 146 146 146 146 146 145 144 144 147 149 150 150 149 148 147 145 143 141 139 136 134 133 132 132 133 136 139 141 142 139 136 133 131 130 129 129 129 129 130 130 131 133 135 137 139 140 140 139 137 135 133 131 130 128 127 126 125 124 123 122 120 119 118 116 114 113 112
145 143 141 140 139 139 139 140 141 142 143 144 144 144 144 144 143 142 142 141 140 144 148 149 148 147 145 144 142 140 138 136 133 131 129 128 128 129 131 135 137 138 136 134 132 131 129 129 129 129 129 129 130 132 134 137 139 141 143 142 142 140 138 136 134 132 130 129 128 127 126 124 123 121 120 118 117 115 113 111
144 141 140 139 138 138 137 138 139 141 142 142 142 142 142 141 140 139 139 138 137 142 146 147 146 145 143 141 139 138 135 133 131 128 126 124 123 124 127 130 133 134 133 132 131 130 128 128 128 128 128 128 130 132 135 138 141 143 146 145 145 143 140 138 136 134 132 131 130 128 127 125 123 122 121 119 117 115 113 111
141 140 139 138 137 136 136 136 137 138 139 140 140 140 139 139 137 136 137 137 137 140 143 143 143 142 140 138 137 135 133 130 128 125 123 120 119 120 123 126 128 130 130 129 129 128 127 127 127 127 127 127 129 131 135 138 141 145 148 148 147 144 142 140 138 135 134 132 131 129 127 125 124 122 121 119 117 115 113 111
139 138 137 136 135 134 134 135 136 137 138 140 140 139 138 138 136 135 136 136 137 140 142 140 140 139 138 137 136 134 132 129 126 124 122 119 117 119 121 124 126 128 127 127 126 126 125 125 125 125 125 126 128 131 134 137 141 145 148 148 148 145 142 140 138 136 134 133 131 130 128 126 124 122 121 119 117 115 113 111
-9999 135 135 134 133 132 132 133 -9999 -9999 -9999 -9999 -9999 -9999 -9999 -9999 -9999 -9999 -9999 -9999 -9999 -9999 -9999 -9999 -9999 -9999 -9999 -9999 -9999 -9999 -9999 -9999 -9999 -9999 -9999 -9999 -9999 -9999 -9999 -9999 -9999 -9999 -9999 124 124 123 123 123 123 123 124 125 127 129 132 136 140 143 146 146 146 144 141 140 138 136 134 133 131 129 127 126 124 122 121 119 117 115 113 111
-9999 133 132 132 -9999 -9999 -9999 -9999 -9999 -9999 -9999 -9999 -9999 -9999 -9999 -9999 -9999 -9999 -9999 -9999 -9999 -9999 -9999 -9999 -9999 -9999 -9999 -9999 -9999 -9999 -9999 -9999 -9999 -9999 -9999 -9999 -9999 -9999 -9999 -9999 -9999 -9999 -9999 -9999 -9999 -9999 121 121 122 122 122 123 125 127 130 133 137 140 143 143 143 142 140 139 137 135 134 132 130 129 127 125 123 122 120 118 116 114 112 110
-9999 130 130 130 -9999 -9999 -9999 -9999 -9999 -9999 -9999 -9999 -9999 -9999 -9999 -9999 -9999 -9999 -9999 -9999 -9999 -9999 -9999 -9999 -9999 -9999 -9999 -9999 -9999 -9999 -9999 -9999 -9999 -9999 -9999 -9999 -9999 -9999 -9999 -9999 -9999 -9999 -9999 -9999 -9999 -9999 -9999 -9999 -9999 120 120 122 123 125 128 131 134 137 139 -9999 -9999 -9999 -9999 -9999 -9999 134 133 131 130 128 126 124 122 121 119 117 115 113 111 109
125 127 127 127 127 126 127 128 -9999 -9999 -9999 -9999 -9999 -9999 -9999 -9999 -9999 -9999 -9999 -9999 -9999 -9999 -9999 -9999 -9999 -9999 -9999 -9999 -9999 -9999 -9999 -9999 -9999 -9999 -9999 -9999 -9999 -9999 -9999 -9999 -9999 -9999 -9999 -9999 -9999 -9999 -9999 -9999 -9999 118 118 119 121 122 125 128 131 133 135 -9999 -9999 -9999 -9999 -9999 -9999 133 131 130 128 127 125 123 121 120 118 116 114 111 109 107
124 125 125 125 -9999 -9999 -9999 -9999 -9999 -9999 -9999 -9999 -9999 -9999 -9999 -9999 -9999 -9999 -9999 -9999 -9999 -9999 -9999 -9999 -9999 -9999 -9999 -9999 -9999 -9999 -9999 -9999 -9999 -9999 -9999 -9999 -9999 -9999 -9999 -9999 -9999 -9999 -9999 -9999 -9999 -9999 -9999 -9999 -9999 117 117 117 -9999 -9999 -9999 -9999 -9999 -9999 -9999 -9999 -9999 -9999 -9999 -9999 -9999 -9999 -9999 128 127 126 124 122 121 119 117 115 112 110 108 105
122 123 123 124 -9999 -9999 -9999 -9999 -9999 -9999 -9999 -9999 -9999 -9999 -9999 -9999 -9999 -9999 -9999 -9999 -9999 -9999 -9999 -9999 -9999 -9999 -9999 -9999 -9999 -9999 -9999 -9999 -9999 -9999 -9999 -9999 -9999 -9999 -9999 -9999 -9999 -9999 -9999 -9999 -9999 -9999 -9999 -9999 -9999 115 115 115 -9999 -9999 -9999 -9999 -9999 -9999 -9999 -9999 -9999 -9999 -9999 -9999 -9999 -9999 -9999 127 126 125 123 121 119 117 115 113 111 109 107 104
120 121 121 122 -9999 -9999 -9999 -9999 -9999 -9999 -9999 -9999 -9999 -9999 -9999 -9999 -9999 -9999 -9999 -9999 -9999 -9999 -9999 -9999 -9999 -9999 -9999 -9999 -9999 -9999 -9999 -9999 -9999 -9999 -9999 -9999 -9999 -9999 -9999 -9999 -9999 -9999 -9999 -9999 -9999 -9999 -9999 -9999 -9999 114 114 114 -9999 -9999 -9999 -9999 -9999 -9999 -9999 -9999 -9999 -9999 -9999 -9999 -9999 -9999 -9999 126 125 123 122 120 118 116 114 112 110 108 105 103
118 118 119 119 -9999 -9999 -9999 -9999 -9999 -9999 -9999 -9999 -9999 -9999 -9999 -9999 -9999 -9999 -9999 -9999 -9999 -9999 -9999 -9999 -9999 -9999 -9999 -9999 -9999 -9999 -9999 -9999 -9999 -9999 -9999 -9999 -9999 -9999 -9999 -9999 -9999 -9999 -9999 -9999 -9999 -9999 -9999 -9999 -9999 -9999 -9999 -9999 -9999 -9999 -9999 -9999 -9999 -9999 -9999 -9999 -9999 -9999 -9999 -9999 -9999 -9999 -9999 -9999 -9999 122 120 119 117 115 113 111 109 107 104 102
115 116 117 117 -9999 -9999 -9999 -9999 -9999 -9999 -9999 -9999 -9999 -9999 -9999 -9999 -9999 -9999 -9999 -9999 -9999 -9999 -9999 -9999 -9999 -9999 -9999 -9999 -9999 -9999 -9999 -9999 -9999 -9999 -9999 -9999 -9999 -9999 -9999 -9999 -9999 -9999 -9999 -9999 -9999 -9999 -9999 -9999 -9999 -9999 -9999 -9999 -9999 -9999 -9999 -9999 -9999 -9999 -9999 -9999 -9999 -9999 -9999 -9999 -9999 -9999 -9999 -9999 -9999 -9999 119 117 115 114 112 110 108 106 104 101
113 114 115 116 -9999 -9999 -9999 -9999 -9999 -9999 -9999 -9999 -9999 -9999 -9999 -9999 -9999 -9999 -9999 -9999 -9999 -9999 -9999 -9999 -9999 -9999 -9999 -9999 -9999 -9999 -9999 -9999 -9999 -9999 -9999 -9999 -9999 -9999 -9999 -9999 -9999 -9999 -9999 -9999 -9999 -9999 -9999 -9999 -9999 -9999 -9999 -9999 -9999 -9999 -9999 -9999 -9999 -9999 -9999 -9999 -9999 -9999 -9999 -9999 -9999 -9999 -9999 -9999 -9999 -9999 117 116 114 113 111 109 107 105 103 101
