tests/testthat/test_data/rstack/mar_prec.asc
ncols         147
nrows         127
xllcorner     -90.06084375
yllcorner     23.864697408444
cellsize      0.096253424
NODATA_value  -9999
[rows 0 to 34 of 127, columns 0 to 79 of 147]
116 116 117 117 117 118 118 119 119 120 121 122 123 125 126 128 130 132 135 136 138 140 142 143 145 146 146 146 145 144 143 142 139 138 136 135 136 141 145 149 150 151 151 151 151 152 153 155 157 161 162 161 159 156 154 152 151 151 151 150 149 146 143 140 138 135 133 131 128 125 121 117 114 111 109 108 109 112 112 113
116 116 117 117 118 118 119 119 119 120 120 121 122 124 126 128 131 133 135 137 139 140 142 144 145 146 146 147 146 145 145 143 142 140 139 138 140 145 149 152 153 153 153 153 153 153 154 156 158 161 162 161 159 157 156 154 151 149 148 147 146 143 140 137 135 134 132 130 127 125 121 118 115 114 112 110 112 117 118 118
115 116 117 118 118 119 119 119 119 119 120 120 122 123 126 128 131 133 136 138 140 141 143 145 146 147 147 147 147 147 146 145 144 143 142 143 144 148 151 154 155 155 155 154 153 154 154 157 159 161 162 161 159 158 155 153 150 149 147 146 145 142 139 136 135 135 135 133 131 131 131 128 123 123 120 115 113 115 119 124
115 116 117 118 119 120 120 120 119 119 119 120 121 123 126 128 131 134 136 139 141 143 144 146 147 148 148 148 148 148 147 147 146 146 146 147 149 151 153 156 156 157 156 155 153 154 155 158 160 161 161 160 159 158 154 151 149 148 147 146 144 141 138 136 137 139 139 139 137 139 144 141 134 134 132 120 113 110 118 129
115 116 118 120 121 121 121 120 120 119 119 119 121 123 126 128 132 135 137 139 141 144 146 148 149 150 150 150 150 150 149 149 148 149 149 150 152 154 156 159 159 159 158 157 156 157 159 161 162 161 161 161 158 156 153 150 150 149 148 146 144 143 143 145 148 152 155 157 158 159 158 153 147 140 133 125 119 115 121 128
115 116 119 121 122 122 121 121 120 120 119 119 121 123 126 129 132 135 138 140 142 145 148 150 151 152 152 152 152 151 151 151 151 151 152 153 155 157 159 161 162 161 160 160 159 161 164 164 163 161 160 160 157 154 152 150 150 150 149 147 146 146 149 153 158 163 167 170 173 172 167 163 159 148 138 132 127 121 124 128
115 116 118 120 122 122 122 121 121 120 120 121 123 125 127 130 133 136 139 141 143 146 149 151 153 153 153 153 154 154 154 154 154 154 155 157 158 160 162 164 164 164 163 164 165 165 166 165 164 163 161 158 155 152 151 151 151 150 150 149 149 155 159 162 163 165 165 165 166 165 162 164 168 161 154 147 139 130 131 133
115 116 118 119 121 122 122 122 122 121 121 122 124 127 129 131 134 137 140 142 145 148 150 153 154 154 155 155 155 155 155 155 156 157 158 159 161 162 164 166 166 166 166 167 168 168 167 165 164 163 161 156 154 153 152 151 152 152 152 153 155 163 168 169 170 170 169 169 166 165 164 168 172 169 165 155 146 138 137 138
115 116 118 119 121 122 123 123 124 123 123 124 126 128 131 133 136 139 141 144 147 149 152 154 156 156 156 156 156 156 156 156 157 159 160 161 163 164 166 167 168 168 168 168 169 169 168 166 164 163 160 155 154 154 153 152 153 154 155 158 162 170 175 177 177 177 179 179 173 171 173 173 173 173 170 157 149 144 143 142
117 117 119 120 122 123 124 125 125 125 126 126 128 130 132 135 137 140 142 145 148 151 153 155 156 156 156 156 156 156 157 157 158 160 161 163 164 165 167 168 169 170 170 169 170 168 166 165 164 161 158 156 155 154 154 153 155 156 158 161 165 169 173 175 178 181 185 187 180 178 183 182 179 173 167 157 150 145 142 139
118 119 120 122 123 125 126 127 127 128 128 129 130 132 134 136 139 141 143 146 149 152 154 155 156 155 155 155 156 156 157 158 159 161 162 164 165 167 168 169 171 172 171 170 169 167 164 165 164 159 156 156 156 155 154 155 157 160 162 164 165 166 169 172 177 184 189 193 186 186 191 190 186 172 161 157 152 144 139 135
119 120 122 123 125 126 128 128 129 130 131 131 132 134 136 138 140 142 144 147 149 151 154 154 154 153 153 154 155 156 157 158 160 162 163 164 166 167 169 170 171 172 170 169 168 168 168 167 165 160 158 157 157 156 156 158 164 166 165 166 167 170 173 176 180 185 188 190 187 185 185 180 174 162 153 150 145 140 137 134
120 122 123 125 126 127 129 130 130 132 133 133 135 137 138 140 142 143 146 147 149 151 153 153 153 151 151 152 154 155 156 158 161 162 164 165 166 167 169 170 171 171 170 168 168 169 171 169 167 162 160 159 158 157 157 160 168 170 168 169 170 174 178 180 183 186 187 187 185 182 178 172 165 155 148 144 141 137 134 132
122 123 125 126 127 128 130 131 132 133 134 135 137 139 141 142 144 145 146 148 149 150 152 152 150 147 148 150 152 154 156 158 161 162 164 165 166 167 168 169 170 169 168 169 171 172 172 171 169 165 163 162 160 158 158 160 166 169 169 172 176 180 182 184 185 187 185 183 181 177 171 166 161 153 146 142 139 135 132 130
124 125 126 127 128 129 130 131 132 133 135 137 139 140 142 143 144 145 147 148 149 150 151 151 149 146 147 149 151 153 156 158 160 162 163 165 165 166 167 168 168 168 168 170 173 174 174 173 171 168 165 164 161 158 158 160 163 167 169 174 178 181 183 184 184 183 180 177 175 171 164 160 156 150 144 140 136 133 130 128
126 127 127 128 128 129 130 131 132 134 136 137 139 142 143 144 145 145 147 148 149 150 150 150 149 147 148 149 151 153 155 157 159 161 162 163 164 164 165 166 166 167 170 172 174 175 176 174 172 169 167 166 163 159 158 158 160 164 168 174 178 180 180 180 179 176 173 170 168 163 157 153 150 145 141 137 134 130 128 126
128 129 129 129 128 129 130 131 133 134 136 138 140 141 143 144 144 145 146 147 148 149 150 150 150 149 149 150 151 152 154 155 157 159 161 163 164 164 164 165 166 167 170 172 173 174 175 172 170 169 168 166 163 159 157 157 159 161 165 169 172 173 174 173 171 169 166 163 160 156 151 148 146 142 138 134 130 127 125 123
129 131 131 130 129 129 130 132 133 135 137 138 140 141 142 144 144 144 146 147 148 148 149 150 150 150 150 150 151 152 153 154 156 158 160 162 163 164 164 164 166 168 170 171 171 172 172 170 168 168 167 165 162 160 157 155 157 158 160 163 165 166 166 165 163 161 159 156 152 149 146 144 142 138 134 130 127 124 122 120
131 133 133 132 132 131 132 133 134 136 137 139 140 141 142 143 144 144 145 146 147 148 148 149 149 149 149 149 151 152 153 154 155 157 159 160 161 162 163 164 165 167 167 168 169 168 168 167 166 166 165 163 160 157 155 154 154 154 154 156 158 159 160 158 156 154 151 149 146 144 141 140 138 134 131 127 124 121 119 118
132 134 134 134 134 134 134 134 135 136 138 140 141 141 142 143 143 144 145 145 147 147 147 147 148 148 149 149 150 151 152 153 154 155 157 158 159 160 161 163 164 165 165 165 165 165 164 164 164 163 162 160 158 155 153 151 149 149 149 150 151 153 153 151 149 147 145 143 141 139 137 135 133 130 127 124 121 118 116 115
132 134 135 136 136 136 136 136 136 137 138 140 141 142 142 142 143 143 144 145 145 145 146 146 147 147 147 147 148 149 149 150 151 152 153 155 157 158 160 161 162 162 162 162 161 162 162 162 162 161 160 157 155 152 149 146 144 144 144 145 146 147 147 146 144 142 140 138 136 135 133 131 129 126 123 120 117 115 114 113
131 134 135 136 136 136 136 136 136 137 139 140 141 142 142 142 143 143 143 144 144 144 145 145 146 146 146 146 146 147 147 148 148 149 150 152 154 157 158 159 159 159 159 160 160 160 160 161 161 160 158 155 153 150 146 143 140 139 139 140 141 142 142 141 140 138 136 135 133 131 129 127 125 122 120 118 115 113 112 111
131 133 135 136 136 136 136 136 137 138 138 140 141 142 142 143 142 142 142 142 143 144 144 144 144 145 145 144 144 144 145 145 145 146 147 150 152 156 157 157 157 156 157 158 159 159 159 160 160 158 156 154 151 148 144 140 137 135 134 135 136 137 137 137 136 135 134 132 129 127 126 124 122 120 118 115 113 111 111 110
129 132 134 135 135 136 136 136 137 138 138 139 140 141 142 143 142 141 141 142 142 142 143 143 143 144 144 143 143 143 143 143 143 144 145 148 151 154 155 155 155 156 156 156 158 158 158 158 157 156 154 152 149 146 142 138 134 132 132 132 133 134 134 134 133 132 130 129 127 125 123 122 121 119 117 115 113 112 111 111
128 131 133 135 135 135 136 136 137 138 138 138 139 140 141 142 141 141 141 141 141 141 142 142 142 143 143 143 142 142 142 142 142 142 143 147 150 152 153 154 154 155 155 155 156 157 158 156 155 153 152 150 147 143 140 136 133 131 130 130 131 131 131 130 130 129 127 126 124 122 121 120 120 118 116 114 113 112 112 111
125 128 131 133 134 135 136 136 137 137 137 137 137 138 139 139 139 139 139 140 140 141 141 141 142 142 143 143 142 141 141 141 141 141 141 145 149 151 152 153 154 155 155 155 155 155 155 154 153 152 150 147 144 141 138 134 132 130 129 129 129 128 128 128 127 126 125 124 122 120 119 119 119 118 117 116 115 114 113 112
124 127 130 132 133 134 135 136 137 137 137 136 136 137 137 138 138 138 139 139 140 140 141 141 141 142 142 143 142 141 141 141 142 141 141 145 148 150 151 153 154 156 156 155 155 154 153 153 152 150 148 145 142 139 136 133 132 130 129 129 128 127 126 125 125 124 123 122 120 119 118 118 118 117 117 117 116 115 114 113
125 127 129 131 132 134 134 135 136 136 136 135 136 136 137 137 137 137 138 139 139 140 140 140 140 141 142 143 143 143 142 142 143 143 143 145 147 149 151 153 155 157 157 157 157 155 152 151 149 148 146 142 139 136 134 133 132 130 129 129 128 127 126 124 123 122 121 119 118 117 116 116 116 117 117 118 118 118 116 114
127 128 129 130 132 133 134 135 136 136 136 136 136 136 137 137 137 138 138 138 139 139 140 140 140 141 142 143 144 144 143 143 144 144 145 147 148 149 151 153 155 158 157 157 156 153 150 149 148 146 144 140 138 136 134 133 132 131 130 129 128 127 125 123 121 120 119 118 116 115 115 115 115 116 116 117 117 117 115 113
129 129 130 130 132 134 135 136 137 137 137 136 136 136 137 137 138 138 138 138 139 139 139 139 140 141 142 143 144 145 145 145 145 146 147 148 149 150 151 153 155 157 157 156 154 151 148 147 146 144 141 139 137 135 134 134 132 131 130 130 129 126 124 122 120 118 117 117 115 114 113 113 114 115 115 115 115 115 114 112
131 131 131 131 132 134 135 136 137 138 138 138 138 137 137 138 138 139 139 139 140 140 140 140 140 140 142 144 144 145 145 145 146 147 149 150 151 152 153 154 155 156 155 153 152 149 146 145 144 142 140 137 136 136 135 135 134 132 131 130 129 126 124 121 118 116 116 115 114 112 111 112 112 113 113 113 113 112 111 110
133 132 132 132 133 134 135 136 137 138 139 139 139 139 139 139 139 140 140 140 140 140 140 140 140 141 142 144 145 145 145 146 147 149 150 152 153 153 154 155 155 154 152 151 150 147 145 143 141 139 138 136 136 136 136 136 135 134 133 131 129 126 123 120 117 115 114 113 112 111 110 110 110 110 111 111 111 110 109 107
134 133 133 133 133 134 136 137 138 139 139 140 140 141 141 140 140 141 141 141 141 141 141 141 141 143 144 145 146 146 146 146 148 149 151 154 155 154 154 154 153 152 150 149 147 146 144 142 140 138 136 135 136 137 138 138 137 136 134 132 129 126 123 119 116 114 113 112 111 110 108 108 108 108 109 110 109 108 107 105
135 133 133 133 134 135 136 137 138 139 140 140 141 142 142 142 141 142 142 142 142 142 142 142 143 144 145 146 146 146 147 147 148 149 151 153 154 153 152 152 152 151 149 147 146 144 142 141 139 136 135 134 135 137 138 139 138 137 135 131 128 125 122 118 115 112 111 110 109 108 107 107 106 107 107 108 108 107 105 104
135 134 134 134 135 135 136 137 138 139 140 141 142 143 143 143 142 142 143 142 141 142 143 143 144 145 146 147 147 147 148 148 148 149 149 150 151 151 150 150 150 149 147 146 145 143 141 140 138 135 134 133 135 136 137 138 139 137 134 130 126 123 120 117 114 111 109 107 107 107 106 106 105 105 105 106 106 105 104 103
