tests/testthat/test_data/rstack/may_prec.asc
ncols         147
nrows         127
xllcorner     -90.06084375
yllcorner     23.864697408444
cellsize      0.096253424
NODATA_value  -9999
[rows 35 to 69 of 127, columns 0 to 79 of 147]
109 108 106 104 102 100 98 97 96 95 95 94 93 92 91 90 87 85 82 80 78 79 80 81 82 84 84 84 82 81 80 80 80 80 81 82 82 81 81 80 81 81 80 80 80 79 79 79 79 78 77 78 80 82 81 80 78 77 77 76 75 75 75 75 74 73 72 72 73 75 75 76 76 76 76 78 79 79 80 81
109 108 106 104 102 100 98 97 96 95 95 93 93 92 91 91 88 86 83 81 80 80 80 81 82 83 83 83 81 79 78 78 78 78 79 79 80 80 79 77 78 79 78 78 78 77 77 77 78 77 77 78 79 81 80 78 77 76 77 76 75 74 73 74 73 72 71 70 71 72 74 74 74 74 75 76 78 79 79 80
108 107 105 103 101 99 98 96 95 94 93 93 92 91 91 91 89 87 85 83 81 81 81 82 82 83 82 82 80 78 76 75 74 75 77 77 77 77 77 76 76 77 76 76 76 76 75 75 75 75 74 74 75 77 77 76 76 76 76 75 74 73 72 73 72 71 70 70 70 71 72 72 73 73 74 75 77 78 79 79
106 106 105 104 101 99 98 96 95 94 93 92 91 91 91 91 89 87 86 84 82 82 82 83 83 83 82 81 79 77 75 73 73 74 75 75 75 76 76 75 75 76 75 75 75 75 74 74 74 73 72 72 72 73 74 75 76 76 76 75 74 73 72 72 72 71 70 69 69 70 70 71 72 72 73 74 76 77 78 79
106 106 105 104 102 100 98 97 96 95 93 92 91 90 91 91 90 88 86 85 84 83 83 83 84 84 83 82 80 78 76 75 75 75 76 76 76 76 76 75 75 75 75 75 75 75 75 74 73 71 70 70 70 70 73 75 76 76 75 75 74 73 72 72 72 72 71 70 69 69 69 70 70 72 73 74 75 77 78 79
107 107 106 105 103 101 99 98 97 96 94 92 91 90 91 91 90 89 87 86 85 84 84 85 85 84 83 82 81 79 78 78 77 77 77 77 77 77 76 76 76 76 75 75 76 76 75 74 72 71 70 69 69 70 73 75 75 75 75 75 74 73 73 72 72 72 71 70 69 69 69 70 70 72 73 74 75 76 78 79
109 109 108 106 105 103 101 100 99 98 96 94 92 91 91 91 91 90 88 87 86 86 86 87 86 85 84 83 82 81 81 80 79 79 79 79 79 78 78 78 77 77 76 76 77 76 76 74 72 71 70 69 70 72 74 75 75 75 75 75 75 74 73 72 72 72 72 72 70 69 69 70 71 72 73 74 75 76 77 79
111 111 110 109 107 105 103 102 100 99 97 96 94 92 92 91 91 91 89 88 88 88 88 89 88 87 86 85 84 84 83 83 82 82 82 82 81 81 80 80 78 77 76 75 75 75 75 74 72 71 70 70 71 73 75 76 76 76 76 75 75 75 74 73 73 73 73 73 72 71 70 71 72 72 73 74 75 76 78 79
114 114 113 112 109 107 105 103 102 100 99 98 96 94 93 92 92 91 90 90 89 90 90 91 91 90 88 87 87 87 86 85 85 84 84 84 84 83 82 81 79 78 76 75 74 74 74 73 73 72 71 71 73 74 75 76 76 76 76 76 75 75 75 74 74 74 74 74 74 73 72 72 72 73 74 75 76 77 78 79
118 118 116 114 111 109 106 105 104 102 100 99 97 95 94 93 94 93 92 92 91 92 92 93 93 92 91 90 89 89 89 88 87 87 86 85 84 83 82 80 79 77 75 74 73 73 73 73 73 73 72 72 74 75 77 77 77 77 77 77 76 76 76 75 75 76 76 75 75 75 74 74 74 75 76 77 77 78 79 80
121 121 118 116 113 110 108 107 105 104 102 100 99 97 96 95 95 95 94 93 93 93 94 94 94 94 93 92 92 92 92 91 90 89 87 86 85 84 82 80 78 76 75 73 72 72 73 73 73 73 74 74 75 77 78 78 78 78 78 78 77 77 77 77 77 78 77 77 77 76 76 76 76 76 77 78 79 79 80 81
125 122 120 117 114 112 110 108 107 105 104 102 101 99 98 96 97 96 96 95 94 95 96 96 96 95 94 94 95 95 94 93 92 90 89 87 86 84 82 80 78 76 74 72 71 71 71 72 73 74 75 75 76 78 78 79 79 79 79 79 79 79 79 79 79 79 79 78 78 78 78 77 77 78 78 79 79 80 81 82
125 123 120 117 115 112 110 109 107 106 105 104 103 102 100 99 99 99 98 97 96 97 97 98 97 97 97 97 98 97 97 95 93 92 90 88 87 85 83 81 78 76 73 71 70 70 70 72 73 75 76 77 78 79 80 80 80 80 80 80 80 80 81 81 81 80 80 79 79 79 79 78 78 78 79 79 80 80 81 82
125 122 120 117 115 113 110 109 108 107 106 105 105 104 103 102 102 101 100 99 98 98 98 99 99 99 100 101 100 100 98 97 95 93 92 89 87 86 84 82 79 76 73 71 69 68 69 71 74 76 78 79 80 81 82 82 82 82 82 82 82 83 83 83 82 81 80 80 80 80 79 79 78 79 79 80 80 81 82 83
124 121 118 116 115 113 111 110 108 108 107 106 106 106 105 104 104 103 102 101 100 99 99 100 100 101 102 103 102 101 100 99 97 95 92 90 88 86 84 83 80 77 74 71 68 68 70 72 75 77 78 80 82 83 83 84 84 84 84 84 84 84 85 84 83 82 81 80 80 79 79 79 79 79 80 80 81 82 83 84
123 120 117 115 114 113 112 111 109 109 108 107 107 107 107 106 105 104 103 102 101 101 100 101 102 103 104 104 104 103 102 100 98 96 93 90 88 87 85 83 81 78 75 72 69 69 70 73 76 77 79 82 84 85 85 85 85 85 85 85 85 86 86 85 84 82 81 80 79 79 79 79 79 80 80 81 82 83 84 84
121 119 116 114 114 113 112 111 110 110 109 109 108 108 107 107 106 105 104 103 102 102 102 103 104 105 105 105 104 104 103 102 99 96 93 90 88 87 85 84 81 79 76 74 72 72 73 75 77 79 81 83 84 86 86 86 86 86 86 87 87 87 87 85 84 82 81 79 79 78 78 79 79 80 81 82 83 84 84 85
120 118 116 114 113 113 112 111 110 110 110 109 109 108 108 107 106 105 104 103 103 103 103 104 105 106 106 105 104 104 103 102 99 95 92 90 88 86 85 85 83 81 79 77 75 74 75 76 78 80 82 84 85 87 87 87 88 88 88 89 89 89 88 86 84 82 80 79 78 78 78 79 79 80 82 83 84 84 85 85
119 117 115 113 113 113 112 111 111 111 110 109 109 108 108 108 106 105 103 103 102 103 104 106 106 106 106 105 104 103 102 100 97 94 90 88 86 85 85 86 85 85 82 79 77 77 77 78 79 81 83 85 87 88 88 88 89 89 90 91 91 90 89 87 85 82 80 78 77 77 78 79 80 81 82 83 84 85 85 86
117 116 115 113 113 113 113 112 111 111 111 109 109 108 108 107 106 104 102 101 100 103 105 107 107 106 105 104 102 101 100 98 94 90 87 84 83 83 84 85 87 87 83 80 78 77 77 79 80 82 85 87 88 89 89 90 91 92 93 93 93 92 90 88 85 82 80 77 77 77 78 79 80 81 83 84 85 85 86 86
116 115 114 114 113 113 113 113 112 111 111 109 109 108 108 107 105 103 101 99 97 102 106 107 107 105 104 102 100 99 97 95 90 86 83 80 79 80 82 85 87 89 84 81 79 78 78 80 82 84 86 89 90 91 91 92 94 95 96 96 95 93 91 88 85 82 79 77 76 76 78 79 80 82 83 85 85 86 87 87
115 114 114 113 113 113 113 113 113 112 111 109 109 109 108 107 106 103 100 96 93 101 107 108 107 104 101 98 97 95 93 89 85 81 77 75 73 74 76 79 81 82 80 78 77 76 77 80 82 85 88 91 92 93 94 95 97 98 98 98 97 94 92 89 86 83 80 77 75 75 77 79 81 83 85 86 87 87 88 88
114 114 113 113 113 113 113 113 113 112 111 109 109 109 109 108 107 104 100 96 92 100 107 107 105 102 98 95 93 91 88 84 80 76 72 69 68 68 70 73 75 76 75 74 74 74 75 78 82 86 89 93 94 95 96 97 99 100 101 100 98 96 93 90 87 83 80 77 76 76 78 80 81 84 86 87 88 89 89 89
114 114 113 113 113 113 114 114 114 113 111 109 109 110 110 111 109 106 102 99 97 101 105 104 103 99 95 91 88 86 83 80 76 71 67 64 62 63 65 67 69 70 69 69 70 70 71 75 79 84 89 94 95 96 97 98 99 101 103 102 100 97 94 91 87 84 81 79 78 78 79 81 83 85 87 89 90 91 91 91
114 114 114 113 113 114 114 114 114 113 111 109 109 110 111 112 110 107 103 101 99 102 103 102 99 96 93 89 86 83 81 78 74 69 65 61 59 61 62 65 66 67 65 64 65 66 67 70 74 80 86 91 93 94 95 96 98 100 102 101 100 97 94 91 88 85 83 81 80 80 81 82 84 86 88 90 92 93 93 93
-9999 114 114 114 114 114 114 114 -9999 -9999 -9999 -9999 -9999 -9999 -9999 -9999 -9999 -9999 -9999 -9999 -9999 -9999 -9999 -9999 -9999 -9999 -9999 -9999 -9999 -9999 -9999 -9999 -9999 -9999 -9999 -9999 -9999 -9999 -9999 -9999 -9999 -9999 -9999 60 59 60 61 65 69 75 80 85 88 91 92 93 96 98 100 99 98 96 93 91 88 86 84 83 82 82 83 84 86 88 90 92 94 95 95 94
-9999 114 114 114 -9999 -9999 -9999 -9999 -9999 -9999 -9999 -9999 -9999 -9999 -9999 -9999 -9999 -9999 -9999 -9999 -9999 -9999 -9999 -9999 -9999 -9999 -9999 -9999 -9999 -9999 -9999 -9999 -9999 -9999 -9999 -9999 -9999 -9999 -9999 -9999 -9999 -9999 -9999 -9999 -9999 -9999 54 59 64 69 74 79 82 85 87 90 92 95 96 96 95 94 92 90 88 87 85 84 84 84 84 86 87 89 91 93 94 96 95 94
-9999 115 115 115 -9999 -9999 -9999 -9999 -9999 -9999 -9999 -9999 -9999 -9999 -9999 -9999 -9999 -9999 -9999 -9999 -9999 -9999 -9999 -9999 -9999 -9999 -9999 -9999 -9999 -9999 -9999 -9999 -9999 -9999 -9999 -9999 -9999 -9999 -9999 -9999 -9999 -9999 -9999 -9999 -9999 -9999 -9999 -9999 -9999 64 69 73 76 80 83 85 88 91 92 -9999 -9999 -9999 -9999 -9999 -9999 87 86 85 85 85 86 87 88 90 91 93 95 96 95 95
115 116 116 116 116 116 115 115 -9999 -9999 -9999 -9999 -9999 -9999 -9999 -9999 -9999 -9999 -9999 -9999 -9999 -9999 -9999 -9999 -9999 -9999 -9999 -9999 -9999 -9999 -9999 -9999 -9999 -9999 -9999 -9999 -9999 -9999 -9999 -9999 -9999 -9999 -9999 -9999 -9999 -9999 -9999 -9999 -9999 60 64 67 71 74 78 81 84 87 89 -9999 -9999 -9999 -9999 -9999 -9999 87 87 86 86 87 87 88 89 90 91 93 94 95 94 93
116 118 117 117 -9999 -9999 -9999 -9999 -9999 -9999 -9999 -9999 -9999 -9999 -9999 -9999 -9999 -9999 -9999 -9999 -9999 -9999 -9999 -9999 -9999 -9999 -9999 -9999 -9999 -9999 -9999 -9999 -9999 -9999 -9999 -9999 -9999 -9999 -9999 -9999 -9999 -9999 -9999 -9999 -9999 -9999 -9999 -9999 -9999 57 60 63 -9999 -9999 -9999 -9999 -9999 -9999 -9999 -9999 -9999 -9999 -9999 -9999 -9999 -9999 -9999 87 87 87 88 89 90 91 92 93 93 94 93 92
118 119 118 118 -9999 -9999 -9999 -9999 -9999 -9999 -9999 -9999 -9999 -9999 -9999 -9999 -9999 -9999 -9999 -9999 -9999 -9999 -9999 -9999 -9999 -9999 -9999 -9999 -9999 -9999 -9999 -9999 -9999 -9999 -9999 -9999 -9999 -9999 -9999 -9999 -9999 -9999 -9999 -9999 -9999 -9999 -9999 -9999 -9999 55 56 58 -9999 -9999 -9999 -9999 -9999 -9999 -9999 -9999 -9999 -9999 -9999 -9999 -9999 -9999 -9999 87 88 88 89 90 91 91 92 93 93 92 92 91
120 120 119 118 -9999 -9999 -9999 -9999 -9999 -9999 -9999 -9999 -9999 -9999 -9999 -9999 -9999 -9999 -9999 -9999 -9999 -9999 -9999 -9999 -9999 -9999 -9999 -9999 -9999 -9999 -9999 -9999 -9999 -9999 -9999 -9999 -9999 -9999 -9999 -9999 -9999 -9999 -9999 -9999 -9999 -9999 -9999 -9999 -9999 54 55 57 -9999 -9999 -9999 -9999 -9999 -9999 -9999 -9999 -9999 -9999 -9999 -9999 -9999 -9999 -9999 87 88 89 90 90 91 92 93 93 93 92 92 91
120 120 119 118 -9999 -9999 -9999 -9999 -9999 -9999 -9999 -9999 -9999 -9999 -9999 -9999 -9999 -9999 -9999 -9999 -9999 -9999 -9999 -9999 -9999 -9999 -9999 -9999 -9999 -9999 -9999 -9999 -9999 -9999 -9999 -9999 -9999 -9999 -9999 -9999 -9999 -9999 -9999 -9999 -9999 -9999 -9999 -9999 -9999 -9999 -9999 -9999 -9999 -9999 -9999 -9999 -9999 -9999 -9999 -9999 -9999 -9999 -9999 -9999 -9999 -9999 -9999 -9999 -9999 89 91 91 92 93 93 94 94 93 92 92
120 119 119 118 -9999 -9999 -9999 -9999 -9999 -9999 -9999 -9999 -9999 -9999 -9999 -9999 -9999 -9999 -9999 -9999 -9999 -9999 -9999 -9999 -9999 -9999 -9999 -9999 -9999 -9999 -9999 -9999 -9999 -9999 -9999 -9999 -9999 -9999 -9999 -9999 -9999 -9999 -9999 -9999 -9999 -9999 -9999 -9999 -9999 -9999 -9999 -9999 -9999 -9999 -9999 -9999 -9999 -9999 -9999 -9999 -9999 -9999 -9999 -9999 -9999 -9999 -9999 -9999 -9999 -9999 91 92 93 93 94 95 95 95 95 95
120 119 118 118 -9999 -9999 -9999 -9999 -9999 -9999 -9999 -9999 -9999 -9999 -9999 -9999 -9999 -9999 -9999 -9999 -9999 -9999 -9999 -9999 -9999 -9999 -9999 -9999 -9999 -9999 -9999 -9999 -9999 -9999 -9999 -9999 -9999 -9999 -9999 -9999 -9999 -9999 -9999 -9999 -9999 -9999 -9999 -9999 -9999 -9999 -9999 -9999 -9999 -9999 -9999 -9999 -9999 -9999 -9999 -9999 -9999 -9999 -9999 -9999 -9999 -9999 -9999 -9999 -9999 -9999 91 92 93 94 95 96 96 96 97 98
