tests/testthat/test_data/rstack/may_prec.asc
ncols         147
nrows         127
xllcorner     -90.06084375
yllcorner     23.864697408444
cellsize      0.096253424
NODATA_value  -9999
[rows 0 to 34 of 127, columns 0 to 79 of 147]
98 97 98 100 102 103 104 105 107 108 109 110 111 113 113 114 114 115 116 117 118 118 119 120 121 122 124 125 124 122 120 118 116 114 112 109 111 119 125 131 132 132 132 132 132 132 132 133 135 137 137 137 136 134 132 130 128 128 128 126 124 122 121 120 119 119 120 121 121 121 119 117 114 110 106 103 104 106 108 109
96 96 97 98 100 102 104 106 108 109 111 112 113 114 115 116 116 117 118 119 119 120 121 122 123 124 125 126 125 124 123 121 119 116 114 113 115 124 130 135 134 134 133 132 131 131 131 132 133 135 136 136 135 133 131 129 126 124 123 122 121 119 117 116 116 117 118 119 120 120 118 115 112 107 103 101 103 108 111 112
96 95 97 98 101 103 105 107 109 111 113 114 115 116 117 117 118 119 120 120 121 122 123 124 125 126 126 126 126 126 125 123 121 120 118 118 120 127 132 135 135 134 133 132 131 130 131 131 132 134 135 134 133 132 129 126 124 122 120 119 118 116 115 114 116 118 120 121 121 121 121 118 113 110 107 102 101 105 110 116
96 96 98 100 102 104 107 108 110 112 115 116 117 118 118 119 120 120 121 122 123 124 125 126 126 127 127 127 127 127 126 125 124 123 123 124 125 129 132 135 134 134 133 131 130 129 130 131 132 133 133 132 131 130 125 122 121 120 119 118 117 115 114 114 117 121 123 124 123 124 125 121 115 115 112 104 100 100 109 119
98 98 101 104 106 107 109 110 111 113 115 118 119 119 120 120 121 121 122 123 124 125 126 127 128 129 129 129 128 128 127 127 126 126 126 126 128 130 132 134 134 133 132 131 130 130 132 132 132 131 131 130 128 125 122 120 120 119 119 117 116 116 117 122 126 131 135 137 138 137 136 131 125 118 112 107 105 106 112 119
100 101 104 107 109 110 110 111 112 114 116 118 119 120 120 121 122 122 123 124 125 126 128 129 130 131 131 130 130 129 129 129 129 129 129 129 130 131 132 133 133 133 132 131 131 132 133 133 132 130 129 128 125 121 120 119 119 118 118 117 117 119 122 129 135 140 144 147 148 146 142 138 134 123 115 112 111 111 115 120
102 103 106 108 110 111 111 112 112 113 114 116 117 119 120 121 122 123 124 125 126 127 129 130 131 131 131 131 131 131 131 131 132 133 133 132 132 132 132 132 132 132 131 131 133 133 132 131 130 129 127 124 121 118 118 117 117 117 117 118 119 126 132 137 140 142 143 143 143 141 137 138 141 135 129 125 121 117 120 123
103 105 107 109 111 112 112 112 112 113 113 114 116 118 120 121 122 123 124 124 126 127 129 131 131 131 131 131 131 131 132 132 134 134 135 134 133 132 132 131 131 131 131 131 133 133 131 129 128 127 125 120 118 116 116 116 116 116 118 120 124 133 140 143 145 146 147 146 144 142 139 141 144 142 139 131 126 122 123 125
105 106 108 110 111 112 113 113 113 112 112 113 115 118 120 121 122 123 123 124 125 127 129 130 131 130 130 130 131 131 131 132 134 134 134 133 133 132 132 132 131 130 130 131 132 131 130 128 125 125 122 118 116 115 115 115 115 117 119 124 130 140 147 150 151 153 154 155 151 148 147 146 145 145 143 132 126 125 125 125
106 107 109 111 112 113 114 114 114 114 114 114 116 118 120 121 122 123 123 124 125 125 126 128 128 127 128 128 129 130 130 131 132 133 133 132 132 131 131 131 130 130 130 129 129 128 126 125 123 121 118 116 115 114 114 114 116 118 121 126 131 138 144 148 152 156 159 161 157 155 156 154 150 145 139 131 126 123 121 118
107 108 110 112 113 114 115 115 115 115 115 116 117 119 120 121 122 123 123 123 124 124 124 124 124 124 125 126 127 128 129 130 131 131 132 131 131 130 130 129 129 130 129 128 126 124 121 122 122 116 114 114 113 113 113 114 117 120 124 128 131 134 138 144 151 158 162 165 163 162 164 161 156 144 133 130 125 119 114 110
109 110 112 113 115 116 116 116 117 117 117 118 119 121 122 122 123 123 123 122 122 121 120 119 119 120 121 123 125 126 127 128 130 130 130 130 129 128 128 128 128 128 126 124 122 122 122 122 120 116 113 113 112 112 113 116 123 126 126 129 133 137 141 147 152 158 162 165 164 163 162 155 147 133 122 118 115 111 108 106
112 113 114 115 116 117 117 118 118 118 118 119 120 122 123 124 123 123 122 121 120 118 117 115 115 116 118 120 122 124 125 126 128 128 128 128 127 126 126 126 126 125 122 120 120 121 123 121 119 115 113 112 111 111 112 116 126 130 128 131 135 139 144 149 154 158 161 163 164 161 156 147 137 123 112 109 106 104 103 102
114 115 116 116 117 118 118 119 119 119 119 120 122 123 124 125 124 123 122 120 119 116 114 112 111 113 115 117 119 121 123 124 126 126 127 126 125 124 123 123 122 120 118 118 121 122 123 122 120 115 113 112 111 109 110 114 122 126 128 133 138 143 148 151 154 157 158 158 157 153 144 136 128 116 107 103 101 100 99 98
115 117 117 117 118 118 118 118 119 119 119 120 122 123 125 125 124 123 121 119 117 115 113 111 111 112 114 116 118 119 121 123 123 124 124 124 123 121 121 120 118 117 117 118 122 123 123 121 119 115 112 111 109 107 109 112 118 123 127 133 139 143 146 148 149 150 149 148 146 141 131 125 119 110 103 99 97 96 96 96
116 118 118 118 118 118 117 118 118 119 119 120 121 123 124 125 123 121 120 118 116 115 114 112 112 112 113 115 116 118 119 121 121 121 121 121 121 119 118 117 116 115 118 120 122 123 123 121 118 113 111 110 108 106 107 109 114 119 125 131 137 139 140 141 140 140 138 135 132 126 118 114 111 105 99 95 93 93 93 93
117 118 118 118 117 117 117 117 117 117 118 119 120 121 122 122 121 120 118 117 116 114 113 113 112 112 113 115 115 116 118 119 119 120 120 120 119 118 117 116 115 115 117 119 120 120 120 117 113 110 108 107 106 105 105 107 111 115 119 124 128 130 130 130 129 129 127 124 121 117 111 109 107 102 98 94 92 91 91 91
117 119 118 118 116 116 116 116 116 116 116 117 118 119 119 119 118 117 117 116 115 114 113 113 113 113 113 114 114 115 116 117 118 118 119 119 118 117 116 114 114 115 116 117 117 116 116 112 108 107 106 104 104 104 104 105 108 111 113 116 119 120 120 119 118 118 116 114 111 108 106 105 104 100 96 93 91 89 89 89
116 118 117 116 116 115 115 115 115 114 114 115 116 116 116 117 116 115 115 114 113 113 112 112 112 112 113 113 113 114 115 116 117 118 118 117 117 115 115 114 114 114 113 113 113 112 110 108 107 105 104 103 103 103 103 103 105 107 107 110 112 113 113 111 110 109 109 108 106 105 103 102 101 98 95 92 89 87 87 87
115 117 116 115 114 114 113 113 113 113 113 113 113 113 114 114 113 113 112 112 111 111 111 111 111 111 111 111 112 112 113 114 115 115 115 115 114 113 113 113 113 112 110 110 109 108 105 105 105 104 103 103 102 101 101 101 102 102 102 104 105 106 106 104 103 103 103 103 102 102 101 99 98 96 93 90 87 85 85 85
112 113 112 112 112 112 112 111 111 111 111 111 112 112 112 112 111 111 111 110 110 109 109 109 109 109 110 110 110 110 111 111 111 111 111 112 112 111 111 112 110 109 108 106 105 104 104 104 104 103 103 102 101 100 99 98 98 98 98 99 101 101 101 101 100 99 99 99 100 100 99 98 96 93 91 89 86 83 83 84
109 110 110 109 110 110 110 109 109 109 109 109 110 110 110 110 109 109 109 108 107 107 107 107 107 107 107 107 107 107 108 108 108 108 109 109 109 110 109 109 107 106 105 104 103 103 103 104 104 103 103 102 101 99 98 96 96 95 95 96 97 97 97 98 98 97 97 97 98 98 98 96 95 92 90 88 86 83 83 83
107 107 107 106 107 107 107 107 107 107 107 107 107 108 108 108 107 107 106 106 105 105 105 104 104 105 105 104 104 104 105 105 105 106 106 106 107 108 108 106 104 102 102 101 102 102 103 104 104 103 103 102 101 100 98 95 94 92 91 92 93 94 94 95 95 95 96 96 96 96 96 95 94 92 90 89 87 84 83 82
105 105 105 105 105 105 105 105 105 105 105 105 105 105 106 106 105 104 103 103 103 103 103 103 103 103 102 102 102 102 102 103 103 104 104 105 106 106 105 103 102 100 100 100 101 102 102 102 102 102 102 102 101 99 97 95 93 91 90 91 91 92 92 93 93 93 94 94 94 94 94 94 93 92 90 89 88 86 84 83
104 104 104 103 104 104 104 104 104 104 103 103 102 102 103 103 102 101 101 101 101 101 101 101 101 101 100 100 100 100 100 100 101 102 102 104 105 104 102 101 100 99 98 99 100 101 102 101 101 101 102 102 100 99 96 94 92 90 89 89 90 90 90 91 91 92 92 93 93 92 92 92 93 92 91 90 89 86 85 83
104 105 104 104 103 103 103 103 103 102 102 101 100 100 100 100 99 98 98 98 98 98 98 98 98 98 98 99 98 98 98 99 100 100 101 102 102 101 100 98 98 97 97 98 98 99 99 99 100 100 100 99 98 98 96 94 92 91 90 89 89 89 89 89 90 91 91 91 91 91 91 91 92 91 90 89 88 86 85 84
105 105 105 104 103 103 103 102 101 101 100 99 98 97 97 97 96 96 96 96 96 96 96 96 96 96 96 97 97 97 97 98 98 99 99 100 99 98 97 96 96 96 97 98 98 98 97 98 98 98 98 97 96 96 95 94 93 91 90 89 88 88 88 88 89 89 89 89 89 89 89 90 91 90 89 88 87 85 85 84
105 106 105 104 103 102 101 101 100 100 99 97 96 96 95 95 94 94 94 94 94 94 94 94 94 94 94 95 95 95 95 96 96 97 97 98 97 95 95 94 96 97 98 99 99 98 96 96 96 96 96 95 94 94 95 95 93 91 89 89 88 87 87 87 87 88 88 88 88 88 88 89 89 89 88 87 86 85 85 84
106 106 105 104 103 102 101 101 100 99 98 96 95 94 93 93 92 92 91 91 91 91 91 91 91 91 92 93 94 94 94 94 94 95 95 95 94 93 93 93 95 97 98 98 98 96 94 94 94 94 93 92 92 92 93 94 92 90 89 88 87 87 86 85 86 86 87 87 87 87 87 88 88 88 87 86 85 85 84 84
106 106 105 104 103 102 101 101 100 98 96 95 93 92 91 91 90 90 88 88 88 88 88 88 88 89 90 91 92 93 92 92 92 92 93 92 92 91 91 91 94 97 98 97 95 93 91 92 92 91 90 88 89 90 91 91 90 89 88 87 87 86 85 84 84 84 85 85 86 86 86 86 87 86 86 85 84 84 84 84
106 106 105 104 103 102 101 100 99 97 96 95 93 92 91 90 89 88 86 85 85 85 86 86 86 87 88 89 90 90 90 90 90 90 91 90 90 90 90 91 93 94 94 93 92 90 88 88 88 87 87 86 87 88 89 89 88 87 86 86 86 85 83 83 82 82 83 84 85 85 85 86 86 85 84 84 83 83 83 83
107 106 105 104 103 102 101 99 98 97 95 94 93 91 90 89 87 86 84 83 82 83 84 84 85 85 86 87 87 87 87 88 88 89 89 88 88 88 90 91 91 91 90 89 89 88 86 85 84 83 83 83 84 86 87 87 86 85 85 84 84 83 82 81 80 80 81 83 83 84 84 84 84 83 83 83 83 82 82 83
108 107 106 104 103 102 100 99 97 96 95 94 93 92 90 88 86 85 82 81 80 81 82 83 83 85 86 86 86 85 85 85 86 87 87 87 87 87 87 88 88 88 87 86 86 85 84 83 82 80 80 80 82 85 86 86 85 84 83 82 82 82 81 79 79 79 79 80 81 82 82 82 81 81 81 82 82 81 81 82
109 107 106 105 103 101 100 98 97 96 95 94 93 92 90 88 86 84 81 80 78 79 81 82 83 85 85 86 84 83 83 83 84 85 86 86 85 85 85 86 86 86 84 84 83 83 82 82 81 79 78 79 81 83 84 84 83 82 81 80 79 79 79 78 77 77 77 77 79 80 80 79 79 79 79 81 81 81 81 81
109 108 106 105 103 101 99 97 96 95 95 94 93 92 90 89 86 84 81 79 76 78 80 81 83 85 85 85 83 82 82 82 82 82 83 84 84 83 83 83 84 84 82 81 81 81 81 81 80 78 77 78 80 82 82 82 80 79 78 77 77 77 76 76 75 74 74 74 76 77 77 77 77 77 78 79 80 80 81 82
