tests/testthat/test_data/rstack/nov_temp.asc
ncols         147
nrows         127
xllcorner     -90.06084375
yllcorner     23.864697408444
cellsize      0.096253424
NODATA_value  -9999
[rows 33 to 65 of 127, columns 0 to 73 of 147]
15.10687 15.03067 14.85741 14.7048 14.60738 14.54118 14.50151 14.49393 14.49701 14.53668 14.57635 14.61602 14.65353 14.6897 14.77995 14.87136 14.92912 14.95503 14.93695 14.94376 14.96184 14.97992 15.01587 15.11329 15.14304 15.10337 15.04992 14.99515 15.03482 15.04536 14.9876 14.90734 14.80992 14.69738 14.59394 14.59394 14.62895 14.72287 14.75656 14.75656 14.7762 14.80423 14.86198 14.88586 14.86777 14.82132 14.76357 14.70582 14.66718 14.68526 14.74282 14.83674 14.85656 14.85656 14.85656 14.86948 14.90915 14.94882 14.98849 15.05936 15.13045 15.17012 15.23287 15.33029 15.41329 15.48913 15.45678 15.42154 15.40346 15.41272 15.45239 15.51889 15.59412 15.61221
15.19785 15.08842 14.91517 14.77163 14.70756 14.67471 14.6684 14.66719 14.66768 14.674 14.68031 14.68663 14.75227 14.85514 14.92376 14.98687 15.04462 15.05653 15.0051 15.02447 15.0759 15.12734 15.18162 15.24569 15.27501 15.26869 15.22318 15.16738 15.1737 15.16086 15.10311 15.04177 14.9777 14.87064 14.76719 14.76719 14.82708 14.9877 15.04532 15.04532 15.00427 14.97748 15.03523 15.04422 14.99278 14.93683 14.87908 14.82132 14.79109 14.84253 14.95079 15.11142 15.14532 15.14532 15.14532 15.14738 15.15369 15.16001 15.16632 15.26139 15.35708 15.3634 15.3928 15.45687 15.55108 15.66027 15.66128 15.64571 15.59427 15.57018 15.5765 15.65914 15.76773 15.81916
15.30871 15.19309 15.04687 14.91737 14.83258 14.77901 14.75198 14.74682 14.74682 14.74682 14.75617 14.78321 14.84799 14.93646 15.04555 15.1451 15.17581 15.18074 15.15002 15.16159 15.1923 15.24888 15.30664 15.36439 15.40698 15.43402 15.41704 15.38726 15.38726 15.37 15.31224 15.26983 15.23912 15.16013 15.07807 15.05103 15.07851 15.19769 15.29246 15.37357 15.30376 15.23955 15.27027 15.26147 15.20372 15.1653 15.13458 15.07728 15.04863 15.10639 15.23833 15.43862 15.50222 15.52616 15.49912 15.46327 15.4092 15.35513 15.30105 15.39328 15.50073 15.5548 15.58873 15.59241 15.65274 15.74121 15.79746 15.8286 15.77085 15.75325 15.78029 15.8529 15.94133 16.02612
15.41702 15.30414 15.18864 15.07313 14.95763 14.87335 14.81559 14.80457 14.80498 14.81025 14.83368 14.89144 14.94757 15.00268 15.15744 15.3008 15.30607 15.30914 15.30914 15.31095 15.31359 15.36896 15.42611 15.48123 15.53634 15.59146 15.60457 15.60465 15.60729 15.59344 15.54097 15.51827 15.51827 15.46999 15.41279 15.36032 15.34894 15.40669 15.53682 15.70744 15.62016 15.52694 15.5243 15.49586 15.43547 15.41827 15.41827 15.36147 15.33349 15.39388 15.54033 15.76606 15.86343 15.91937 15.85898 15.77891 15.65814 15.54206 15.42919 15.51108 15.62395 15.73681 15.78254 15.72743 15.74772 15.80547 15.91732 15.99783 15.94272 15.94105 15.9988 16.05655 16.11488 16.22774
15.44154 15.36189 15.24639 15.13088 15.01538 14.9311 14.87335 14.86232 14.8679 14.93988 15.00694 15.06469 15.10033 15.12209 15.21405 15.31089 15.38288 15.42464 15.42464 15.44941 15.4854 15.54221 15.59186 15.61362 15.63538 15.65714 15.66232 15.66342 15.69941 15.72889 15.74312 15.74928 15.74928 15.701 15.65076 15.66499 15.69545 15.7532 15.86194 15.99921 15.93926 15.8675 15.83151 15.76973 15.67598 15.64928 15.64928 15.59247 15.5729 15.66665 15.79437 15.95339 16.08931 16.20622 16.11247 15.98819 15.8007 15.67738 15.59787 15.65556 15.73507 15.81459 15.85362 15.83186 15.86322 15.92098 16.03282 16.12018 16.09842 16.1143 16.17206 16.22981 16.28779 16.3673
15.48916 15.41969 15.31577 15.20871 15.0932 15.01519 14.96903 14.96021 14.96827 15.07218 15.16012 15.21788 15.24014 15.24014 15.2809 15.3358 15.43971 15.50973 15.53292 15.57989 15.63764 15.68431 15.72007 15.72007 15.72007 15.72007 15.73774 15.76162 15.80779 15.85741 15.91516 15.93357 15.92197 15.89118 15.86503 15.91119 15.966 16.03534 16.11942 16.21174 16.16753 16.10978 16.05203 15.97366 15.86975 15.84014 15.84014 15.80614 15.80647 15.91039 16.02033 16.13584 16.26947 16.39337 16.27787 16.13228 15.92446 15.81271 15.76655 15.81004 15.86779 15.92554 15.96485 15.97644 16.01113 16.05729 16.15754 16.2449 16.26808 16.30763 16.36538 16.42314 16.48077 16.52693
15.58014 15.47756 15.407 15.32421 15.20871 15.14872 15.13592 15.13347 15.13894 15.2095 15.27563 15.33338 15.35565 15.35565 15.36695 15.3885 15.45906 15.53774 15.62763 15.6954 15.75315 15.7679 15.77782 15.77782 15.77782 15.77782 15.84633 15.93386 15.94667 15.97291 16.03067 16.03014 15.9852 16.00469 16.03481 16.04762 16.09394 16.19663 16.2499 16.27551 16.22528 16.16753 16.10978 16.04631 15.97575 15.95565 15.95565 15.98726 16.02908 16.09964 16.19359 16.30909 16.36378 16.39337 16.27787 16.15402 16.0129 15.94804 15.93523 15.9833 16.04105 16.0988 16.15143 16.19638 16.21985 16.23266 16.29955 16.37408 16.46397 16.53864 16.59639 16.65414 16.71143 16.72423
15.66576 15.57094 15.51318 15.44531 15.35035 15.30673 15.30673 15.32335 15.34519 15.38239 15.42671 15.48446 15.51935 15.5399 15.5423 15.54793 15.58514 15.64659 15.74155 15.82504 15.90334 15.88707 15.87115 15.87115 15.87115 15.87115 15.94352 16.03558 16.03558 16.0467 16.08391 16.07889 16.04168 16.06668 16.10214 16.12269 16.17864 16.29414 16.3224 16.30185 16.24746 16.18971 16.13196 16.07421 16.01645 16 16 16.07701 16.15531 16.23361 16.33127 16.44677 16.45494 16.42895 16.31344 16.21133 16.13692 16.09451 16.07397 16.12098 16.17603 16.21324 16.25866 16.31641 16.33558 16.33558 16.38967 16.46347 16.59952 16.6985 16.75625 16.79876 16.83579 16.85633
15.74803 15.68644 15.62869 15.56989 15.50828 15.47998 15.47998 15.52359 15.57361 15.57746 15.59996 15.65771 15.7131 15.767 15.77331 15.77389 15.77775 15.80584 15.86745 15.9635 16.07515 16.02842 15.98665 15.98665 15.98665 15.98665 16.0336 16.09333 16.09333 16.09448 16.09833 16.09781 16.09396 16.09655 16.10563 16.15952 16.23639 16.35189 16.35876 16.30486 16.24746 16.18971 16.13196 16.07421 16.01645 16 16 16.10982 16.22147 16.33312 16.44677 16.56228 16.54413 16.4867 16.37119 16.29082 16.28311 16.24795 16.19405 16.23648 16.28716 16.29101 16.31641 16.37416 16.39333 16.39333 16.44742 16.52806 16.69746 16.814 16.87175 16.88951 16.89389 16.94779
15.91078 15.85302 15.79527 15.74555 15.7173 15.70432 15.70432 15.72718 15.75324 15.75324 15.76301 15.79127 15.83764 15.8954 15.90216 15.90662 15.93612 15.9651 15.99335 16.06135 16.14736 16.12405 16.09552 16.06602 16.06564 16.09514 16.12369 16.15018 16.12068 16.1 16.1 16.11674 16.14624 16.12642 16.10295 16.1312 16.19198 16.30749 16.3308 16.30255 16.24746 16.19497 16.16671 16.13846 16.11021 16.10216 16.10216 16.18675 16.28019 16.39569 16.49584 16.58185 16.55444 16.49676 16.44025 16.40216 16.40216 16.38537 16.35711 16.40306 16.45324 16.45324 16.47632 16.53407 16.55324 16.55324 16.5797 16.63164 16.77539 16.90636 17.02311 17.03135 17.00276 17.06051
16.05754 15.99982 15.95227 15.92044 15.93064 15.93532 15.93532 15.93532 15.93572 15.94082 15.94239 15.93729 15.96768 16.02033 16.031 16.04252 16.09007 16.12194 16.13214 16.17156 16.22422 16.21674 16.19583 16.13807 16.13482 16.18748 16.2 16.19839 16.14574 16.10578 16.09558 16.12394 16.18169 16.15142 16.10936 16.11446 16.15882 16.26923 16.30883 16.30883 16.26093 16.21675 16.21165 16.21111 16.21621 16.21766 16.21766 16.27948 16.35432 16.46472 16.55037 16.61323 16.58093 16.5262 16.5211 16.51766 16.51766 16.51766 16.51766 16.56749 16.61766 16.61766 16.64075 16.6985 16.71766 16.71766 16.72244 16.74913 16.85954 16.99487 17.15792 17.16472 17.11826 17.17602
16.05754 16.00007 16.01923 16.0541 16.131 16.16633 16.16633 16.16633 16.16931 16.20777 16.21961 16.18116 16.17819 16.19749 16.2337 16.26343 16.24428 16.26545 16.34236 16.37962 16.39891 16.32617 16.25358 16.19583 16.17611 16.19541 16.2 16.19941 16.18011 16.14359 16.06668 16.06619 16.12394 16.14943 16.1706 16.20905 16.26189 16.33894 16.36658 16.36658 16.34903 16.32631 16.28786 16.28376 16.32221 16.33317 16.33317 16.42779 16.51917 16.59622 16.68324 16.77944 16.75419 16.69754 16.65909 16.63317 16.63317 16.63317 16.63317 16.68299 16.73317 16.73317 16.75625 16.814 16.83317 16.83317 16.86918 16.91555 16.9926 17.07879 17.17514 17.21421 17.23377 17.29152
16.12687 16.09755 16.15531 16.22495 16.3264 16.373 16.373 16.373 16.37639 16.42009 16.43355 16.38985 16.373 16.373 16.41158 16.44418 16.41454 16.43403 16.52143 16.55834 16.5724 16.4625 16.35684 16.28503 16.25561 16.26966 16.25159 16.22348 16.19537 16.14533 16.04388 16.04075 16.11255 16.17261 16.23036 16.28811 16.34587 16.40362 16.43335 16.4474 16.44867 16.44339 16.41374 16.41686 16.46056 16.47301 16.47301 16.57279 16.65968 16.70338 16.79177 16.92133 16.90311 16.84616 16.80246 16.77301 16.77301 16.77301 16.77301 16.79858 16.82618 16.84023 16.86052 16.89016 16.9 16.9 16.96725 17.03618 17.09393 17.15168 17.20943 17.26719 17.32479 17.36849
16.29142 16.32856 16.38631 16.44688 16.51498 16.54626 16.54626 16.54626 16.54706 16.55741 16.56059 16.55025 16.54626 16.54626 16.5554 16.56978 16.60685 16.63704 16.65772 16.6968 16.74421 16.63576 16.52258 16.41742 16.38758 16.43498 16.374 16.27919 16.18438 16.09755 16.02946 16.05967 16.16483 16.23036 16.28811 16.34587 16.40362 16.46137 16.51249 16.55989 16.56417 16.57078 16.60784 16.63297 16.64331 16.64626 16.64626 16.71324 16.76678 16.77713 16.86688 17.02979 17.01861 16.96358 16.95324 16.94626 16.94626 16.94626 16.94626 16.91429 16.88831 16.93571 16.94936 16.9123 16.9 16.9 16.99849 17.09393 17.15168 17.20943 17.26719 17.32494 17.38219 17.39254
16.51873 16.59949 16.68025 16.74223 16.75397 16.75936 16.75936 16.74074 16.7213 16.74431 16.75936 16.75936 16.74522 16.72221 16.73983 16.76113 16.77287 16.77968 16.77968 16.81943 16.87718 16.79119 16.69351 16.578 16.52531 16.53705 16.41675 16.25804 16.18855 16.12945 16.09471 16.11911 16.1886 16.26751 16.34587 16.40362 16.46137 16.51912 16.56212 16.59686 16.64186 16.68587 16.72061 16.76039 16.80641 16.83597 16.85898 16.89353 16.92532 16.94832 17.02558 17.15282 17.15227 17.11952 17.11952 17.12701 17.15002 17.14568 17.12267 17.06969 17.02106 17.03279 17.01676 16.95901 16.97058 17.0166 17.10615 17.19152 17.24927 17.30702 17.36477 17.4396 17.51952 17.51952
16.77427 16.88838 17.00249 17.07059 17.01562 16.99036 16.99036 16.94476 16.89714 16.9535 16.99036 16.99036 16.95573 16.89937 16.94253 16.98204 16.92707 16.89518 16.89518 16.93493 16.99268 16.9386 16.86676 16.75126 16.66564 16.61067 16.42366 16.20232 16.19954 16.19718 16.19578 16.19676 16.19954 16.29539 16.40362 16.46137 16.51912 16.57688 16.59848 16.59987 16.70255 16.79543 16.79682 16.84794 16.96066 17.03308 17.08944 17.09173 17.10698 17.16334 17.22187 17.2824 17.29408 17.29277 17.29277 17.31114 17.3675 17.35687 17.30051 17.24295 17.18556 17.13059 17.07451 17.01676 17.0729 17.18563 17.24817 17.30702 17.36477 17.42253 17.48028 17.57985 17.69277 17.69277
17.02979 17.17702 17.26056 17.30565 17.2479 17.18681 17.12289 17.08982 17.06803 17.09382 17.12174 17.15371 17.15018 17.12439 17.14414 17.16212 17.13633 17.12137 17.12137 17.13912 17.16491 17.14135 17.09536 16.97986 16.84553 16.69189 16.52801 16.36408 16.30015 16.24579 16.21383 16.21814 16.2501 16.35189 16.46137 16.51912 16.58879 16.6785 16.73118 16.76314 16.87111 16.96603 16.96603 17.01762 17.13312 17.18447 17.21026 17.21069 17.2333 17.32301 17.39609 17.45384 17.46603 17.46786 17.49982 17.51936 17.51319 17.49536 17.46957 17.38863 17.3073 17.28151 17.24295 17.18519 17.22185 17.30539 17.39471 17.47787 17.53562 17.60851 17.69822 17.75964 17.81069 17.81069
17.26111 17.42646 17.49934 17.53666 17.47891 17.39402 17.28608 17.25936 17.25238 17.25238 17.26974 17.31993 17.33928 17.33928 17.33928 17.33814 17.33058 17.32619 17.32619 17.32619 17.32619 17.32619 17.29848 17.17541 17.00279 16.77935 16.64393 16.53576 16.42025 16.31975 16.25444 16.25896 16.31671 16.42274 16.53301 16.59832 16.67953 16.78747 16.86807 16.93339 17.03748 17.12889 17.14401 17.20059 17.30853 17.33928 17.33928 17.34672 17.37958 17.48752 17.56934 17.6271 17.64525 17.65569 17.71345 17.73602 17.68583 17.66098 17.65342 17.5462 17.4373 17.42217 17.39606 17.35343 17.37787 17.43562 17.54038 17.63958 17.7049 17.7904 17.89834 17.9318 17.93928 17.93928
17.40984 17.54221 17.68179 17.76767 17.70992 17.64306 17.56848 17.52113 17.48339 17.48339 17.48921 17.50605 17.51254 17.51254 17.51254 17.50635 17.46543 17.44169 17.44169 17.44169 17.44169 17.44169 17.40647 17.25005 17.07701 16.88692 16.78485 16.70901 16.59351 16.48304 16.38437 16.37447 16.43222 16.53825 16.65199 16.75066 16.84035 16.91494 17.00497 17.10364 17.1804 17.25628 17.33811 17.4167 17.49129 17.51254 17.51254 17.55278 17.60218 17.67677 17.7426 17.80035 17.84482 17.8867 17.94445 17.9779 17.96107 17.92992 17.889 17.74843 17.6018 17.51997 17.48047 17.50455 17.55113 17.60888 17.6824 17.76192 17.86059 17.94786 18.02245 18.07205 18.11254 18.11254
17.59932 17.71491 17.85514 17.94597 17.90474 17.84565 17.77138 17.71047 17.6572 17.6572 17.6572 17.6572 17.66735 17.68386 17.6858 17.67955 17.63832 17.6144 17.6144 17.6144 17.6144 17.59859 17.54678 17.37353 17.21658 17.07635 16.98639 16.91137 16.81238 16.70352 16.5715 16.54717 16.60492 16.71095 16.82473 16.92371 17.01348 17.08775 17.17787 17.27686 17.33834 17.40638 17.52188 17.61159 17.66934 17.6858 17.6858 17.75884 17.82895 17.8867 17.94445 18.0022 18.05996 18.11771 18.17546 18.20901 18.1925 18.14166 18.06739 17.90772 17.74638 17.6639 17.63087 17.67211 17.72438 17.78214 17.85535 17.93808 18.05358 18.14174 18.19949 18.24499 18.2858 18.2858
17.83033 17.94567 18.01919 18.07056 18.06267 18.00087 17.89325 17.82598 17.7727 17.7727 17.7727 17.7727 17.80334 17.85321 17.85905 17.85786 17.84998 17.8454 17.8454 17.8454 17.8454 17.79769 17.72004 17.54678 17.42276 17.34924 17.24973 17.1434 17.07776 16.98231 16.81693 16.77817 16.83593 16.94195 17.05225 17.11789 17.19918 17.3068 17.38749 17.45313 17.51159 17.57963 17.69514 17.78485 17.8426 17.85905 17.85905 17.9649 18.05996 18.11771 18.17546 18.23321 18.29096 18.34872 18.40647 18.42915 18.37928 18.29509 18.18747 18.02322 17.87063 17.85487 17.84855 17.85644 17.89764 17.95539 18.05985 18.16909 18.28459 18.37275 18.4305 18.45125 18.45905 18.45905
17.9544 18.04432 18.10207 18.13717 18.1117 18.0651 18.00053 17.96209 17.93231 17.93231 17.93231 17.93231 17.96779 18.02555 18.03231 18.03231 18.03231 18.03231 18.03231 18.03231 18.03231 17.97705 17.89903 17.75124 17.6479 17.59015 17.5078 17.41953 17.38725 17.32804 17.20573 17.17114 17.20342 17.26269 17.32654 17.38429 17.44458 17.50915 17.55301 17.58529 17.64075 17.70879 17.82429 17.92538 18.0086 18.05052 18.07599 18.13991 18.20276 18.26051 18.31826 18.37601 18.43377 18.49298 18.5762 18.60519 18.52197 18.41956 18.30406 18.18267 18.07307 18.0476 18.04249 18.06796 18.115 18.17275 18.28459 18.40532 18.54629 18.64786 18.70561 18.72051 18.72051 18.72051
18.04432 18.10206 18.15875 18.18457 18.12789 18.10185 18.10185 18.10185 18.10194 18.10301 18.10371 18.10371 18.13854 18.19522 18.20185 18.20202 18.20309 18.20371 18.20371 18.20371 18.20371 18.14743 18.07657 17.96428 17.87944 17.82276 17.76689 17.71298 17.71298 17.69603 17.63935 17.61362 17.61148 17.61023 17.61508 17.67069 17.70596 17.70704 17.70742 17.70742 17.76093 17.82966 17.9441 18.05805 18.17141 18.24424 18.30092 18.30185 18.31668 18.3755 18.43432 18.49315 18.55028 18.61015 18.72244 18.76121 18.64784 18.53385 18.41941 18.35481 18.29812 18.24145 18.2305 18.28825 18.34672 18.40554 18.51846 18.64687 18.8212 18.93931 18.99492 19.00848 19.00741 19.00634
18.10207 18.15969 18.18302 18.19365 18.17032 18.15961 18.15961 18.15961 18.16228 18.1967 18.21921 18.21921 18.23355 18.25687 18.25961 18.26482 18.29924 18.31921 18.31921 18.31921 18.31921 18.23103 18.15685 18.14462 18.12691 18.10358 18.10649 18.11724 18.11724 18.11027 18.08694 18.03778 17.96894 17.92886 17.89687 17.88578 17.89165 17.92608 17.93843 17.93843 18.02228 18.11248 18.19356 18.25926 18.30592 18.3359 18.35922 18.35961 18.38284 18.47501 18.56719 18.65936 18.69722 18.71992 18.73215 18.72519 18.67854 18.61142 18.53034 18.49909 18.47576 18.45243 18.46151 18.51926 18.60001 18.69219 18.83845 19.00022 19.2079 19.31199 19.3009 19.27249 19.23807 19.20364
18.18717 18.23472 18.23472 18.23199 18.22196 18.20652 18.18647 18.19075 18.20526 18.27303 18.3243 18.34434 18.34591 18.33589 18.32586 18.32458 18.37231 18.40421 18.41423 18.43116 18.45121 18.35116 18.28018 18.32791 18.35207 18.35207 18.40373 18.46974 18.47976 18.48679 18.48679 18.42125 18.30574 18.23014 18.16445 18.11672 18.10832 18.16607 18.18679 18.18679 18.27363 18.36237 18.42012 18.45207 18.45207 18.45207 18.45207 18.45207 18.48118 18.59669 18.70697 18.81245 18.82681 18.81462 18.76689 18.73472 18.73472 18.69444 18.62666 18.62601 18.63603 18.64606 18.67916 18.74694 18.8533 18.97883 19.14906 19.3321 19.55309 19.64209 19.58434 19.52658 19.46883 19.41108
18.3359 18.35022 18.35022 18.33842 18.29504 18.22821 18.14145 18.15999 18.20784 18.30897 18.40513 18.49188 18.49868 18.4553 18.41192 18.37729 18.39166 18.41821 18.46159 18.53482 18.62158 18.55633 18.50368 18.51805 18.52533 18.52533 18.6024 18.70177 18.74514 18.77555 18.77555 18.71001 18.5945 18.49102 18.39894 18.38457 18.39708 18.45484 18.47555 18.47555 18.50171 18.53562 18.59337 18.62533 18.62533 18.62533 18.62533 18.62533 18.65444 18.76995 18.86287 18.935 18.916 18.87428 18.85991 18.85022 18.85022 18.79012 18.68899 18.71254 18.75591 18.79929 18.86575 18.96688 19.1066 19.26548 19.43782 19.61403 19.80165 19.87309 19.81534 19.75759 19.69984 19.64209
18.46883 18.53131 18.49335 18.44484 18.36811 18.27042 18.15491 18.15775 18.20896 18.32446 18.43996 18.55547 18.56451 18.50676 18.44901 18.4 18.4 18.42424 18.482 18.5795 18.695 18.64475 18.61795 18.67717 18.70795 18.72693 18.75513 18.80176 18.85952 18.9 18.9 18.83446 18.71895 18.60345 18.5 18.5 18.52153 18.57928 18.6 18.6 18.6 18.62419 18.726 18.7742 18.79318 18.79859 18.79859 18.81725 18.85578 18.9523 19.01877 19.05754 19.03514 18.99859 18.99859 18.9924 18.97342 18.90836 18.81183 18.84841 18.90866 18.98539 19.07761 19.19312 19.33453 19.4888 19.64308 19.79736 19.95164 20.0145 19.97573 19.92287 19.86512 19.80737
-9999 18.76207 18.65741 18.55127 18.44118 18.32817 18.21267 18.19133 -9999 -9999 -9999 -9999 -9999 -9999 -9999 -9999 -9999 -9999 -9999 -9999 -9999 -9999 -9999 -9999 -9999 -9999 -9999 -9999 -9999 -9999 -9999 -9999 -9999 -9999 -9999 -9999 -9999 -9999 -9999 -9999 -9999 -9999 -9999 18.9046 18.95693 18.97184 18.97184 19.02331 19.07838 19.14155 19.17466 19.18008 19.17695 19.17184 19.17184 19.15479 19.10246 19.04368 18.98051 19.02167 19.08629 19.19637 19.30862 19.42412 19.54325 19.66418 19.7851 19.90602 20.02695 20.08805 20.08263 20.03838 19.98063 19.92287
-9999 18.89641 18.80884 18.71479 -9999 -9999 -9999 -9999 -9999 -9999 -9999 -9999 -9999 -9999 -9999 -9999 -9999 -9999 -9999 -9999 -9999 -9999 -9999 -9999 -9999 -9999 -9999 -9999 -9999 -9999 -9999 -9999 -9999 -9999 -9999 -9999 -9999 -9999 -9999 -9999 -9999 -9999 -9999 -9999 -9999 -9999 19.14438 19.17443 19.21129 19.26904 19.29673 19.29673 19.29673 19.29673 19.29673 19.28702 19.2572 19.22738 19.19756 19.21919 19.25659 19.34416 19.45406 19.5975 19.70361 19.79118 19.90491 20.01469 20.10226 20.13514 20.10721 20.0986 20.09613 20.03838
-9999 19.01813 18.95684 18.9121 -9999 -9999 -9999 -9999 -9999 -9999 -9999 -9999 -9999 -9999 -9999 -9999 -9999 -9999 -9999 -9999 -9999 -9999 -9999 -9999 -9999 -9999 -9999 -9999 -9999 -9999 -9999 -9999 -9999 -9999 -9999 -9999 -9999 -9999 -9999 -9999 -9999 -9999 -9999 -9999 -9999 -9999 -9999 -9999 -9999 19.38012 19.4098 19.41686 19.41557 19.41224 19.41224 19.41224 19.41224 19.41434 19.41787 -9999 -9999 -9999 -9999 -9999 -9999 19.90837 20.01711 20.11724 20.17146 20.176 20.12531 20.15246 20.20555 20.15133
19.38108 19.19126 19.09662 19.01414 18.94614 18.86878 18.81103 18.79515 -9999 -9999 -9999 -9999 -9999 -9999 -9999 -9999 -9999 -9999 -9999 -9999 -9999 -9999 -9999 -9999 -9999 -9999 -9999 -9999 -9999 -9999 -9999 -9999 -9999 -9999 -9999 -9999 -9999 -9999 -9999 -9999 -9999 -9999 -9999 -9999 -9999 -9999 -9999 -9999 -9999 19.45387 19.50227 19.57604 19.56251 19.52774 19.52774 19.52774 19.52774 19.54966 19.58655 -9999 -9999 -9999 -9999 -9999 -9999 20.02465 20.10137 20.16815 20.18901 20.20759 20.22361 20.24322 20.26365 20.24279
19.49098 19.34282 19.22731 19.11521 -9999 -9999 -9999 -9999 -9999 -9999 -9999 -9999 -9999 -9999 -9999 -9999 -9999 -9999 -9999 -9999 -9999 -9999 -9999 -9999 -9999 -9999 -9999 -9999 -9999 -9999 -9999 -9999 -9999 -9999 -9999 -9999 -9999 -9999 -9999 -9999 -9999 -9999 -9999 -9999 -9999 -9999 -9999 -9999 -9999 19.54989 19.61198 19.70251 -9999 -9999 -9999 -9999 -9999 -9999 -9999 -9999 -9999 -9999 -9999 -9999 -9999 -9999 -9999 20.24324 20.24324 20.27059 20.32834 20.34324 20.34324 20.34324
19.54002 19.45832 19.34282 19.23979 -9999 -9999 -9999 -9999 -9999 -9999 -9999 -9999 -9999 -9999 -9999 -9999 -9999 -9999 -9999 -9999 -9999 -9999 -9999 -9999 -9999 -9999 -9999 -9999 -9999 -9999 -9999 -9999 -9999 -9999 -9999 -9999 -9999 -9999 -9999 -9999 -9999 -9999 -9999 -9999 -9999 -9999 -9999 -9999 -9999 19.72069 19.75052 19.77435 -9999 -9999 -9999 -9999 -9999 -9999 -9999 -9999 -9999 -9999 -9999 -9999 -9999 -9999 -9999 20.35875 20.35875 20.38609 20.44385 20.45875 20.45875 20.45875
