tests/testthat/test_data/rstack/nov_temp.asc
ncols         147
nrows         127
xllcorner     -90.06084375
yllcorner     23.864697408444
cellsize      0.096253424
NODATA_value  -9999
[rows 0 to 32 of 127, columns 0 to 73 of 147]
12.28263 12.32566 12.36868 12.38428 12.32653 12.27674 12.23371 12.14396 12.04652 11.98877 11.93101 11.87326 11.80646 11.73398 11.67451 11.61676 11.559 11.51932 11.50459 11.47039 11.42736 11.4255 11.41249 11.35474 11.33277 11.34749 11.39501 11.45186 11.48016 11.52573 11.61178 11.68178 11.73953 11.83325 11.92351 11.92351 11.89691 11.82559 11.73537 11.63459 11.6121 11.60767 11.65069 11.66186 11.63356 11.52266 11.37886 11.20608 10.98174 10.60578 10.37304 10.27227 10.3305 10.43213 10.54763 10.67753 10.83721 10.83403 10.71968 10.81535 10.93878 11.02483 11.08238 11.0971 11.14965 11.22097 11.19899 11.16163 11.08916 11.04348 11.0276 10.95881 10.87145 10.76952
12.37361 12.38329 12.39296 12.38428 12.32653 12.29477 12.2851 12.2287 12.16202 12.10427 12.04652 11.98877 11.90147 11.79564 11.73226 11.67451 11.61676 11.56307 11.51499 11.49334 11.48367 11.48325 11.47025 11.41249 11.40698 11.45506 11.51051 11.56533 11.52692 11.50578 11.52513 11.56627 11.62402 11.68986 11.75025 11.75025 11.76096 11.78969 11.75676 11.68933 11.63951 11.60172 11.6114 11.6339 11.67231 11.62812 11.55102 11.37934 11.13819 10.69552 10.44816 10.38073 10.41969 10.48988 10.60538 10.76789 11.02763 11.14433 11.16338 11.19104 11.21879 11.23814 11.26896 11.31704 11.3138 11.28507 11.31922 11.32805 11.22222 11.08002 10.89738 10.73606 10.58165 10.37966
12.441 12.44091 12.41723 12.38428 12.32653 12.3 12.3 12.27243 12.23836 12.20429 12.16202 12.10427 12.01103 11.89553 11.81011 11.73226 11.67451 11.6267 11.59262 11.582 11.582 11.53669 11.49233 11.45825 11.45782 11.49189 11.54401 11.59896 11.56489 11.53392 11.51024 11.51933 11.55341 11.56769 11.57947 11.60315 11.64836 11.72979 11.73715 11.70308 11.669 11.641 11.641 11.67737 11.7588 11.72377 11.64234 11.4473 11.20743 10.84013 10.64627 10.6122 10.61321 10.63643 10.87033 11.08353 11.25389 11.34326 11.37733 11.382 11.382 11.382 11.39562 11.42969 11.33913 11.18666 11.16455 11.12059 10.95773 10.68412 10.28736 10.1267 10.04658 9.815568
12.49875 12.49854 12.44151 12.38428 12.32653 12.3 12.3 12.29942 12.2987 12.29798 12.27753 12.21977 12.12654 12.01103 11.89616 11.79001 11.73226 11.69845 11.69773 11.69751 11.69751 11.58838 11.49984 11.49912 11.49911 11.49983 11.54401 11.59998 11.59926 11.5817 11.52467 11.50041 11.50113 11.45417 11.40969 11.46672 11.54529 11.66007 11.70078 11.70006 11.69934 11.69875 11.69875 11.75002 11.86481 11.81542 11.70064 11.47225 11.24105 11.00717 10.89464 10.89392 10.84934 10.81926 11.21992 11.4912 11.4948 11.49669 11.49741 11.49751 11.49751 11.49751 11.4978 11.49852 11.30775 11.02187 10.89758 10.76041 10.53084 10.11155 9.481321 9.359408 9.411304 9.180296
12.61301 12.61256 12.48954 12.38428 12.32653 12.31764 12.35028 12.35651 12.35904 12.39167 12.40432 12.3792 12.27849 12.13036 12.03984 11.96078 11.90302 11.85582 11.82318 11.76809 11.70282 11.58949 11.4853 11.42004 11.38699 11.38699 11.431 11.48799 11.52062 11.53598 11.51087 11.48148 11.44885 11.44978 11.46253 11.52029 11.57524 11.62547 11.64349 11.64349 11.64349 11.66676 11.79729 11.87738 11.89498 11.70072 11.42205 11.25445 11.12983 11.12726 11.07507 10.97717 11.09116 11.26588 11.50698 11.64825 11.58298 11.53711 11.50448 11.55631 11.60873 11.5761 11.43912 11.14542 10.78962 10.40296 10.08688 9.771964 9.443057 9.16996 8.958919 8.94731 9.005453 9.100777
12.73672 12.7279 12.56288 12.42705 12.3693 12.36509 12.40637 12.41426 12.41937 12.48536 12.52282 12.50635 12.40366 12.24687 12.17753 12.11853 12.05254 11.99001 11.93226 11.83476 11.71926 11.59587 11.47214 11.3484 11.28981 11.29804 11.33774 11.38725 11.43677 11.47395 11.48218 11.45297 11.39522 11.42714 11.47837 11.54436 11.59188 11.60835 11.61954 11.62777 11.62852 11.66234 11.85218 11.91304 11.81412 11.53806 11.19144 11.10453 11.08021 11.22877 11.24411 11.13672 11.36145 11.66224 11.75304 11.7793 11.67203 11.59419 11.53644 11.60686 11.66628 11.51795 11.2475 10.7936 10.37829 9.982149 9.586006 9.193263 8.813701 8.64906 8.723394 8.718223 8.688923 8.994265
12.88545 12.84353 12.71186 12.60031 12.54256 12.50229 12.47686 12.47201 12.47971 12.57905 12.61524 12.53207 12.44465 12.35457 12.29303 12.22898 12.12965 12.04776 11.99001 11.89251 11.77701 11.62172 11.46463 11.30754 11.24852 11.29011 11.31232 11.32848 11.34465 11.36842 11.41 11.39522 11.33747 11.3415 11.36635 11.46569 11.559 11.64217 11.69868 11.74027 11.74402 11.74813 11.7712 11.6653 11.39962 11.24301 11.12985 11.178 11.22825 11.27675 11.38299 11.54242 11.71821 11.88751 11.87825 11.84792 11.77401 11.7097 11.65194 11.63603 11.56038 11.04518 10.66112 10.47405 10.32556 10.19624 10.06692 9.906803 9.627299 9.436376 9.343946 9.023531 8.629434 8.768011
13.0297 12.98886 12.87335 12.77357 12.71581 12.64877 12.57383 12.55952 12.56581 12.64694 12.67193 12.5908 12.52404 12.46629 12.39336 12.31488 12.21657 12.13528 12.07753 11.9682 11.8355 11.64756 11.46099 11.28773 11.22851 11.28626 11.3262 11.35952 11.35952 11.37679 11.43454 11.42675 11.369 11.38826 11.42931 11.52762 11.61953 11.70066 11.7668 11.82455 11.82976 11.81641 11.74147 11.55291 11.22358 11.14205 11.15924 11.29003 11.38495 11.36776 11.52771 11.85084 11.96949 12.02743 11.98687 11.9295 11.83738 11.73503 11.62572 11.5164 11.335 10.67636 10.25787 10.20012 10.18095 10.18095 10.11656 10.05331 10.01137 9.874693 9.632687 9.256516 8.83744 8.774877
13.16972 13.16211 13.04661 12.94682 12.88907 12.804 12.6957 12.67503 12.67614 12.69057 12.69501 12.68059 12.63954 12.58179 12.47941 12.37768 12.31272 12.25078 12.19303 12.06074 11.8947 11.6734 11.46099 11.28773 11.22851 11.28626 11.37703 11.47503 11.47503 11.4923 11.55005 11.54225 11.4845 11.55952 11.65683 11.7218 11.76792 11.78234 11.82455 11.8823 11.88751 11.86822 11.75992 11.5678 11.27183 11.22366 11.2742 11.43834 11.5498 11.49926 11.67793 12.06777 12.12156 12.0871 12.07989 12.02327 11.86444 11.67557 11.46619 11.25682 10.99724 10.4053 10.02686 9.969112 9.949946 9.949946 9.760603 9.666521 9.99146 9.984778 9.60936 9.421483 9.297023 9.000991
13.3358 13.33527 13.19363 13.0677 12.9838 12.88282 12.76732 12.72411 12.7 12.7 12.7 12.7 12.68058 12.64897 12.56637 12.48179 12.42404 12.35531 12.27142 12.12602 11.95276 11.74926 11.5574 11.41029 11.37721 11.4611 11.54916 11.6358 11.6358 11.66088 11.74477 11.77796 11.77249 11.80259 11.8391 11.87071 11.89053 11.89053 11.89404 11.89951 11.82865 11.75294 11.68972 11.59582 11.46391 11.52371 11.65989 11.65255 11.68342 11.8348 12.00895 12.20408 12.17908 12.1 12.1 12.01799 11.76631 11.54245 11.33758 11.17783 11.00722 10.71725 10.4992 10.38917 10.23039 10.0474 9.697017 9.503082 9.959629 9.983824 9.527277 9.405412 9.401292 9.525329
13.50475 13.50238 13.32912 13.17111 13.05386 12.93661 12.81937 12.75167 12.7 12.7 12.7006 12.70234 12.70302 12.70302 12.65357 12.59703 12.53754 12.45526 12.3415 12.18799 12.01647 11.84496 11.68684 11.57483 11.57426 11.68802 11.7591 11.81509 11.81509 11.8491 11.96286 12.04286 12.09713 12.05922 12.00905 12.00905 12.00775 12.00427 11.96375 11.90251 11.74095 11.60124 11.60821 11.63864 11.69814 11.86907 12.08439 11.86929 11.80446 12.20698 12.36903 12.30954 12.20998 12.10583 12.10235 11.98255 11.6221 11.38014 11.21909 11.15016 11.11014 11.1644 11.12913 10.95936 10.63757 10.24028 9.739701 9.440282 9.947851 9.978876 9.480019 9.403193 9.479576 10.16737
13.59573 13.56013 13.38687 13.21978 13.06918 12.91858 12.76798 12.7209 12.7 12.7 12.71214 12.74724 12.76077 12.76077 12.74077 12.70749 12.61464 12.52701 12.4466 12.32645 12.18829 12.05013 11.93287 11.88756 11.90431 11.98472 12.04786 12.10385 12.10385 12.12789 12.2083 12.23602 12.22358 12.2026 12.18231 12.18231 12.15614 12.08595 11.97872 11.85078 11.71354 11.62502 11.7654 11.88455 11.9774 11.94317 11.85832 11.80231 11.85381 12.22298 12.35167 12.25883 12.23117 12.21751 12.14732 11.8956 11.26833 11.05688 11.12929 11.14996 11.15914 11.1467 11.09804 10.99497 10.78446 10.52058 10.24713 10.08543 10.35953 10.45715 10.35852 10.5582 10.86458 11.45232
13.6654 13.61788 13.44462 13.27137 13.09811 12.92486 12.7516 12.72717 12.73704 12.73704 12.75332 12.80038 12.81195 12.80125 12.8 12.78414 12.67933 12.59428 12.53652 12.44639 12.34158 12.247 12.17408 12.17408 12.21843 12.30827 12.35736 12.39228 12.38158 12.38496 12.42132 12.41641 12.38005 12.37408 12.37185 12.35046 12.29797 12.19316 12.0376 11.85365 11.76116 11.72996 11.93957 12.06893 12.09887 11.93149 11.68552 11.72776 11.85029 12.1968 12.30841 12.2036 12.25236 12.33041 12.21491 11.89101 11.13596 10.9288 11.09563 11.13143 11.13546 11.06701 11.01138 10.97502 10.88293 10.76316 10.73755 10.74813 10.87433 11.04307 11.25911 11.61797 12.027 12.48259
13.68993 13.67563 13.50238 13.32912 13.15586 12.98261 12.80935 12.81191 12.85255 12.85255 12.85729 12.87099 12.84921 12.80516 12.8 12.78919 12.71773 12.65203 12.59428 12.52709 12.45564 12.42633 12.40509 12.40509 12.49883 12.68873 12.71078 12.68002 12.63597 12.59602 12.56567 12.56977 12.60011 12.60509 12.5959 12.5078 12.42591 12.35445 12.18946 11.97216 11.96769 12.00683 12.14974 12.12301 11.88612 11.73814 11.62558 11.63721 11.73478 12.0813 12.21026 12.13881 12.27355 12.44592 12.33041 12.06085 11.47257 11.21413 11.18084 11.07408 10.95782 10.85602 10.80704 10.83738 10.87885 10.92584 11.19194 11.44799 11.60754 11.85702 12.20647 12.47602 12.71794 12.97341
13.63195 13.63138 13.47778 13.32952 13.19556 13.07223 12.95792 12.95103 12.96805 12.96805 12.96125 12.9416 12.89854 12.84079 12.83403 12.83123 12.81278 12.77783 12.72008 12.6488 12.5714 12.54925 12.53403 12.53403 12.63836 12.84972 12.87096 12.83226 12.77451 12.72263 12.68453 12.70082 12.75857 12.76805 12.75599 12.64049 12.53919 12.46179 12.31109 12.11938 12.15461 12.19464 12.15295 12.01021 11.7423 11.62468 11.56692 11.60463 11.72135 12.06787 12.21419 12.17609 12.3503 12.56255 12.46669 12.25832 11.81715 11.5345 11.36004 11.16967 10.99981 10.98256 11.0267 11.16305 11.2986 11.43375 11.76574 12.0798 12.27271 12.56569 12.96996 13.14451 13.23957 13.37353
13.51645 13.516 13.39575 13.28992 13.22267 13.18407 13.16983 13.12807 13.08355 13.08355 13.06522 13.01221 12.95629 12.89854 12.89178 12.89908 12.94733 12.95109 12.89333 12.7991 12.68835 12.63284 12.59178 12.59178 12.67965 12.85765 12.89638 12.89001 12.83226 12.79036 12.78561 12.81633 12.87408 12.88355 12.8715 12.75599 12.64226 12.53151 12.41161 12.28661 12.32787 12.32035 12.01183 11.78104 11.64654 11.56692 11.50917 11.61249 11.77911 12.12562 12.28931 12.28456 12.46581 12.67997 12.61747 12.47505 12.16729 11.87929 11.60478 11.3719 11.19495 11.34446 11.54203 11.8118 12.01391 12.18242 12.4228 12.66416 12.89042 13.20097 13.60523 13.68079 13.64314 13.71039
13.42944 13.40083 13.37114 13.3416 13.31245 13.28359 13.25499 13.22595 13.19684 13.16824 13.13944 13.1103 13.08115 13.052 13.04859 13.053 13.08215 13.07481 13.01706 12.91956 12.80406 12.7438 12.69906 12.69906 12.74222 12.82967 12.85047 12.84958 12.82043 12.8 12.8 12.80031 12.80085 12.75312 12.68983 12.57432 12.49081 12.46112 12.43143 12.40174 12.34751 12.25958 12.02749 11.87302 11.81472 11.75682 11.69906 11.92426 12.14031 12.3152 12.42883 12.48604 12.5901 12.69997 12.69942 12.61429 12.35413 12.14497 11.97063 11.82143 11.71427 11.85892 12.03831 12.26986 12.46246 12.63572 12.86306 13.09993 13.35955 13.61993 13.88118 13.90574 13.84919 13.90694
13.35754 13.30021 13.35797 13.4 13.4 13.37105 13.3175 13.30728 13.3028 13.24505 13.20728 13.20728 13.21245 13.22086 13.22184 13.22184 13.22184 13.19583 13.13388 13.03506 12.91956 12.86333 12.8209 12.81669 12.81249 12.80828 12.80728 12.80715 12.80295 12.79623 12.78361 12.743 12.68104 12.57432 12.46058 12.36189 12.3231 12.38506 12.43892 12.48827 12.34275 12.1897 12.09101 12.03453 12.03032 12.00587 11.97334 12.28468 12.52184 12.52184 12.57977 12.69107 12.71456 12.71764 12.77118 12.73612 12.51772 12.3998 12.35046 12.29749 12.26502 12.37211 12.50565 12.67891 12.85216 13.02542 13.25276 13.49389 13.77424 13.97454 14.08584 14.07171 14.01516 14.07292
13.35754 13.30021 13.35797 13.4 13.4 13.38908 13.36889 13.36503 13.36055 13.3028 13.26503 13.26503 13.31119 13.3863 13.3951 13.3951 13.3951 13.35509 13.25978 13.15057 13.03506 13.01075 12.98664 12.94908 12.91153 12.87397 12.86503 12.86388 12.82633 12.76631 12.65364 12.55082 12.45551 12.34332 12.24349 12.27822 12.33553 12.43084 12.4539 12.43653 12.34568 12.27122 12.30595 12.30839 12.27083 12.37998 12.54757 12.63256 12.6951 12.6951 12.73567 12.81361 12.83006 12.83122 12.85142 12.82647 12.70814 12.67045 12.68781 12.67277 12.66053 12.70092 12.79441 12.96767 13.14092 13.31418 13.54152 13.76897 13.98261 14.13201 14.20995 14.18722 14.13067 14.18842
13.40311 13.34573 13.39033 13.42278 13.42278 13.4299 13.44306 13.44557 13.44109 13.38334 13.34557 13.34557 13.41654 13.53204 13.55719 13.56636 13.5532 13.5026 13.40026 13.29791 13.19557 13.17855 13.15535 13.0976 13.03985 12.98209 12.95833 12.9438 12.88605 12.7977 12.6376 12.51028 12.40793 12.30559 12.22323 12.31242 12.40161 12.49079 12.49419 12.44959 12.42894 12.43216 12.53451 12.58885 12.58373 12.73231 12.94212 12.88877 12.84557 12.84557 12.87563 12.93338 12.95595 12.96911 12.98227 12.97232 12.91457 12.91764 12.96223 12.96835 12.97008 12.98324 13.05513 13.21522 13.38411 13.55737 13.77239 13.9784 14.13849 14.25013 14.30788 14.29946 14.26882 14.31341
13.51861 13.46111 13.47235 13.48054 13.48054 13.50568 13.55219 13.56107 13.5566 13.49884 13.46107 13.46107 13.53204 13.64755 13.70214 13.73457 13.68806 13.63211 13.56312 13.49412 13.42513 13.37765 13.3286 13.27085 13.2131 13.15535 13.10616 13.05931 13.00156 12.92318 12.79643 12.70246 12.63347 12.56447 12.50503 12.52751 12.54999 12.57247 12.57333 12.56209 12.63547 12.71498 12.78397 12.87945 13.00774 13.05122 13.06091 13.00427 12.96107 12.96107 12.99113 13.04888 13.09777 13.14428 13.19079 13.20333 13.14558 13.12883 13.14007 13.14161 13.14771 13.19422 13.2728 13.39955 13.55737 13.73062 13.91441 14.08706 14.21381 14.30788 14.36563 14.40671 14.44173 14.45297
13.6724 13.61487 13.61487 13.61487 13.61487 13.63413 13.66977 13.67658 13.67381 13.63818 13.61487 13.61487 13.68584 13.80134 13.88538 13.93772 13.83574 13.76161 13.72598 13.6599 13.58003 13.52132 13.46855 13.43291 13.37544 13.29558 13.24942 13.2131 13.15535 13.08694 12.99355 12.92038 12.86263 12.80488 12.75085 12.72873 12.69838 12.65415 12.66665 12.71087 12.86018 13.00173 13.05949 13.12932 13.21413 13.19699 13.13924 13.05974 13.00557 13.02769 13.05684 13.09248 13.14556 13.20458 13.28445 13.33388 13.32035 13.32801 13.35012 13.35315 13.35783 13.39347 13.45219 13.54558 13.69234 13.86559 14.01814 14.16197 14.27748 14.36563 14.42339 14.46473 14.50023 14.52234
13.84566 13.78812 13.78812 13.78812 13.78812 13.78936 13.79164 13.79208 13.7919 13.78962 13.78812 13.78812 13.85909 13.9746 14.08808 14.15863 13.98995 13.89112 13.88883 13.8102 13.69698 13.63683 13.59157 13.58928 13.53223 13.41902 13.39034 13.38636 13.32861 13.27017 13.21013 13.15139 13.09364 13.03589 12.97837 12.92291 12.84676 12.73583 12.76718 12.87811 13.09412 13.29049 13.34825 13.35849 13.30989 13.25474 13.19699 13.08468 13.01398 13.06944 13.09723 13.09952 13.14556 13.2065 13.31971 13.41337 13.46655 13.52108 13.57655 13.58416 13.58446 13.58675 13.61212 13.67216 13.80784 13.98109 14.1024 14.21972 14.33523 14.42339 14.48114 14.49774 14.50058 14.55604
14.04987 13.96138 13.96138 13.95292 13.92186 13.90759 13.90759 13.88245 13.8562 13.88727 13.91833 13.9494 14.01326 14.0977 14.18213 14.23697 14.12585 14.04834 14.01727 13.92809 13.81258 13.75233 13.70759 13.70759 13.6659 13.58147 13.56138 13.56056 13.53388 13.4979 13.44015 13.3824 13.32465 13.26689 13.19941 13.04846 12.94548 12.92317 13.02909 13.20672 13.34813 13.47167 13.52942 13.50783 13.38795 13.29028 13.20146 13.17806 13.16027 13.15589 13.15379 13.15379 13.24837 13.36801 13.48351 13.60044 13.72033 13.78482 13.81151 13.78837 13.76545 13.79652 13.82584 13.85252 13.93562 14.04675 14.16197 14.27748 14.39298 14.48114 14.53889 14.53074 14.50028 14.52696
14.24971 14.13458 14.12125 14.09583 14.03807 14.00794 14.00127 13.95867 13.91602 13.97377 14.03614 14.10723 14.17012 14.22787 14.27385 14.3028 14.24505 14.1873 14.12955 14.03664 13.9278 13.86784 13.82309 13.82309 13.79458 13.73683 13.72309 13.72309 13.72309 13.70781 13.65673 13.59808 13.53366 13.47481 13.40037 13.1827 13.0702 13.13461 13.30159 13.52593 13.59265 13.64374 13.69482 13.64868 13.48209 13.3568 13.24797 13.28987 13.31021 13.25913 13.2381 13.24477 13.37761 13.54203 13.67087 13.80766 13.96091 14.02705 14.03372 13.99056 13.95288 14.00397 14.03197 14.0253 14.05722 14.1083 14.21972 14.33523 14.45073 14.53573 14.58682 14.55715 14.50007 14.50674
14.42297 14.30759 14.22755 14.15358 14.09583 14.04766 14.00764 13.98565 13.97377 14.03153 14.11697 14.25476 14.34337 14.40113 14.38821 14.36055 14.3028 14.24505 14.1873 14.11734 14.04186 13.98334 13.93859 13.93859 13.91008 13.85233 13.83859 13.83859 13.83859 13.83329 13.81556 13.75241 13.65464 13.59032 13.52284 13.37187 13.31364 13.41141 13.56896 13.75995 13.79332 13.81105 13.82878 13.77908 13.64585 13.55391 13.47843 13.45526 13.43412 13.41639 13.42872 13.46874 13.5823 13.71911 13.91466 14.06382 14.11701 14.16238 14.2024 14.19259 14.17951 14.19724 14.19189 14.15187 14.15044 14.16817 14.27748 14.39298 14.50848 14.57769 14.59542 14.55715 14.50042 14.54044
14.54212 14.42662 14.31112 14.21133 14.15358 14.10427 14.06214 14.0541 14.05857 14.11633 14.20864 14.36627 14.45294 14.49507 14.4628 14.41831 14.36056 14.3028 14.24505 14.19805 14.15592 14.09884 14.0541 14.0541 14.0333 13.99117 13.96924 13.95362 13.938 13.92705 13.92705 13.87923 13.79497 13.74593 13.69777 13.59788 13.5783 13.69381 13.8163 13.94269 13.9541 13.94575 13.89888 13.82136 13.70586 13.66516 13.65428 13.61266 13.57721 13.56159 13.60042 13.68941 13.81164 13.94581 14.12996 14.25919 14.27481 14.30618 14.34831 14.34062 14.32705 14.32705 14.31645 14.28994 14.27071 14.25509 14.36228 14.47137 14.55564 14.6074 14.62302 14.59579 14.55453 14.59667
14.59988 14.48437 14.36887 14.26908 14.21133 14.18005 14.17128 14.1696 14.17408 14.23183 14.3126 14.43688 14.49019 14.49897 14.49225 14.47606 14.41831 14.36055 14.3028 14.27876 14.26998 14.21435 14.1696 14.1696 14.16527 14.15649 14.11708 14.0681 14.01913 13.9848 13.9848 13.97484 13.95728 13.94706 13.93226 13.86573 13.86706 13.98257 14.04089 14.06722 14.0696 14.04342 13.8965 13.76361 13.64811 13.67897 13.76814 13.76097 13.74206 13.69308 13.75064 13.90634 14.06896 14.22883 14.31291 14.38556 14.43453 14.45962 14.4684 14.42735 14.3848 14.3848 14.40087 14.44106 14.42168 14.37271 14.47778 14.5732 14.59076 14.62319 14.67216 14.67829 14.66969 14.67847
14.6757 14.58468 14.46917 14.36939 14.31163 14.27182 14.24724 14.22267 14.20448 14.26223 14.33996 14.45547 14.5151 14.53967 14.52085 14.49498 14.4618 14.42862 14.39545 14.36819 14.34362 14.31081 14.29064 14.31521 14.32766 14.32766 14.28364 14.22514 14.14281 14.09245 14.11703 14.12766 14.12766 14.10711 14.08164 14.04846 14.06156 14.15249 14.1851 14.1851 14.11803 14.03095 13.88227 13.78134 13.73956 13.81026 13.92576 13.87931 13.84038 13.83178 13.93062 14.12845 14.26812 14.38701 14.42019 14.46137 14.51912 14.54255 14.54255 14.49273 14.44578 14.47035 14.50819 14.56594 14.56294 14.52976 14.5898 14.64759 14.67217 14.72409 14.80641 14.80942 14.78536 14.80993
14.75802 14.69988 14.58437 14.48449 14.42639 14.36857 14.31099 14.25342 14.20478 14.26253 14.34021 14.45553 14.53559 14.59352 14.54947 14.50061 14.50061 14.50061 14.50061 14.46086 14.40311 14.40061 14.41361 14.47136 14.50078 14.50113 14.45707 14.39739 14.28206 14.21843 14.27601 14.30081 14.30064 14.25233 14.20061 14.20061 14.22207 14.27965 14.30008 14.29973 14.14256 13.98015 13.86535 13.82746 13.88486 13.98381 14.09932 13.98778 13.91603 13.97361 14.12127 14.35192 14.44603 14.50031 14.50049 14.51943 14.57718 14.6005 14.60033 14.55063 14.50819 14.56594 14.62376 14.68169 14.70103 14.70121 14.70105 14.71272 14.77029 14.85522 14.97054 14.95758 14.90121 14.95914
14.849 14.75763 14.64212 14.52409 14.39928 14.32885 14.30463 14.2804 14.26253 14.32028 14.38642 14.46839 14.55609 14.64737 14.63667 14.61611 14.61611 14.61611 14.61611 14.57636 14.51861 14.51611 14.52912 14.58687 14.64921 14.71627 14.66266 14.57166 14.48969 14.43947 14.46369 14.45514 14.42161 14.36784 14.31611 14.31611 14.32514 14.34937 14.31505 14.248 14.17583 14.11943 14.13804 14.14418 14.13487 14.21482 14.33033 14.2516 14.19638 14.22061 14.31756 14.48151 14.53522 14.55998 14.59351 14.63493 14.69268 14.69619 14.66266 14.63716 14.62369 14.68144 14.75259 14.84387 14.89657 14.9301 14.90082 14.87914 14.90336 14.95493 15.0369 15.04008 15.01706 15.10834
14.9376 14.83115 14.70652 14.57114 14.40701 14.32668 14.31755 14.31581 14.32029 14.37804 14.43579 14.49354 14.57556 14.6728 14.70031 14.71719 14.72632 14.73162 14.73162 14.69815 14.64953 14.64742 14.66248 14.72937 14.80673 14.89484 14.83474 14.73041 14.69092 14.6605 14.65137 14.60947 14.54259 14.47571 14.41581 14.41581 14.41921 14.42834 14.36925 14.27201 14.27154 14.298 14.40437 14.44151 14.39289 14.44205 14.53017 14.47481 14.43162 14.43162 14.48698 14.59336 14.61581 14.6186 14.66722 14.71882 14.77657 14.77653 14.73704 14.73949 14.755 14.81275 14.89359 15.00909 15.08601 15.14376 15.09333 15.04742 15.04742 15.07477 15.13252 15.1542 15.16424 15.26149
15.01987 14.94654 14.78855 14.63797 14.5072 14.42415 14.38167 14.37356 14.37804 14.43579 14.49354 14.55129 14.59233 14.62286 14.70146 14.77999 14.82247 14.84712 14.84712 14.83661 14.82134 14.82068 14.84325 14.94348 14.98834 14.9764 14.91791 14.84795 14.87516 14.88154 14.83906 14.7638 14.66357 14.56333 14.47356 14.47356 14.4894 14.53188 14.52754 14.497 14.53289 14.58081 14.65383 14.68742 14.67215 14.65926 14.64732 14.59032 14.54712 14.54712 14.58513 14.65815 14.67356 14.67444 14.68971 14.71882 14.77657 14.81617 14.84338 14.88377 14.92826 14.98601 15.06684 15.18235 15.25927 15.31702 15.26659 15.22068 15.22068 15.24802 15.30578 15.3522 15.39456 15.4251
