tests/testthat/test_data/rstack/oct_temp.asc
ncols         147
nrows         127
xllcorner     -90.06084375
yllcorner     23.864697408444
cellsize      0.096253424
NODATA_value  -9999
[rows 33 to 65 of 127, columns 0 to 73 of 147]
19.97555 19.89957 19.78407 19.66857 19.55306 19.47855 19.43888 19.38459 19.33131 19.33131 19.33131 19.33131 19.34242 19.36051 19.44864 19.53405 19.55213 19.55503 19.53695 19.54376 19.56184 19.67313 19.78863 19.90414 19.99113 20.04888 20.01861 19.96439 20.02214 20.04535 19.9876 19.90734 19.80992 19.66422 19.52147 19.48531 19.4909 19.56673 19.5685 19.52883 19.45626 19.40423 19.46198 19.46006 19.38423 19.32132 19.26357 19.20582 19.16718 19.18526 19.23341 19.30924 19.33951 19.35552 19.33744 19.31936 19.30127 19.30468 19.32277 19.4093 19.49631 19.51439 19.58004 19.71713 19.81329 19.88913 19.87372 19.84914 19.81298 19.8025 19.82058 19.88411 19.96281 19.9809
20.00878 19.89957 19.78407 19.66857 19.55306 19.49659 19.49027 19.44234 19.38906 19.38906 19.38906 19.38906 19.42067 19.47211 19.53469 19.59685 19.64828 19.65653 19.6051 19.62447 19.6759 19.78863 19.90414 20.01964 20.10664 20.16439 20.13412 20.07989 20.13764 20.16086 20.10311 20.04177 19.9777 19.86536 19.74552 19.64264 19.61884 19.72802 19.76314 19.75682 19.65692 19.57748 19.63523 19.61842 19.50923 19.43683 19.37908 19.32132 19.29109 19.34253 19.42402 19.53321 19.59684 19.64237 19.59093 19.5395 19.48806 19.49776 19.5492 19.61153 19.67394 19.72538 19.78439 19.85477 19.95108 20.06027 20.10945 20.12423 20.02135 19.99155 20.04298 20.06563 20.07866 20.1301
19.9952 19.85286 19.76439 19.67592 19.58746 19.5322 19.50516 19.47515 19.44472 19.41768 19.40935 19.43639 19.4823 19.54005 19.62168 19.69828 19.72899 19.74527 19.74159 19.76159 19.7923 19.90414 20.01964 20.13514 20.22214 20.27989 20.27022 20.24138 20.2721 20.28445 20.25373 20.20767 20.14992 20.0665 19.97803 19.88956 19.86706 19.95553 20.02194 20.07601 19.97581 19.87673 19.85337 19.80093 19.71247 19.64596 19.58821 19.53046 19.50863 19.59342 19.72234 19.89192 19.97327 20.02284 19.93806 19.85327 19.76848 19.70413 19.65373 19.71997 19.80476 19.88955 19.95272 19.98344 20.0708 20.18631 20.27304 20.31676 20.20126 20.15499 20.18571 20.21369 20.24105 20.2988
19.97912 19.80891 19.74852 19.68813 19.62774 19.57021 19.51509 19.50457 19.5003 19.44518 19.4282 19.48332 19.54005 19.59781 19.70189 19.79623 19.80151 19.82881 19.88656 19.90638 19.90902 20.01712 20.12998 20.24285 20.32851 20.38626 20.40201 20.40465 20.40729 20.40992 20.41256 20.38243 20.32731 20.26999 20.21252 20.1574 20.14437 20.20212 20.29522 20.40808 20.31319 20.19769 20.08218 19.99248 19.93472 19.87697 19.81922 19.76406 19.75195 19.86745 20.0417 20.27007 20.36383 20.41164 20.29614 20.17892 20.05813 19.9093 19.74132 19.81565 19.92886 20.04436 20.1137 20.1137 20.18911 20.30198 20.41484 20.48197 20.37174 20.3137 20.3137 20.35655 20.4143 20.47206
20.0614 19.92429 19.83055 19.73681 19.64306 19.58824 19.56647 19.56232 19.56063 19.53887 19.53217 19.55393 19.59781 19.65556 19.70075 19.74858 19.82056 19.88656 19.94432 19.98709 20.02308 20.10071 20.18023 20.25974 20.32851 20.38626 20.42743 20.46342 20.49941 20.5354 20.57139 20.57461 20.55285 20.501 20.44701 20.42525 20.43313 20.49088 20.56259 20.6421 20.5442 20.4287 20.31319 20.22348 20.16573 20.10798 20.05023 20.02788 20.04071 20.15621 20.3131 20.50812 20.59484 20.64265 20.52715 20.38819 20.2007 20.06445 19.96318 20.01788 20.10212 20.21762 20.28696 20.28696 20.34008 20.4196 20.49911 20.5534 20.50987 20.48696 20.48696 20.52981 20.58756 20.64531
20.13515 20.01964 19.90414 19.79179 19.68788 19.63388 19.62229 19.62007 19.62097 19.63256 19.64014 19.64014 19.66851 19.71467 19.72007 19.7358 19.83971 19.93398 20.01491 20.07989 20.13764 20.1954 20.25054 20.2967 20.34858 20.40633 20.46408 20.52184 20.57959 20.63387 20.68003 20.69342 20.68183 20.65103 20.62007 20.62007 20.6416 20.69936 20.74967 20.79583 20.70547 20.59949 20.48398 20.3891 20.31975 20.26699 20.22083 20.23147 20.26925 20.38476 20.52429 20.68595 20.76563 20.81278 20.68568 20.53228 20.32446 20.21271 20.16655 20.21004 20.27385 20.37776 20.44478 20.45637 20.48331 20.51788 20.58502 20.64252 20.65411 20.66022 20.66022 20.70306 20.76057 20.79514
20.1929 20.0774 19.96189 19.85862 19.78806 19.73135 19.68641 19.67782 19.68131 19.72625 19.75565 19.75565 19.76352 19.77632 19.77782 19.7885 19.85906 19.96198 20.10962 20.1954 20.25315 20.3109 20.35853 20.37134 20.40633 20.46408 20.52184 20.57959 20.63734 20.68165 20.69446 20.6745 20.62955 20.64904 20.67782 20.67782 20.69936 20.75711 20.78604 20.79884 20.73581 20.65724 20.54174 20.43195 20.32926 20.29084 20.27803 20.32203 20.38476 20.50026 20.62243 20.75074 20.82339 20.86861 20.70817 20.55402 20.4129 20.34804 20.33523 20.3833 20.44273 20.51329 20.57361 20.61856 20.612 20.57986 20.67401 20.76486 20.80981 20.83347 20.83347 20.87632 20.93314 20.901
20.26576 20.1708 20.07584 19.98542 19.90712 19.85104 19.81383 19.80673 19.80802 19.82468 19.84268 19.86323 19.88377 19.90432 19.88859 19.87678 19.91399 20.00831 20.18157 20.28946 20.36776 20.38709 20.40463 20.42517 20.46408 20.52184 20.57959 20.63671 20.67392 20.69386 20.67331 20.65497 20.63831 20.6495 20.66657 20.68711 20.72153 20.77928 20.78682 20.76628 20.69319 20.60827 20.49276 20.38643 20.29148 20.26443 20.26443 20.36164 20.46469 20.58019 20.69569 20.8112 20.84872 20.85684 20.72467 20.60463 20.50967 20.47115 20.47115 20.52098 20.57873 20.63648 20.69423 20.75199 20.74629 20.70909 20.77642 20.85163 20.92993 20.97115 20.97115 20.99876 21.03519 20.99798
20.34803 20.28643 20.22482 20.1496 20.03794 19.98457 19.98072 19.97998 19.9761 19.92606 19.91198 19.96587 20.01977 20.07367 20.0324 19.98724 19.99109 20.06606 20.23932 20.37017 20.48182 20.43878 20.41214 20.46604 20.52184 20.57959 20.63734 20.69345 20.6973 20.68389 20.62999 20.63507 20.68512 20.65149 20.6123 20.6662 20.72153 20.77928 20.76544 20.71154 20.6051 20.49276 20.37726 20.28583 20.22422 20.20667 20.20667 20.3695 20.52244 20.63794 20.75344 20.86895 20.85384 20.80292 20.73746 20.67325 20.61165 20.58665 20.58665 20.63648 20.69423 20.75199 20.80974 20.86749 20.88408 20.88023 20.8872 20.91622 21.02787 21.08665 21.08665 21.08951 21.09329 21.08943
20.40862 20.35086 20.29311 20.2357 20.1792 20.15324 20.15324 20.15324 20.15105 20.1228 20.11409 20.14234 20.1706 20.19885 20.15117 20.10662 20.13612 20.2012 20.31546 20.41027 20.49628 20.47297 20.4508 20.44955 20.49199 20.57924 20.62153 20.64802 20.61852 20.58939 20.56114 20.56495 20.59321 20.57422 20.55187 20.58012 20.61937 20.67713 20.67972 20.65147 20.57068 20.48467 20.39867 20.32528 20.26753 20.27217 20.30167 20.41454 20.53654 20.68155 20.79584 20.88185 20.85444 20.80007 20.80132 20.79295 20.7647 20.75324 20.75324 20.80306 20.86082 20.91857 20.97632 21.03407 21.03353 21.00403 21.00216 21.01374 21.07025 21.12794 21.18693 21.18027 21.15108 21.15108
20.45754 20.39981 20.34715 20.31022 20.31532 20.32042 20.32552 20.32649 20.32649 20.32649 20.32473 20.31963 20.31766 20.31766 20.27118 20.23369 20.28124 20.33522 20.39807 20.45741 20.51516 20.51278 20.49583 20.43807 20.46081 20.56612 20.59117 20.58956 20.53691 20.49695 20.48675 20.48523 20.49033 20.49117 20.4917 20.4968 20.52153 20.57928 20.60327 20.60837 20.55629 20.49945 20.4468 20.39414 20.34149 20.36415 20.4168 20.46945 20.55121 20.71937 20.83271 20.89557 20.87132 20.82922 20.87677 20.91049 20.91559 20.91766 20.91766 20.96749 21.02524 21.08299 21.13871 21.19136 21.17025 21.11249 21.10883 21.10883 21.10883 21.16111 21.27151 21.26472 21.21761 21.21251
20.45754 20.39993 20.38063 20.37705 20.4155 20.45395 20.49241 20.49975 20.49975 20.49975 20.48644 20.44799 20.43317 20.43317 20.41613 20.39685 20.3777 20.40697 20.50318 20.57292 20.63067 20.59638 20.55358 20.49583 20.48564 20.52423 20.53342 20.53283 20.51353 20.47701 20.4001 20.38865 20.42711 20.43342 20.43743 20.47588 20.52153 20.57928 20.62466 20.66311 20.61404 20.56314 20.54385 20.52455 20.50525 20.51355 20.53285 20.55215 20.60056 20.73536 20.85007 20.94628 20.9817 20.99865 20.9795 20.97911 21.01757 21.03317 21.03317 21.08299 21.14075 21.1985 21.24088 21.26018 21.228 21.17025 21.16658 21.16658 21.16658 21.20307 21.28012 21.31421 21.33277 21.29431
20.4782 20.44877 20.47688 20.50923 20.55293 20.59663 20.64033 20.64867 20.64976 20.66381 20.65302 20.59527 20.56437 20.55032 20.56108 20.56639 20.52269 20.53993 20.64138 20.70308 20.74678 20.67997 20.61133 20.55358 20.53127 20.54533 20.52725 20.49914 20.47103 20.421 20.31955 20.30844 20.36619 20.38741 20.40603 20.46378 20.52153 20.57928 20.63704 20.69479 20.66025 20.62684 20.64089 20.64239 20.62834 20.63439 20.64844 20.66249 20.69503 20.78243 20.89177 21.02133 21.08315 21.12183 21.07813 21.06291 21.10661 21.12434 21.12434 21.16204 21.21127 21.29713 21.33743 21.30933 21.26141 21.20366 21.21316 21.22433 21.22433 21.24503 21.28872 21.34285 21.39954 21.35585
20.52725 20.56453 20.65934 20.73116 20.74151 20.75185 20.7622 20.76417 20.76785 20.81526 20.82628 20.76853 20.71713 20.66973 20.70603 20.74469 20.73435 20.75694 20.82503 20.85338 20.86373 20.76357 20.66908 20.61133 20.60549 20.6529 20.59192 20.4971 20.40229 20.31546 20.24737 20.25068 20.30844 20.35754 20.40603 20.46378 20.52153 20.57928 20.63704 20.69479 20.69059 20.69053 20.73794 20.743 20.69559 20.71599 20.7634 20.8108 20.85147 20.87217 20.96688 21.12979 21.17234 21.18149 21.17115 21.16755 21.17789 21.18209 21.18209 21.19101 21.22002 21.37259 21.42628 21.33146 21.26141 21.20366 21.2444 21.28209 21.28209 21.28699 21.29733 21.34285 21.39989 21.38955
20.69581 20.79954 20.89203 20.95309 20.93009 20.90708 20.88407 20.87968 20.88237 20.91712 20.92782 20.89307 20.85833 20.82359 20.87051 20.91603 20.89303 20.90392 20.96167 20.96384 20.94083 20.87336 20.80133 20.72057 20.68547 20.69721 20.57691 20.4175 20.325 20.24977 20.21503 20.21972 20.25446 20.32767 20.40603 20.46378 20.52153 20.57928 20.63704 20.69479 20.72093 20.74603 20.78077 20.79476 20.78302 20.82098 20.87873 20.93648 20.98548 21.00848 21.09772 21.24797 21.27968 21.27968 21.27968 21.27968 21.27968 21.266 21.243 21.21999 21.21368 21.31791 21.35271 21.28322 21.25232 21.24058 21.29393 21.33984 21.33984 21.33984 21.33984 21.38269 21.43984 21.43984
20.91811 21.08817 21.14732 21.17503 21.11866 21.0623 21.00594 20.99518 20.99529 20.99668 20.99711 20.99572 20.99433 20.99294 21.04376 21.08424 21.02788 21.01943 21.07718 21.05639 21.00003 20.99493 20.96708 20.85296 20.76805 20.71308 20.52607 20.30301 20.24387 20.20199 20.2006 20.20079 20.20218 20.2978 20.40603 20.46378 20.52153 20.57928 20.63704 20.69479 20.75127 20.79784 20.79923 20.82455 20.87952 20.93648 20.99423 21.05198 21.10939 21.16575 21.25361 21.37051 21.39518 21.39518 21.39518 21.39518 21.39518 21.36168 21.30532 21.24896 21.20055 21.20472 21.20612 21.20333 21.23914 21.29411 21.35168 21.39759 21.39759 21.39759 21.39759 21.44044 21.49759 21.49759
21.14876 21.32158 21.37934 21.40565 21.3479 21.27287 21.18316 21.14017 21.11316 21.14512 21.16603 21.16603 21.16603 21.16603 21.21702 21.25729 21.19954 21.19027 21.24803 21.24828 21.22249 21.16022 21.08468 20.96917 20.85062 20.72895 20.54831 20.3526 20.26289 20.19044 20.15848 20.16279 20.19476 20.29655 20.40936 20.49908 20.57688 20.63463 20.69238 20.75013 20.83696 20.91068 20.91068 20.95076 21.04047 21.08447 21.11026 21.13605 21.17795 21.26767 21.3708 21.48631 21.51068 21.51068 21.51068 21.50027 21.46831 21.44002 21.41422 21.36086 21.30649 21.27453 21.24257 21.21061 21.23859 21.29634 21.38402 21.45534 21.45534 21.47048 21.50244 21.52982 21.55534 21.55534
21.36111 21.52643 21.59175 21.62357 21.56581 21.48093 21.37299 21.30565 21.25568 21.29831 21.32881 21.33637 21.34393 21.35149 21.39669 21.43054 21.37279 21.36035 21.41054 21.42098 21.41342 21.30982 21.20018 21.08468 20.93693 20.75611 20.58682 20.42266 20.30716 20.2044 20.13152 20.13706 20.20238 20.30965 20.42515 20.54066 20.63745 20.70276 20.76323 20.82098 20.93127 21.02754 21.0351 21.08412 21.1845 21.2185 21.22607 21.23363 21.26649 21.37443 21.48631 21.60181 21.62619 21.62619 21.62619 21.60737 21.54962 21.5217 21.51413 21.46327 21.40552 21.34776 21.29304 21.24285 21.26478 21.32253 21.42729 21.51464 21.52221 21.55354 21.61129 21.62619 21.62619 21.62619
21.50984 21.64206 21.74073 21.79682 21.73907 21.67222 21.59763 21.53666 21.48152 21.45744 21.45585 21.49677 21.53768 21.5786 21.59825 21.6038 21.54605 21.51961 21.53645 21.51353 21.47262 21.39949 21.31569 21.20018 21.03597 20.8218 20.66999 20.53816 20.42266 20.29996 20.16038 20.15599 20.25466 20.3674 20.4829 20.59841 20.70763 20.8063 20.87873 20.93648 21.04677 21.14898 21.1899 21.22758 21.26125 21.30011 21.34102 21.38194 21.43134 21.50593 21.60181 21.71731 21.74169 21.74169 21.74169 21.72287 21.66512 21.61738 21.57646 21.52102 21.46327 21.40552 21.36412 21.34728 21.38028 21.43803 21.51155 21.57924 21.62015 21.66904 21.72679 21.74169 21.74169 21.74169
21.65858 21.75763 21.87313 21.94597 21.90474 21.84565 21.77138 21.71047 21.654 21.61276 21.60006 21.6413 21.69268 21.75043 21.74261 21.72486 21.70014 21.6858 21.6858 21.64605 21.58829 21.53054 21.45235 21.30381 21.13902 20.95757 20.82637 20.71137 20.61238 20.49119 20.31793 20.29917 20.39815 20.49714 20.59785 20.71336 20.8227 20.92169 20.98364 21.02488 21.13368 21.24183 21.3161 21.36457 21.38109 21.41528 21.45652 21.514 21.57175 21.62951 21.70872 21.8077 21.8286 21.8286 21.8286 21.81516 21.77393 21.72288 21.66512 21.59312 21.52319 21.48195 21.4572 21.4572 21.48475 21.52598 21.58269 21.64383 21.7181 21.78454 21.84229 21.86945 21.88562 21.86911
21.80731 21.87313 21.98863 22.07056 22.06267 22.00087 21.89325 21.82598 21.77209 21.76421 21.76178 21.76966 21.80819 21.86594 21.82867 21.79271 21.83469 21.85905 21.85905 21.8193 21.76155 21.7038 21.61058 21.39534 21.24617 21.16477 21.05738 20.9434 20.87776 20.77995 20.60669 20.569 20.63463 20.70027 20.77111 20.88661 20.98352 21.04916 21.07776 21.08564 21.19143 21.30553 21.41315 21.49498 21.54485 21.56469 21.57257 21.62951 21.68726 21.74501 21.80686 21.8725 21.88635 21.88635 21.88635 21.88378 21.8759 21.83838 21.78063 21.67985 21.58532 21.57743 21.5727 21.5727 21.57797 21.58585 21.64044 21.70842 21.81604 21.90005 21.9578 22.0097 22.05853 22.00866
21.90529 21.98854 22.07857 22.1441 22.1441 22.09543 22.0054 21.94148 21.8882 21.8882 21.89702 21.92249 21.95214 21.98442 21.9597 21.94105 21.9988 22.02162 21.99615 21.96599 21.9337 21.82832 21.70355 21.52349 21.41637 21.38409 21.3078 21.21953 21.18724 21.12043 20.97264 20.92704 20.95932 20.9916 21.02991 21.11994 21.18845 21.22073 21.23231 21.23231 21.31421 21.40879 21.52429 21.614 21.67175 21.70642 21.73189 21.76406 21.80276 21.86051 21.90501 21.93729 21.9642 21.9882 21.9882 21.97161 21.92067 21.88081 21.84853 21.7884 21.73231 21.73231 21.73231 21.73231 21.74932 21.7748 21.8305 21.90009 22.0156 22.10376 22.16151 22.20036 22.23171 22.17395
21.98678 22.10206 22.15875 22.2 22.2 22.16878 22.11103 22.05414 22.00194 22.00301 22.02369 22.08144 22.10371 22.10371 22.10371 22.11213 22.16774 22.17665 22.12104 22.10297 22.1019 21.9361 21.77609 21.66165 21.60424 21.60531 21.564 21.51116 21.51223 21.47877 21.36433 21.31362 21.31148 21.31023 21.31507 21.37069 21.40596 21.40703 21.40742 21.40742 21.45996 21.52781 21.64224 21.73088 21.78756 21.84424 21.90092 21.90185 21.91641 21.97416 22.00241 22.00348 22.04758 22.1 22.1 22.06341 21.95112 21.90556 21.90556 21.90556 21.90556 21.90556 21.90599 21.90706 21.946 22.00376 22.06351 22.13481 22.25031 22.33746 22.39307 22.40662 22.40496 22.34721
22.04453 22.15969 22.18302 22.2 22.2 22.16878 22.11103 22.08113 22.06227 22.0967 22.13919 22.19695 22.21921 22.21921 22.21921 22.21753 22.20644 22.20466 22.21575 22.19552 22.1611 21.99385 21.84135 21.76027 21.73621 21.77063 21.81351 21.85869 21.89311 21.893 21.81192 21.73778 21.66893 21.62886 21.59687 21.58578 21.59165 21.62608 21.63843 21.63843 21.69096 21.75287 21.83395 21.88924 21.91257 21.93589 21.95922 21.95961 21.97416 22.03191 22.07752 22.11195 22.11046 22.1 22.1 22.09601 22.08378 22.07882 22.07882 22.07882 22.07882 22.07882 22.09258 22.127 22.17701 22.23476 22.357 22.48132 22.59683 22.65238 22.64129 22.61288 22.57822 22.52047
22.12226 22.21736 22.21736 22.21463 22.20461 22.16878 22.11103 22.10811 22.12261 22.19039 22.25817 22.32594 22.33976 22.31971 22.30851 22.29126 22.23351 22.22425 22.282 22.26715 22.21943 22.07078 21.94133 21.8936 21.89794 21.95569 22.05746 22.1712 22.22895 22.25516 22.20744 22.12125 22.00574 21.93014 21.86445 21.81672 21.80459 21.85231 21.86943 21.86943 21.91285 21.96237 22.02012 22.05207 22.05207 22.05207 22.05207 22.05207 22.0641 22.11183 22.16478 22.22253 22.18915 22.13529 22.14532 22.17089 22.22865 22.25208 22.25208 22.25208 22.25339 22.26342 22.28851 22.33624 22.39736 22.46514 22.62231 22.77576 22.89126 22.92473 22.86698 22.80923 22.75147 22.69372
22.24647 22.27511 22.27511 22.2633 22.21993 22.16878 22.11103 22.1351 22.18295 22.28408 22.38521 22.48634 22.47202 22.38527 22.33681 22.29126 22.23351 22.22425 22.282 22.29011 22.27573 22.19235 22.1221 22.10772 22.12895 22.1867 22.28847 22.4022 22.45996 22.49614 22.48177 22.41001 22.2945 22.19102 22.09894 22.08457 22.08091 22.09529 22.10044 22.10044 22.11352 22.13562 22.19337 22.22533 22.22533 22.22533 22.22533 22.22533 22.22895 22.24333 22.28028 22.33803 22.30466 22.25271 22.29609 22.34415 22.4019 22.42533 22.42533 22.42533 22.43102 22.4744 22.50619 22.52056 22.5929 22.69403 22.82208 22.94901 23.06452 23.09799 23.04023 22.98248 22.92473 22.86698
22.35162 22.39852 22.37954 22.34484 22.26811 22.20164 22.14389 22.15775 22.20896 22.32446 22.43996 22.55547 22.52903 22.41352 22.34901 22.29126 22.23351 22.22425 22.282 22.3 22.3 22.24475 22.21795 22.27717 22.3271 22.38485 22.43362 22.50176 22.55952 22.6 22.6 22.53446 22.41895 22.30345 22.2 22.2 22.2 22.2 22.2 22.2 22.2 22.22419 22.326 22.36572 22.36572 22.3793 22.39828 22.39859 22.39859 22.39859 22.41877 22.45754 22.43513 22.40081 22.43958 22.47836 22.51713 22.55542 22.59338 22.59859 22.60616 22.66392 22.70617 22.72515 22.79594 22.89247 22.98899 23.08552 23.18204 23.2145 23.17573 23.12288 23.06512 23.00737
-9999 22.57165 22.51932 22.45127 22.34118 22.25939 22.20164 22.19133 -9999 -9999 -9999 -9999 -9999 -9999 -9999 -9999 -9999 -9999 -9999 -9999 -9999 -9999 -9999 -9999 -9999 -9999 -9999 -9999 -9999 -9999 -9999 -9999 -9999 -9999 -9999 -9999 -9999 -9999 -9999 -9999 -9999 -9999 -9999 22.48123 22.48123 22.51865 22.57098 22.57184 22.57184 22.57184 22.57466 22.58008 22.57695 22.57215 22.57757 22.58299 22.58842 22.65282 22.75748 22.77184 22.77942 22.83717 22.89276 22.94509 23.00466 23.06784 23.13101 23.19418 23.25735 23.28805 23.28263 23.23838 23.18063 23.12288
-9999 22.74478 22.6591 22.57067 -9999 -9999 -9999 -9999 -9999 -9999 -9999 -9999 -9999 -9999 -9999 -9999 -9999 -9999 -9999 -9999 -9999 -9999 -9999 -9999 -9999 -9999 -9999 -9999 -9999 -9999 -9999 -9999 -9999 -9999 -9999 -9999 -9999 -9999 -9999 -9999 -9999 -9999 -9999 -9999 -9999 -9999 22.69576 22.69673 22.69673 22.69673 22.71127 22.7392 22.7451 22.7451 22.7451 22.7451 22.7451 22.78054 22.84018 22.89656 22.94901 22.97883 23.01981 23.07757 23.13532 23.19307 23.25082 23.30285 23.33267 23.34837 23.34837 23.32624 23.29613 23.23838
-9999 22.90569 22.79019 22.70605 -9999 -9999 -9999 -9999 -9999 -9999 -9999 -9999 -9999 -9999 -9999 -9999 -9999 -9999 -9999 -9999 -9999 -9999 -9999 -9999 -9999 -9999 -9999 -9999 -9999 -9999 -9999 -9999 -9999 -9999 -9999 -9999 -9999 -9999 -9999 -9999 -9999 -9999 -9999 -9999 -9999 -9999 -9999 -9999 -9999 22.81054 22.84229 22.90005 22.91224 22.91224 22.91224 22.91224 22.91224 22.91434 22.91787 -9999 -9999 -9999 -9999 -9999 -9999 23.30837 23.36302 23.40684 23.41038 23.41224 23.41224 23.40961 23.40555 23.35133
23.11981 22.96344 22.84794 22.75707 22.72307 22.66878 22.61103 22.55819 -9999 -9999 -9999 -9999 -9999 -9999 -9999 -9999 -9999 -9999 -9999 -9999 -9999 -9999 -9999 -9999 -9999 -9999 -9999 -9999 -9999 -9999 -9999 -9999 -9999 -9999 -9999 -9999 -9999 -9999 -9999 -9999 -9999 -9999 -9999 -9999 -9999 -9999 -9999 -9999 -9999 22.91005 22.9578 23.01555 23.02774 23.02774 23.02774 23.02774 23.02774 23.04966 23.08655 -9999 -9999 -9999 -9999 -9999 -9999 23.42465 23.44728 23.47143 23.50832 23.52774 23.52774 23.50037 23.46365 23.44279
23.16935 23.02124 22.91822 22.82753 -9999 -9999 -9999 -9999 -9999 -9999 -9999 -9999 -9999 -9999 -9999 -9999 -9999 -9999 -9999 -9999 -9999 -9999 -9999 -9999 -9999 -9999 -9999 -9999 -9999 -9999 -9999 -9999 -9999 -9999 -9999 -9999 -9999 -9999 -9999 -9999 -9999 -9999 -9999 -9999 -9999 -9999 -9999 -9999 -9999 22.99354 23.05168 23.10943 -9999 -9999 -9999 -9999 -9999 -9999 -9999 -9999 -9999 -9999 -9999 -9999 -9999 -9999 -9999 23.5309 23.57617 23.6 23.6 23.57568 23.54324 23.54324
23.16065 23.07912 23.00945 22.94303 -9999 -9999 -9999 -9999 -9999 -9999 -9999 -9999 -9999 -9999 -9999 -9999 -9999 -9999 -9999 -9999 -9999 -9999 -9999 -9999 -9999 -9999 -9999 -9999 -9999 -9999 -9999 -9999 -9999 -9999 -9999 -9999 -9999 -9999 -9999 -9999 -9999 -9999 -9999 -9999 -9999 -9999 -9999 -9999 -9999 23.06624 23.10943 23.16718 -9999 -9999 -9999 -9999 -9999 -9999 -9999 -9999 -9999 -9999 -9999 -9999 -9999 -9999 -9999 23.58182 23.59373 23.6 23.6 23.62517 23.65875 23.65875
