tests/testthat/test_data/rstack/oct_temp.asc
ncols         147
nrows         127
xllcorner     -90.06084375
yllcorner     23.864697408444
cellsize      0.096253424
NODATA_value  -9999
[rows 0 to 32 of 127, columns 0 to 73 of 147]
18.24631 18.27434 18.23132 18.18428 18.12653 18.04552 17.94474 17.84396 17.74318 17.6424 17.55142 17.47894 17.41551 17.35776 17.28701 17.20802 17.09251 17.00125 16.9435 16.88575 16.828 16.86666 16.89031 16.84728 16.85401 16.91176 17.0023 17.10131 17.14434 17.20023 17.28629 17.36463 17.43711 17.52094 17.59352 17.55049 17.4644 17.30587 17.15678 17.01298 16.94746 16.89738 16.88265 16.85528 16.81226 16.69716 16.55336 16.32378 16.0454 15.62641 15.39544 15.33769 15.45057 15.60994 15.7832 15.96163 16.15076 16.16828 16.06865 16.24059 16.43878 16.52483 16.55341 16.49566 16.4954 16.5237 16.47141 16.40762 16.32041 16.25358 16.20941 16.13331 16.0452 15.87079
18.25501 18.21671 18.20704 18.18428 18.12653 18.06355 17.99612 17.9287 17.86127 17.79385 17.71313 17.6073 17.53102 17.47326 17.37306 17.26577 17.15026 17.05901 17.00125 16.9435 16.88575 16.8925 16.89782 16.88815 16.91176 16.96951 17.03463 17.1003 17.10997 17.12254 17.14188 17.21031 17.31614 17.34967 17.36599 17.35632 17.30358 17.1784 17.08406 17.00696 16.94746 16.89143 16.84335 16.81243 16.80276 16.74487 16.66777 16.43929 16.1525 15.70016 15.45319 15.39544 15.48201 15.60994 15.7832 16.01597 16.37186 16.55615 16.62328 16.67423 16.71879 16.73813 16.72667 16.66891 16.62409 16.58569 16.52916 16.45169 16.29778 16.14845 16.00422 15.85281 15.6973 15.38948
18.29854 18.24091 18.21724 18.17784 18.09641 18.04058 18.00651 17.99159 17.97936 17.94529 17.88304 17.76754 17.65842 17.55331 17.43902 17.32352 17.20802 17.11676 17.05901 17.00125 16.9435 16.91835 16.89467 16.87099 16.88751 16.94526 17.00301 17.05972 17.0834 17.1 17.1 17.13867 17.20682 17.1982 17.17699 17.17699 17.16042 17.11595 17.04778 16.96635 16.928 16.89393 16.85986 16.85158 16.87526 16.82377 16.74234 16.4905 16.20146 15.81049 15.6176 15.6072 15.67745 15.78075 16.0724 16.35445 16.61664 16.7635 16.83165 16.841 16.841 16.841 16.80845 16.72702 16.59813 16.44566 16.31537 16.16775 15.94714 15.63683 15.22678 15.08026 15.02261 14.69978
18.35629 18.29854 18.24151 18.16876 18.05398 18.00086 18.00014 18.04556 18.09745 18.09673 18.0563 17.94079 17.79069 17.61887 17.49677 17.38127 17.26577 17.17451 17.11676 17.05901 17.00125 16.94419 16.88716 16.83012 16.82975 16.88751 16.94526 17.00299 17.06002 17.1 17.1 17.10082 17.10226 17.05482 17.00374 17.00374 17.02447 17.08006 17.02639 16.91161 16.90059 16.89987 16.89915 16.92423 16.98126 16.91542 16.80064 16.51545 16.22668 15.93576 15.82557 15.88188 15.9399 16.02133 16.47974 16.80901 16.87108 16.89712 16.89856 16.89875 16.89875 16.89875 16.85288 16.73809 16.509 16.22311 15.99065 15.74981 15.46249 14.95913 14.21555 14.10671 14.21443 13.92495
18.50306 18.41268 18.32229 18.23395 18.15108 18.11301 18.11301 18.13334 18.15651 18.15651 18.15042 18.13281 17.99952 17.79363 17.63873 17.49553 17.38003 17.28877 17.23101 17.1508 17.06042 16.93881 16.83049 16.77274 16.73979 16.73227 16.79936 16.88975 16.98013 17.0435 17.0435 17.0435 17.0435 17.0225 17 17 16.9972 16.98969 16.93385 16.85097 16.84349 16.85512 16.92039 16.95315 16.94563 16.74422 16.46555 16.27324 16.1235 16.09581 16.04465 15.97187 16.15654 16.41456 16.74605 16.95643 16.91629 16.9 16.9 16.92815 16.94794 16.88268 16.67994 16.27074 15.8548 15.43551 15.00918 14.5973 14.24327 13.91771 13.6238 13.60944 13.69184 13.72941
18.65785 18.54235 18.42684 18.32481 18.25883 18.22406 18.21583 18.21426 18.21426 18.21426 18.22854 18.26982 18.15392 17.93938 17.76856 17.61103 17.49553 17.40081 17.33483 17.23476 17.11926 16.94062 16.78329 16.70907 16.65111 16.60982 16.68175 16.78902 16.89629 16.97149 16.97149 16.97149 16.97149 16.97149 16.97234 16.98058 16.97035 16.92907 16.87722 16.81947 16.81426 16.82897 16.91154 16.91304 16.81412 16.53806 16.19144 16.10453 16.08021 16.22877 16.24839 16.14924 16.42127 16.78218 16.97202 17.06505 16.95778 16.90936 16.90113 16.93562 16.94444 16.73837 16.38708 15.81768 15.32545 14.87155 14.37128 13.89326 13.5137 13.32171 13.3383 13.31211 13.27406 13.52165
18.8311 18.7156 18.6001 18.48899 18.38965 18.32154 18.27995 18.27201 18.27201 18.27201 18.26321 18.23779 18.13716 17.98932 17.85576 17.72654 17.61103 17.50232 17.40298 17.29251 17.17701 16.96646 16.76827 16.62734 16.56853 16.59395 16.65633 16.73025 16.80416 16.85598 16.85598 16.85598 16.85598 16.85598 16.86032 16.90191 16.93747 16.96289 16.93497 16.87722 16.87201 16.86295 16.81211 16.6653 16.39961 16.24301 16.12985 16.178 16.22825 16.27674 16.40463 16.60566 16.83579 17.06137 17.08445 17.07591 17.002 16.94729 16.90571 16.87807 16.7808 16.20784 15.74294 15.44037 15.21496 15.02789 14.82568 14.6068 14.3273 14.10903 13.95885 13.59268 13.15682 13.23765
18.99987 18.91849 18.76861 18.61873 18.46885 18.35949 18.28455 18.25633 18.24048 18.24048 18.22644 18.18588 18.10983 18.01151 17.9132 17.81488 17.71656 17.61103 17.49553 17.3682 17.2355 17.00875 16.78688 16.59643 16.53699 16.61193 16.67377 16.73153 16.78928 16.84004 16.87441 16.87953 16.86234 16.85952 16.86376 16.90432 16.94489 16.98545 16.97399 16.93342 16.92976 16.90612 16.77342 16.55291 16.22358 16.14205 16.15924 16.30694 16.41471 16.39753 16.59647 16.99455 17.14746 17.22645 17.1687 17.10534 17.0304 16.9146 16.77091 16.62722 16.41063 15.71142 15.22929 15.07323 14.99433 14.95377 14.84881 14.75331 14.71137 14.54735 14.24759 13.80091 13.30726 13.20413
19.16442 19.14925 18.93267 18.71608 18.49949 18.34146 18.23316 18.1716 18.12497 18.12497 18.12248 18.11527 18.07257 18.00761 17.94264 17.87768 17.81272 17.72654 17.61103 17.46074 17.2947 17.0665 16.83712 16.61332 16.55346 16.66175 16.73153 16.78928 16.84703 16.91774 17.01882 17.03386 16.98332 16.97503 16.97578 16.98299 16.9902 16.99741 16.99537 16.98816 16.98751 16.95792 16.79188 16.5678 16.27183 16.22366 16.27419 16.48805 16.63732 16.58677 16.82181 17.31994 17.3624 17.2842 17.22645 17.15223 17.04393 16.81549 16.50504 16.19458 15.84625 15.24709 14.83836 14.71565 14.6701 14.66289 14.46634 14.36652 14.69146 14.65743 14.22426 13.94113 13.70944 13.40619
19.25209 19.19915 18.96814 18.73713 18.50612 18.32342 18.18178 18.10801 18.05474 18.05474 18.06378 18.08992 18.08058 18.04897 17.99428 17.94048 17.90887 17.84204 17.72654 17.55329 17.35389 17.14927 16.95617 16.80359 16.78334 16.89885 16.95042 16.98203 17.01364 17.06252 17.15188 17.18743 17.18196 17.15921 17.13307 17.10693 17.09053 17.09053 17.057 17.00472 16.90487 16.80204 16.70721 16.60749 16.50172 16.56897 16.70515 16.75462 16.83527 17.01279 17.23239 17.49074 17.45414 17.34195 17.2842 17.15652 16.88416 16.58327 16.26291 16.0102 15.76195 15.47199 15.24131 15.09966 14.89546 14.66018 14.33097 14.15782 14.61436 14.62359 14.13543 13.91971 13.80156 13.95174
19.31334 19.19914 18.96639 18.73411 18.5031 18.30238 18.12738 18.04865 17.99712 17.99886 18.01998 18.07773 18.1 18.1 18.05055 18.00275 18.00101 17.95224 17.83848 17.64762 17.42184 17.24798 17.10287 17.0486 17.07642 17.18844 17.21509 17.21503 17.21329 17.22934 17.28709 17.34286 17.39713 17.35776 17.30019 17.24418 17.20775 17.20427 17.1256 17.00486 16.78698 16.60124 16.60821 16.66366 16.77916 16.96605 17.18138 17.02479 17.01858 17.47711 17.66693 17.60917 17.50861 17.3995 17.33826 17.14076 16.66132 16.30452 16.03144 15.89882 15.80991 15.86243 15.82542 15.6539 15.25669 14.74738 14.29053 14.0346 14.54392 14.57668 14.07957 13.91879 13.88321 14.6305
19.28011 19.19901 18.93291 18.67636 18.44535 18.22659 18.01824 17.96013 17.94195 17.97705 18.01998 18.07773 18.1 18.1 18.08 18.05546 18.02036 17.96624 17.88584 17.77424 17.64852 17.51089 17.40665 17.41909 17.44775 17.49307 17.50385 17.50278 17.46768 17.46034 17.5181 17.53602 17.52358 17.47326 17.41917 17.39652 17.35614 17.28595 17.11918 16.89839 16.73216 16.62502 16.7654 16.89467 17.01017 16.9824 16.89755 16.93286 17.05952 17.45134 17.60917 17.55142 17.50348 17.45343 17.32548 16.97432 16.16135 15.84764 15.87474 15.86965 15.85453 15.807 15.72324 15.58508 15.33265 15.02345 14.73548 14.57109 14.88029 15.013 14.94947 15.09854 15.32632 16.0069
19.23115 19.16193 18.88387 18.61861 18.3876 18.15659 17.92558 17.89013 17.90448 17.96223 18.01998 18.07773 18.1 18.1 18.09056 18.07436 18.0273 17.98025 17.93319 17.88613 17.83908 17.747 17.68709 17.74484 17.77937 17.79006 17.78445 17.77232 17.71457 17.68496 17.72132 17.71641 17.68005 17.62581 17.57185 17.55046 17.49398 17.37848 17.15186 16.8631 16.76116 16.72996 16.93957 17.06416 17.08339 16.92062 16.68534 16.83085 17.03446 17.39167 17.5329 17.47515 17.48827 17.50858 17.33532 16.90419 15.93952 15.64096 15.79709 15.82221 15.80936 15.68316 15.56978 15.47567 15.36441 15.24464 15.18497 15.1763 15.34956 15.57042 15.84421 16.18306 16.5465 17.0962
19.14888 19.04655 18.80184 18.56086 18.32985 18.09884 17.86783 17.85937 17.90448 17.96223 18.01998 18.07773 18.1 18.1 18.06111 18.02165 18.00795 17.99425 17.98055 17.96684 17.95314 17.92633 17.9181 17.97585 18.02684 18.07089 18.0478 18.00333 17.94558 17.89602 17.86567 17.86977 17.90011 17.85682 17.7959 17.7078 17.60948 17.49398 17.26737 16.97861 16.96769 17.00683 17.14974 17.10334 16.8224 16.69337 16.62485 16.70749 16.86961 17.26017 17.41739 17.35964 17.45171 17.56633 17.39307 17.03801 16.30682 15.96422 15.88689 15.73608 15.57397 15.41442 15.30768 15.28028 15.30258 15.34957 15.64409 15.92708 16.10033 16.38436 16.79156 17.06586 17.2945 17.57737
19.013 18.89721 18.70551 18.5138 18.32209 18.14101 17.96895 17.96693 18.00503 18.04313 18.08123 18.11934 18.12195 18.1023 18.06636 18.037 18.05665 18.0598 18.04015 18.03403 18.03403 18.03403 18.0426 18.08071 18.12851 18.18626 18.17096 18.13166 18.05426 17.98861 17.95051 17.9668 18.02455 18.0186 17.98797 17.85281 17.72499 17.60948 17.40808 17.15862 17.17076 17.19464 17.15295 16.98442 16.65875 16.55192 16.53227 16.62741 16.80189 17.20615 17.36994 17.31219 17.45219 17.62634 17.49238 17.22068 16.66401 16.28849 16.03664 15.78582 15.56079 15.50543 15.50361 15.58221 15.6986 15.83375 16.21983 16.58383 16.79639 17.11776 17.56013 17.75908 17.87359 18.00755
18.83975 18.72421 18.59921 18.4742 18.3492 18.25285 18.18085 18.17095 18.1757 18.18045 18.1852 18.18995 18.15921 18.10621 18.09581 18.0998 18.1528 18.1613 18.1083 18.09178 18.09178 18.09178 18.09285 18.0976 18.12851 18.18626 18.19638 18.18839 18.07764 17.99858 17.99383 18.02455 18.0823 18.13211 18.15774 17.98924 17.84049 17.72499 17.56636 17.3836 17.37143 17.32035 17.01183 16.75525 16.56299 16.47032 16.41732 16.57751 16.80189 17.20615 17.36994 17.31219 17.4785 17.68792 17.62067 17.43741 17.01415 16.61347 16.2282 15.9303 15.70255 15.84731 16.01895 16.23096 16.41391 16.58241 16.87689 17.17503 17.45429 17.79499 18.204 18.32012 18.33492 18.40217
18.71602 18.60073 18.54243 18.47635 18.38945 18.31831 18.26056 18.24953 18.25175 18.28035 18.28916 18.26056 18.2492 18.24865 18.24859 18.253 18.28215 18.27481 18.21706 18.17937 18.15077 18.14953 18.14309 18.11448 18.11439 18.14354 18.15047 18.14782 18.06092 18 18 18.00031 18.00085 17.97749 17.93726 17.79261 17.68015 17.62185 17.56321 17.50437 17.39497 17.25449 16.99379 16.81047 16.72303 16.65682 16.59906 16.85293 17.10533 17.33797 17.46413 17.49219 17.5901 17.69833 17.66918 17.53644 17.18938 16.89333 16.63208 16.42113 16.26004 16.37609 16.52666 16.72906 16.91199 17.08525 17.33989 17.61178 17.92914 18.21993 18.48117 18.54859 18.54919 18.60694
18.61198 18.49273 18.49694 18.48657 18.43723 18.38334 18.32559 18.31456 18.31871 18.37226 18.38875 18.33521 18.35005 18.4078 18.41456 18.41456 18.41456 18.39032 18.33256 18.27481 18.21706 18.20652 18.18794 18.1344 18.10521 18.101 18.1 18.09824 18.04048 17.99749 17.98908 17.9479 17.88173 17.77432 17.66014 17.55725 17.49429 17.49849 17.53164 17.58099 17.38676 17.17941 17.02297 16.93452 16.93032 16.90286 16.86613 17.17739 17.42912 17.48687 17.5703 17.6774 17.70332 17.70704 17.70284 17.61139 17.33945 17.16548 17.05838 16.94766 16.85744 16.90678 17.00565 17.17891 17.35216 17.52542 17.75276 18.00487 18.33877 18.56925 18.68476 18.71456 18.71516 18.77291
18.58746 18.43511 18.47266 18.50473 18.52209 18.49884 18.44109 18.43007 18.43163 18.45183 18.45805 18.43785 18.46555 18.5233 18.53007 18.53007 18.53007 18.50582 18.44807 18.39032 18.33257 18.2582 18.19545 18.17526 18.14649 18.10894 18.1 18.09824 18.04048 17.97754 17.90242 17.79454 17.66167 17.54332 17.43957 17.43674 17.44897 17.48653 17.48886 17.4715 17.36228 17.26093 17.2379 17.20839 17.17083 17.25312 17.38316 17.46753 17.54462 17.60237 17.65109 17.69148 17.72963 17.76288 17.72532 17.65486 17.51633 17.43613 17.39574 17.32295 17.25295 17.23559 17.29441 17.46767 17.64092 17.81418 18.04152 18.27311 18.50695 18.68476 18.80026 18.83006 18.83067 18.88842
18.63753 18.4913 18.5359 18.58049 18.62508 18.61435 18.5566 18.54557 18.54557 18.54557 18.54557 18.54557 18.58105 18.63881 18.65719 18.66636 18.6532 18.62132 18.56357 18.50582 18.44807 18.34765 18.26539 18.25223 18.22356 18.17896 18.15833 18.14421 18.09961 18.02988 17.90122 17.76219 17.61525 17.50559 17.4172 17.44864 17.48498 17.52957 17.50853 17.45078 17.41697 17.40377 17.47469 17.49988 17.46845 17.58705 17.76542 17.69861 17.65681 17.7014 17.72279 17.72279 17.77873 17.84377 17.81233 17.77232 17.71457 17.69114 17.69114 17.64131 17.58529 17.54069 17.57265 17.71959 17.8929 18.07932 18.28285 18.4784 18.63849 18.77748 18.89298 18.93255 18.94617 19.00392
18.80208 18.72219 18.73343 18.74467 18.75591 18.72985 18.6721 18.66107 18.66107 18.66107 18.66107 18.66107 18.69656 18.75431 18.80214 18.83457 18.78806 18.73683 18.67908 18.62132 18.56357 18.49507 18.43114 18.38462 18.35552 18.34428 18.30616 18.26073 18.24949 18.19317 18.03115 17.91554 17.83531 17.76447 17.699 17.66373 17.6458 17.65704 17.62404 17.56629 17.59316 17.64073 17.74499 17.81844 17.85371 17.89591 17.94087 17.83906 17.76391 17.77515 17.78054 17.78054 17.86279 17.9631 17.99837 18.00333 17.94558 17.92215 17.92215 17.87232 17.82067 17.80943 17.83475 17.91498 18.08844 18.30821 18.45138 18.58706 18.71381 18.83523 18.95073 19.01505 19.06167 19.11943
18.99443 18.91487 18.91487 18.90885 18.88673 18.85731 18.82167 18.79698 18.77658 18.77658 18.77658 18.77658 18.82565 18.90551 18.96585 19.00278 18.92291 18.84305 18.76319 18.69854 18.64079 18.60419 18.56357 18.50582 18.46566 18.44355 18.44483 18.45248 18.43037 18.36967 18.21853 18.12038 18.06263 17.98639 17.90884 17.85109 17.78189 17.69344 17.6814 17.7121 17.82775 17.94243 18.01371 18.04932 18.04074 18.02248 18.00036 17.88639 17.80557 17.82768 17.83829 17.83829 17.91197 18.00458 18.08445 18.13388 18.12035 18.14115 18.18537 18.14162 18.08854 18.06643 18.0674 18.10304 18.22489 18.38956 18.50818 18.62822 18.76583 18.88251 18.9759 19.02644 19.06231 19.12007
19.20092 19.08812 19.08812 19.07303 19.01756 18.99084 18.98856 18.94325 18.89208 18.89208 18.89208 18.89208 18.96165 19.07486 19.13911 19.17099 19.05777 18.94455 18.83133 18.75629 18.69854 18.69385 18.67908 18.62132 18.5647 18.50924 18.57884 18.68247 18.627 18.5529 18.43511 18.35139 18.29364 18.18952 18.08209 18.02434 17.90541 17.68354 17.7092 17.87331 18.09204 18.27706 18.28163 18.23564 18.12699 18.05638 18.00091 17.88639 17.81398 17.86944 17.89604 17.89604 17.94341 18.0065 18.11972 18.21337 18.26655 18.35405 18.46498 18.43038 18.37292 18.31746 18.28507 18.28736 18.33129 18.3959 18.50818 18.63506 18.80602 18.92447 18.98451 19.0017 19.00456 19.06231
19.39929 19.31505 19.28399 19.23721 19.14839 19.10759 19.10759 19.06086 19.00759 19.00759 19.01833 19.0494 19.11326 19.1977 19.23115 19.23631 19.12081 19.01834 18.93391 18.86784 18.81008 18.77786 18.74778 18.7211 18.69441 18.66773 18.70205 18.75393 18.75831 18.73613 18.65169 18.56477 18.47595 18.39079 18.29617 18.11415 17.97178 17.89611 17.96015 18.10233 18.2688 18.41312 18.44419 18.39591 18.24934 18.12185 18.00197 17.97806 17.96027 17.95589 17.95379 17.95379 18.02386 18.116 18.26257 18.40044 18.52032 18.61914 18.70358 18.63854 18.54972 18.46091 18.39517 18.3641 18.39238 18.45013 18.56197 18.68295 18.82514 18.94205 19.03087 19.03074 19.00028 19.02696
19.59391 19.52285 19.45843 19.38011 19.2646 19.20794 19.20127 19.15327 19.10052 19.10718 19.13383 19.19825 19.25448 19.30556 19.30566 19.28252 19.16702 19.07576 19.018 18.96484 18.91376 18.86267 18.82459 18.83126 18.83134 18.82467 18.82309 18.82485 18.8826 18.90582 18.84807 18.76133 18.65249 18.57521 18.48349 18.21474 18.06522 18.11631 18.2087 18.32421 18.43365 18.53219 18.58328 18.54012 18.38019 18.2155 18.04891 18.08331 18.09867 18.04758 18.03003 18.04336 18.1373 18.25612 18.42938 18.59829 18.75821 18.85345 18.90453 18.81764 18.70881 18.59997 18.50889 18.44447 18.45722 18.5083 18.61972 18.73523 18.85073 18.96308 19.07192 19.05715 19.00007 19.00674
19.77588 19.63823 19.54046 19.43786 19.32236 19.24766 19.20764 19.15327 19.1031 19.14312 19.20313 19.3009 19.34949 19.36722 19.33396 19.28252 19.16702 19.07576 19.018 18.98779 18.97006 18.95233 18.9476 18.98762 18.98813 18.94811 18.93859 18.94036 18.99811 19.02132 18.96357 18.89576 18.82027 18.69271 18.55169 18.38299 18.2838 18.30153 18.38196 18.49746 18.57656 18.64175 18.65948 18.62766 18.53444 18.41261 18.27937 18.2159 18.16483 18.1471 18.18025 18.26029 18.36831 18.48713 18.66039 18.80756 18.90078 18.94913 18.96686 18.90417 18.82869 18.7532 18.66881 18.57104 18.55044 18.56817 18.67748 18.79298 18.90848 19.00504 19.08052 19.05715 19.00042 19.04044
19.89966 19.72662 19.61112 19.49561 19.38011 19.29583 19.23808 19.18032 19.13032 19.17245 19.23996 19.35547 19.4 19.4 19.34901 19.28488 19.185 19.1028 19.04505 19.02705 19.02705 19.04199 19.0671 19.12485 19.14101 19.1145 19.08438 19.05538 19.09752 19.10978 19.05203 19.00314 18.96101 18.82233 18.66909 18.55359 18.49279 18.52403 18.57926 18.6479 18.67822 18.69443 18.66319 18.61313 18.53976 18.48094 18.42792 18.34417 18.27721 18.26159 18.32235 18.45347 18.58459 18.71545 18.84184 18.94587 19.00362 19.02705 19.02705 18.97722 18.91947 18.86172 18.79961 18.73097 18.69776 18.68213 18.77469 18.87458 18.97446 19.047 19.08913 19.06874 19.02749 19.06962
19.95741 19.78437 19.66887 19.55337 19.43786 19.35358 19.29583 19.23808 19.18548 19.19426 19.23996 19.35547 19.4 19.4 19.34901 19.28993 19.2234 19.16056 19.1028 19.0848 19.0848 19.13165 19.18261 19.24036 19.28944 19.32964 19.26455 19.16987 19.17865 19.16753 19.10978 19.07982 19.07104 18.96571 18.84234 18.72684 18.69092 18.78887 18.80385 18.77244 18.73303 18.68255 18.5846 18.48273 18.376 18.40309 18.48348 18.46753 18.44206 18.39308 18.45521 18.61969 18.78416 18.94071 18.96705 19.00362 19.06137 19.0848 19.0848 19.03497 18.97722 18.91947 18.89736 18.92877 18.90648 18.85751 18.91671 18.98324 19.04977 19.08896 19.09773 19.09349 19.08489 19.09367
19.94813 19.79966 19.70873 19.60443 19.46435 19.36878 19.31103 19.25327 19.2 19.2 19.23996 19.35547 19.4151 19.43967 19.39156 19.33381 19.27606 19.22862 19.19545 19.1851 19.1851 19.24036 19.29811 19.35586 19.42574 19.50807 19.43963 19.32615 19.27701 19.23263 19.19946 19.1851 19.1851 19.08855 18.98074 18.93896 18.92834 18.97012 18.96383 18.93065 18.80805 18.67942 18.56391 18.49232 18.47511 18.53523 18.62616 18.57932 18.54038 18.53178 18.60504 18.75372 18.88302 19 19 19.02683 19.10915 19.14255 19.14255 19.09273 19.0382 19.00502 19.00819 19.06594 19.06294 19.02976 19.05873 19.09191 19.12508 19.15419 19.17876 19.16687 19.14281 19.16738
19.91508 19.79979 19.74203 19.65285 19.47959 19.36878 19.31103 19.25327 19.2 19.2 19.23984 19.35499 19.43498 19.49291 19.44902 19.39156 19.33381 19.3003 19.3003 19.3003 19.3003 19.35556 19.41335 19.47128 19.55762 19.67313 19.61272 19.49739 19.38206 19.30116 19.30099 19.30071 19.30036 19.2039 19.10662 19.16419 19.17877 19.12102 19.09997 19.09944 18.89003 18.68042 18.56545 18.55318 18.66816 18.74209 18.79966 18.68717 18.61542 18.673 18.76073 18.87623 18.94603 19.0003 19.0003 19.03788 19.15321 19.2 19.2 19.15033 19.10033 19.1005 19.12369 19.18144 19.20073 19.2009 19.20075 19.20061 19.20061 19.22787 19.28545 19.25759 19.20121 19.25914
19.91508 19.79979 19.74203 19.65285 19.47959 19.36878 19.31103 19.25327 19.2 19.2 19.21676 19.26521 19.33998 19.43126 19.45016 19.44931 19.39156 19.35806 19.35806 19.35806 19.35806 19.41331 19.47861 19.56989 19.67313 19.78863 19.75364 19.67166 19.58969 19.5222 19.48867 19.43612 19.36906 19.28953 19.21864 19.24286 19.23652 19.17877 19.09355 18.99297 18.92624 18.87151 18.85659 18.855 18.86992 18.89149 18.91571 18.83548 18.78027 18.8045 18.87623 18.99173 19.03522 19.05806 19.05806 19.08477 19.16674 19.2 19.2 19.1791 19.16246 19.19598 19.23919 19.29695 19.33851 19.37204 19.34277 19.31611 19.31611 19.32758 19.3518 19.34008 19.31706 19.40834
19.92179 19.81556 19.74868 19.65533 19.49121 19.38459 19.32683 19.26908 19.21581 19.21581 19.21581 19.21581 19.27556 19.3728 19.44324 19.49264 19.44402 19.41581 19.41581 19.41581 19.41581 19.4798 19.55762 19.67313 19.78413 19.8905 19.8718 19.8146 19.77511 19.73016 19.6724 19.58188 19.46638 19.38388 19.31581 19.31581 19.30108 19.26159 19.14803 18.99303 19.01497 19.05771 19.11547 19.12163 19.06388 19.0409 19.03177 18.97481 18.93162 18.93162 18.98698 19.09336 19.11581 19.11581 19.11581 19.13165 19.18027 19.2 19.2 19.21575 19.238 19.28662 19.34619 19.4222 19.48601 19.54376 19.49333 19.44742 19.44742 19.44742 19.44742 19.46097 19.48005 19.5773
19.94631 19.87319 19.77295 19.66441 19.53364 19.44234 19.38459 19.32683 19.27356 19.27356 19.27356 19.27356 19.29232 19.32286 19.41494 19.49769 19.48242 19.47356 19.47356 19.47356 19.47356 19.56946 19.67313 19.78863 19.88317 19.95619 19.92955 19.87439 19.9016 19.90341 19.84566 19.75514 19.63963 19.50138 19.37356 19.37356 19.38371 19.41092 19.36406 19.27577 19.24304 19.23097 19.28872 19.29488 19.23713 19.1903 19.14782 19.09032 19.04712 19.04712 19.08513 19.15815 19.17356 19.17356 19.17356 19.17854 19.19381 19.2 19.2 19.2733 19.34912 19.36439 19.4306 19.57332 19.65927 19.71702 19.66659 19.62068 19.62068 19.62068 19.62068 19.68372 19.76812 19.79866
