tests/testthat/test_data/rstack/sep_temp.asc
ncols         147
nrows         127
xllcorner     -90.06084375
yllcorner     23.864697408444
cellsize      0.096253424
NODATA_value  -9999
[rows 0 to 32 of 127, columns 0 to 73 of 147]
26.4255 26.42544 26.41072 26.38428 26.32653 26.24552 26.14474 26.04396 25.94318 25.84241 25.73653 25.62103 25.54935 25.50517 25.41102 25.31676 25.259 25.20125 25.1435 25.08575 25.028 25.0255 25.01581 24.97278 24.94373 24.929 25.0023 25.10131 25.14434 25.20464 25.30541 25.41455 25.53005 25.60863 25.66802 25.62499 25.54988 25.4208 25.27284 25.11431 24.98153 24.87188 24.85715 24.81057 24.72452 24.58663 24.4281 24.11365 23.75634 23.2796 22.99088 22.87537 22.99839 23.18529 23.37327 23.59927 23.9039 23.98578 23.91561 24.1287 24.36992 24.499 24.55341 24.49566 24.4954 24.5237 24.47141 24.40181 24.28631 24.22441 24.22211 24.12489 23.99345 23.74656
26.48325 26.48307 26.43499 26.38428 26.32653 26.26355 26.19612 26.1287 26.06127 25.99385 25.90979 25.79428 25.66113 25.51689 25.44047 25.37451 25.31676 25.259 25.20125 25.1435 25.08575 25.08325 25.08107 25.0714 25.04277 24.99469 25.03463 25.1003 25.10997 25.13691 25.20434 25.29905 25.41455 25.40948 25.38274 25.37307 25.35618 25.32716 25.23647 25.1113 24.95118 24.80818 24.76011 24.72486 24.70551 24.61049 24.48531 24.23701 23.92119 23.4111 23.10638 22.99088 23.03496 23.12945 23.35079 23.65361 24.12501 24.41329 24.57659 24.64907 24.70331 24.73233 24.72667 24.66891 24.62409 24.58569 24.52916 24.45957 24.34406 24.15582 23.8867 23.69588 23.52969 23.11605
26.56459 26.5407 26.45927 26.37784 26.29641 26.24058 26.20651 26.17243 26.13836 26.10429 26.05023 25.95841 25.802 25.60506 25.51011 25.43226 25.37451 25.31676 25.259 25.20125 25.1435 25.11835 25.09467 25.07099 25.04218 25.00811 25.04401 25.10072 25.1244 25.13703 25.12374 25.1701 25.26193 25.22872 25.17947 25.20315 25.22682 25.2505 25.18493 25.06942 24.92292 24.78971 24.73196 24.72115 24.76851 24.68247 24.54329 24.24392 23.91087 23.48582 23.25886 23.21439 23.25057 23.32642 23.6995 24.05866 24.38899 24.61808 24.77805 24.82043 24.83789 24.81421 24.77692 24.71917 24.58231 24.40616 24.25219 24.08788 23.87766 23.49078 22.90748 22.68112 22.57589 22.18492
26.65557 26.59833 26.48355 26.36876 26.25398 26.20086 26.20014 26.19942 26.1987 26.19798 26.17728 26.1188 25.95476 25.72448 25.59616 25.49001 25.43226 25.37451 25.31676 25.259 25.20125 25.14419 25.08716 25.03012 25.00089 25.00017 25.04401 25.10174 25.15878 25.16486 25.05152 25.03567 25.09414 25.05546 25.00969 25.06672 25.12376 25.18079 25.12718 25.01167 24.89551 24.78971 24.73196 24.75095 24.86501 24.77412 24.60159 24.20326 23.82899 23.53735 23.42644 23.48203 23.53933 23.62667 24.19987 24.60699 24.6705 24.73187 24.79178 24.84921 24.89127 24.83424 24.77692 24.71917 24.47089 24.12798 23.83848 23.54076 23.19712 22.58208 21.66525 21.42706 21.4219 21.13098
26.71404 26.65596 26.50782 26.37745 26.29457 26.25651 26.25651 26.25651 26.25904 26.29167 26.29303 26.23528 26.09112 25.89275 25.76754 25.65584 25.56545 25.48877 25.43102 25.3508 25.26042 25.13881 25.03049 24.97274 24.92739 24.89475 24.90613 24.93324 25.02363 25.07197 25.02173 25.01425 25.03937 25.04978 25.05913 25.08425 25.0972 25.08969 25.01292 24.89741 24.8116 24.75065 24.7908 24.79172 24.74406 24.51324 24.20945 23.93523 23.73173 23.73667 23.70115 23.62837 23.86454 24.18509 24.53418 24.75644 24.71629 24.71493 24.74005 24.82148 24.88814 24.79775 24.5639 24.11455 23.60309 23.06078 22.57256 22.08954 21.6125 21.20194 20.8653 20.80265 20.83533 20.87291
26.78605 26.72787 26.55462 26.41056 26.34457 26.31426 26.31426 26.31426 26.31746 26.35874 26.36576 26.30801 26.18941 26.03262 25.91228 25.79678 25.68127 25.59001 25.53226 25.43476 25.31926 25.14062 24.98329 24.90907 24.84704 24.79752 24.78574 24.78877 24.8878 24.95969 24.96792 24.97149 24.97149 25.01288 25.05809 25.06632 25.05609 25.01481 24.93121 24.82394 24.75423 24.71471 24.79728 24.75087 24.54468 24.23806 23.89144 23.76393 23.72121 23.91928 23.96694 23.87602 24.23442 24.69313 24.82521 24.8793 24.77203 24.71873 24.70226 24.77124 24.81377 24.59122 24.18717 23.5105 22.87792 22.26724 21.71836 21.17368 20.6291 20.37368 20.43978 20.40804 20.34555 20.59314
26.90156 26.84338 26.67012 26.51698 26.41764 26.37201 26.37201 26.37201 26.37004 26.34462 26.30801 26.25026 26.17264 26.08256 25.97003 25.85453 25.73902 25.64777 25.59001 25.49251 25.37701 25.16646 24.96827 24.82734 24.748 24.73184 24.72799 24.72898 24.76131 24.79641 24.83799 24.85598 24.85598 24.86949 24.88831 24.9299 24.96546 24.99088 24.9526 24.87868 24.78164 24.69094 24.6401 24.46028 24.12067 23.943 23.82985 23.903 23.97634 24.041 24.19828 24.4409 24.73812 25.03007 24.99539 24.94792 24.87401 24.79459 24.71141 24.65613 24.52586 23.86973 23.32536 22.94887 22.63875 22.36159 22.17748 21.95181 21.54064 21.2607 21.12669 20.67212 20.1128 20.19363
27.0297 26.98864 26.81539 26.65317 26.52048 26.44094 26.40656 26.37219 26.33733 26.29677 26.26215 26.23878 26.19428 26.13652 26.02778 25.91488 25.81656 25.73528 25.67753 25.55637 25.40649 25.16255 24.93122 24.75797 24.67872 24.69591 24.7131 24.72976 24.72976 24.75217 24.82711 24.84977 24.83258 24.84413 24.86376 24.90432 24.93848 24.96185 24.94423 24.90366 24.82619 24.73281 24.58294 24.32711 23.94003 23.85434 23.88872 24.0766 24.21471 24.19753 24.42653 24.88236 25.07946 25.19534 25.11422 25.0239 24.91459 24.76073 24.57648 24.36257 24.06346 23.23156 22.65356 22.45693 22.32598 22.22766 22.12484 22.02115 21.91527 21.70945 21.3925 20.83835 20.20708 20.08676
27.16973 27.1619 26.98864 26.81735 26.6513 26.52038 26.4193 26.31822 26.22441 26.2172 26.22748 26.27081 26.25203 26.19428 26.08554 25.97768 25.91272 25.85078 25.79303 25.62596 25.40937 25.13064 24.87347 24.70022 24.63744 24.68798 24.73852 24.78751 24.78751 24.81989 24.92819 24.94635 24.89581 24.92976 24.97578 24.98299 24.97136 24.92803 24.90786 24.90065 24.88688 24.83643 24.61985 24.34201 23.98829 23.9598 24.06088 24.28266 24.43731 24.38677 24.65187 25.20775 25.26809 25.19917 25.18475 25.1068 24.89743 24.6237 24.30603 23.90115 23.43694 22.67175 22.16045 22.03053 21.944 21.87904 21.5909 21.42387 21.78493 21.74599 21.26228 20.91256 20.60891 20.25513
27.27131 27.24453 27.04513 26.84573 26.64634 26.47816 26.33651 26.23717 26.15676 26.1829 26.21998 26.27773 26.28058 26.24897 26.16637 26.08179 26.02404 25.95531 25.87142 25.66828 25.41113 25.17376 24.9574 24.81029 24.77721 24.8611 24.90515 24.93659 24.96274 24.99996 25.06318 25.08743 25.08196 25.06378 25.04527 25.04527 25.02373 24.96598 24.9285 24.90236 24.78109 24.65114 24.5247 24.39337 24.25599 24.35554 24.54947 24.57417 24.64845 24.87825 25.12576 25.38958 25.33352 25.1985 25.17236 25.03687 24.67515 24.30694 23.93428 23.61986 23.30081 22.88988 22.57612 22.40833 22.15687 21.86385 21.37382 21.08449 21.62493 21.6386 21.06655 20.80573 20.65652 20.82737
27.35452 27.29613 27.06512 26.83364 26.60089 26.4003 26.22705 26.14865 26.10146 26.15921 26.21757 26.27706 26.3 26.3 26.25055 26.19401 26.13452 26.05151 25.93601 25.70485 25.42132 25.24496 25.08645 24.97269 24.97124 25.085 25.11207 25.11378 25.16979 25.20905 25.20905 25.23886 25.29138 25.20636 25.10604 25.10604 25.08385 25.02436 24.96151 24.89679 24.63301 24.40155 24.41026 24.46668 24.58218 24.80787 25.07747 24.86668 24.84769 25.42172 25.63687 25.52136 25.36304 25.1994 25.13642 24.91779 24.37711 23.92889 23.5438 23.3943 23.29652 23.29304 23.19932 22.97005 22.51393 21.94512 21.27466 20.86361 21.48494 21.52282 20.91194 20.7231 20.69047 21.55501
27.29677 27.23838 27.00737 26.76681 26.50071 26.2848 26.11154 26.06013 26.04371 26.10146 26.17135 26.2642 26.3 26.3 26.28 26.24672 26.15387 26.05151 25.93601 25.77372 25.59025 25.45013 25.32497 25.24456 25.24354 25.32395 25.34308 25.34377 25.36643 25.38231 25.38231 25.35533 25.3078 25.26212 25.22154 25.22154 25.18692 25.09407 24.93371 24.73557 24.55078 24.43127 24.60675 24.75544 24.87094 24.83427 24.73698 24.7498 24.88863 25.39596 25.57911 25.46361 25.35792 25.25141 25.08837 24.67186 23.73095 23.33841 23.32019 23.2786 23.23002 23.15983 23.03939 22.84348 22.50984 22.1078 21.72906 21.50192 21.85643 21.97492 21.83099 21.98535 22.24942 23.08061
27.23115 27.16214 26.94183 26.7058 26.42774 26.20634 26.03308 26.00865 26.023 26.08075 26.15478 26.25959 26.3 26.3 26.29056 26.26562 26.16081 26.056 25.95119 25.84639 25.74158 25.63677 25.54497 25.49791 25.51315 25.5923 25.59482 25.57343 25.55204 25.53704 25.53704 25.48364 25.38953 25.36514 25.35333 25.33194 25.27945 25.17464 24.95872 24.68066 24.56995 24.53834 24.79502 24.94086 24.9494 24.74993 24.4676 24.61233 24.84236 25.30437 25.47693 25.38282 25.35115 25.32317 25.08146 24.55121 23.42399 23.04677 23.18151 23.15386 23.08943 22.95254 22.81393 22.67276 22.47587 22.25128 22.18497 22.1763 22.34956 22.54814 22.77487 23.14443 23.56671 24.27897
27.14888 27.04676 26.8598 26.65713 26.41242 26.20634 26.03308 26.03564 26.08075 26.1385 26.201 26.27245 26.3 26.3 26.26111 26.21291 26.14146 26.07 25.99855 25.92709 25.85564 25.78418 25.72573 25.71203 25.77709 25.92294 25.8905 25.8024 25.7143 25.65255 25.65255 25.637 25.60959 25.56827 25.51962 25.43153 25.34963 25.27818 25.09562 24.85091 24.80389 24.80927 24.96589 24.90739 24.5824 24.43102 24.3488 24.43121 24.61135 25.07336 25.28064 25.25324 25.3409 25.43676 25.1617 24.69591 23.83551 23.38814 23.2227 23.00998 22.79192 22.58832 22.44966 22.40855 22.37856 22.3541 22.64409 22.92707 23.10033 23.37787 23.77137 24.08498 24.37211 24.7842
26.99342 26.89743 26.76347 26.6138 26.42209 26.27223 26.15792 26.15103 26.171 26.20911 26.24041 26.25886 26.26597 26.26597 26.24968 26.22826 26.19016 26.13556 26.05815 25.99428 25.93652 25.87877 25.82517 25.78588 25.8515 26.02476 25.99293 25.89647 25.78097 25.7 25.7 25.71115 25.7308 25.70218 25.65189 25.49709 25.37847 25.32071 25.17706 24.98535 24.98593 24.99114 24.9298 24.7246 24.34118 24.23195 24.23195 24.34674 24.55046 25.01248 25.2238 25.20415 25.33669 25.48681 25.257 24.88305 24.21087 23.73153 23.38382 23.03611 22.72176 22.6283 22.60361 22.68221 22.76001 22.83742 23.21983 23.57981 23.77271 24.10234 24.58401 24.82138 24.9748 25.22426
26.78694 26.72442 26.65717 26.5742 26.4492 26.38408 26.36983 26.32807 26.28392 26.28867 26.27508 26.22683 26.20822 26.20822 26.25083 26.29106 26.28631 26.23706 26.1263 26.05203 25.99428 25.93652 25.86791 25.7619 25.79375 25.967 25.96059 25.89647 25.78097 25.7 25.7 25.73008 25.78308 25.78781 25.76043 25.53892 25.37847 25.32071 25.21984 25.09484 25.13177 25.11091 24.74939 24.43767 24.18767 24.11645 24.11645 24.32965 24.60822 25.07023 25.26419 25.21119 25.33669 25.49255 25.3628 25.09977 24.56101 24.07633 23.62856 23.18079 22.81015 22.95016 23.11895 23.33096 23.47532 23.58608 23.87689 24.16416 24.39042 24.75341 25.26843 25.41542 25.43612 25.61887
26.70801 26.65036 26.62122 26.58414 26.52584 26.48359 26.45499 26.42595 26.39684 26.36824 26.32955 26.2718 26.26711 26.29571 26.32479 26.34953 26.34953 26.31305 26.22615 26.11993 26.00497 25.94475 25.88043 25.79353 25.77857 25.83742 25.851 25.84782 25.76092 25.7 25.7 25.68408 25.65602 25.57968 25.48469 25.31089 25.20168 25.20114 25.20024 25.19916 25.09546 24.95533 24.69409 24.48468 24.33948 24.29811 24.29811 24.63786 24.96221 25.224 25.34925 25.3487 25.37244 25.39595 25.30906 25.09974 24.63719 24.25995 23.94095 23.62195 23.35629 23.44374 23.56569 23.73949 23.89346 24.03756 24.29036 24.568 24.91342 25.24659 25.56613 25.66981 25.69962 25.84427
26.66173 26.60002 26.60422 26.60728 26.60728 26.57606 26.51831 26.50388 26.49552 26.43777 26.38147 26.32793 26.34277 26.40052 26.40728 26.40728 26.40728 26.38127 26.31931 26.18654 26.0217 25.95529 25.89428 25.83652 25.77877 25.72102 25.74809 25.79811 25.73615 25.68895 25.67633 25.60295 25.48324 25.32228 25.16014 25.05725 25.01582 25.07778 25.16598 25.26887 25.03076 24.78895 24.68606 24.60333 24.54558 24.54416 24.56518 24.98273 25.31455 25.37231 25.42787 25.48142 25.40491 25.29644 25.23449 25.06784 24.6846 24.43115 24.26631 24.09783 23.94986 23.94145 23.98257 24.09807 24.25497 24.43243 24.66004 24.93497 25.38017 25.66925 25.78476 25.85429 25.90848 26.02399
26.69496 26.60014 26.6377 26.66503 26.66503 26.63381 26.57606 26.53465 26.49552 26.43777 26.39301 26.37282 26.40052 26.45827 26.46503 26.46503 26.46503 26.42502 26.32971 26.23245 26.13431 26.03888 25.95203 25.89428 25.83652 25.77877 25.78042 25.79709 25.70178 25.60128 25.4886 25.35301 25.19995 25.0614 24.93957 24.93674 24.9705 25.06581 25.10182 25.10465 24.97888 24.86453 24.8617 24.83434 24.77658 24.89442 25.08221 25.20725 25.31455 25.37231 25.41051 25.4307 25.37347 25.29453 25.19922 25.06443 24.84795 24.70181 24.60366 24.47312 24.34537 24.27026 24.27133 24.38683 24.56602 24.77683 25.00656 25.25413 25.56591 25.78476 25.90026 25.94505 25.96624 26.08174
26.76064 26.64573 26.69033 26.72279 26.72279 26.69156 26.63381 26.57606 26.51831 26.46056 26.42278 26.42278 26.46635 26.53727 26.53395 26.52279 26.52279 26.47982 26.37747 26.30582 26.24807 26.14765 26.05535 25.9976 25.93335 25.86244 25.83554 25.81966 25.71731 25.5977 25.4376 25.2775 25.11741 25.00559 24.9172 24.94864 24.9967 25.07273 25.06297 25.00521 24.98337 24.98099 25.0519 25.08298 25.0647 25.20953 25.41934 25.35304 25.31124 25.35583 25.37721 25.37721 25.35242 25.31767 25.22848 25.135 25.03266 24.95682 24.89906 24.79149 24.67944 24.59025 24.57235 24.66154 24.84548 25.07649 25.29517 25.51302 25.73087 25.89403 25.99638 26.04231 26.06942 26.17177
26.87615 26.76111 26.77235 26.78054 26.78054 26.74932 26.69156 26.63381 26.57606 26.51831 26.48054 26.48054 26.5446 26.64886 26.62001 26.58054 26.58054 26.55157 26.48258 26.42132 26.36357 26.29507 26.22861 26.17085 26.09014 25.98588 25.92563 25.87843 25.80944 25.72318 25.59643 25.46969 25.34294 25.26447 25.199 25.16373 25.13265 25.10862 25.06297 25.00521 25.0744 25.16019 25.26445 25.35868 25.44046 25.47069 25.48038 25.37799 25.30283 25.31407 25.31946 25.31946 25.34729 25.37925 25.35677 25.31913 25.25014 25.18782 25.13007 25.02249 24.9192 24.89672 24.8922 24.91469 25.07649 25.3075 25.49494 25.67944 25.86394 25.99374 26.06273 26.14956 26.24233 26.31132
26.99165 26.87658 26.87658 26.87056 26.84845 26.81902 26.78338 26.72985 26.6721 26.61435 26.56893 26.54681 26.59567 26.68906 26.68806 26.67323 26.65112 26.61404 26.55629 26.51376 26.47812 26.40017 26.32528 26.26753 26.19219 26.0988 26.06627 26.05071 25.97085 25.88694 25.79355 25.68761 25.57211 25.46791 25.37055 25.3128 25.23031 25.10622 25.0814 25.11209 25.26018 25.40808 25.50148 25.56524 25.59229 25.54289 25.46302 25.3481 25.26728 25.2894 25.28849 25.26638 25.30727 25.36298 25.38509 25.39559 25.38206 25.36854 25.35501 25.27258 25.18854 25.16643 25.14432 25.1222 25.23966 25.42645 25.60056 25.77835 25.97372 26.10392 26.16167 26.22946 26.3006 26.35835
27.10716 26.99208 26.99208 26.97699 26.92152 26.8948 26.89252 26.84535 26.7876 26.72985 26.67289 26.61743 26.63293 26.69297 26.74695 26.78369 26.72822 26.6718 26.61404 26.59447 26.59218 26.48376 26.38304 26.32528 26.2664 26.20637 26.23261 26.2807 26.16749 26.07017 26.01013 25.91862 25.80311 25.64316 25.48605 25.4283 25.30851 25.08436 25.1092 25.27331 25.49412 25.6909 25.75094 25.73666 25.6303 25.51904 25.40582 25.29035 25.21794 25.2734 25.27113 25.21567 25.24952 25.30714 25.36261 25.41733 25.47051 25.52369 25.57686 25.53236 25.47292 25.41746 25.36199 25.30653 25.36835 25.48843 25.65831 25.84294 26.07166 26.21943 26.27718 26.29547 26.3006 26.35835
27.2455 27.16126 27.1302 27.09187 27.03411 26.99079 26.95972 26.90707 26.84691 26.75809 26.70152 26.7059 26.74307 26.80082 26.83115 26.84975 26.82307 26.78334 26.72559 26.66482 26.60269 26.54894 26.50158 26.47489 26.43287 26.37512 26.38171 26.40595 26.35258 26.28861 26.19979 26.0782 25.93163 25.8147 25.69617 25.51415 25.37178 25.29611 25.36015 25.50234 25.6688 25.81788 25.87563 25.84212 25.69555 25.52676 25.34912 25.29371 25.25269 25.24831 25.21615 25.1584 25.21628 25.30688 25.42677 25.54665 25.66653 25.73103 25.75772 25.68475 25.60001 25.54226 25.49692 25.47023 25.49704 25.55041 25.71606 25.88842 26.05729 26.18826 26.27708 26.27695 26.24648 26.27317
27.38727 27.32285 27.25843 27.19401 27.12959 27.06517 27.00076 26.94173 26.88054 26.77836 26.73383 26.79825 26.85448 26.90556 26.91743 26.92107 26.90774 26.87576 26.818 26.72968 26.62751 26.61671 26.61305 26.61971 26.59787 26.54679 26.52447 26.51155 26.51155 26.479 26.37016 26.22856 26.06197 25.97521 25.88349 25.61473 25.46522 25.51631 25.60443 25.71327 25.81604 25.91029 25.96804 25.92559 25.759 25.56065 25.34964 25.33306 25.30853 25.25078 25.19997 25.15555 25.23204 25.34458 25.51783 25.68674 25.84666 25.91551 25.92217 25.82919 25.72705 25.6693 25.63197 25.6253 25.62309 25.62309 25.77911 25.93523 26.05073 26.16308 26.27192 26.25715 26.2 26.2
27.536 27.43823 27.34046 27.24269 27.14491 27.04714 26.94937 26.88398 26.82795 26.79249 26.80312 26.9009 26.94949 26.96722 27.00463 27.02648 26.94644 26.87576 26.818 26.77559 26.74013 26.7003 26.67831 26.71833 26.72984 26.71211 26.64689 26.5693 26.5693 26.54673 26.47124 26.36299 26.22975 26.09271 25.95169 25.78299 25.6838 25.70153 25.7563 25.83178 25.87086 25.91029 25.96804 25.94049 25.80725 25.68996 25.57901 25.49846 25.42404 25.36629 25.35019 25.37248 25.43674 25.51783 25.69109 25.83826 25.93148 25.99308 26.0331 25.97347 25.90031 25.84256 25.79189 25.75187 25.73859 25.73859 25.86338 25.99298 26.10848 26.20504 26.28052 26.25715 26.2 26.2
27.63064 27.49957 27.38407 27.27282 27.17293 27.06461 26.9491 26.86768 26.8 26.8 26.83996 26.95547 27.0096 27.02522 27.05046 27.0602 26.97594 26.9028 26.84505 26.82705 26.82705 26.78674 26.76358 26.80571 26.83476 26.85038 26.76607 26.65362 26.638 26.61445 26.57232 26.48855 26.37305 26.23538 26.09451 25.96338 25.88697 25.90259 25.92519 25.9517 25.92567 25.90194 25.91283 25.86727 25.75176 25.72224 25.72697 25.62881 25.53954 25.48179 25.49228 25.56566 25.63903 25.71545 25.84184 25.94587 26.00362 26.06137 26.11912 26.07722 26.02152 25.97939 25.9435 25.91699 25.89776 25.88214 25.97469 26.07458 26.17446 26.25439 26.31215 26.2842 26.22705 26.22705
27.66387 27.49957 27.38407 27.28189 27.21536 27.12236 27.00685 26.89845 26.8 26.8 26.83996 26.95547 27.03009 27.07907 27.04931 27.01254 26.99499 26.96056 26.9028 26.8848 26.8848 26.8764 26.87158 26.88035 26.90898 26.95795 26.88157 26.7681 26.71913 26.68218 26.6734 26.60406 26.48855 26.40665 26.32203 26.15756 26.07266 26.12163 26.11342 26.07323 25.98049 25.88411 25.79494 25.69401 25.5785 25.64439 25.78253 25.71936 25.65505 25.59729 25.62515 25.73187 25.8386 25.94071 25.96705 26.00362 26.06137 26.11912 26.17688 26.13497 26.08365 26.07487 26.08567 26.12586 26.10648 26.05751 26.11671 26.18324 26.24977 26.31215 26.3699 26.34195 26.2848 26.2848
27.64813 27.49966 27.40873 27.32015 27.23782 27.13756 27.02205 26.90655 26.8 26.8 26.83146 26.92239 26.99293 27.05069 27.02816 27.00372 27.02829 27.02862 26.99545 26.9851 26.9851 26.96159 26.95362 27.00277 27.05617 27.11392 27.03963 26.92514 26.84282 26.77776 26.75318 26.69095 26.60003 26.51629 26.43216 26.33263 26.28258 26.31576 26.27486 26.19254 26.03531 25.87942 25.76391 25.69232 25.67511 25.77653 25.92521 25.82251 25.74039 25.73178 25.80056 25.94064 26.02256 26.08369 26.05912 26.06137 26.11912 26.16227 26.19545 26.17138 26.14578 26.17035 26.20819 26.26594 26.26294 26.22976 26.25873 26.29695 26.3547 26.38918 26.39778 26.37538 26.34255 26.34255
27.61508 27.49979 27.44203 27.36856 27.25306 27.13756 27.02205 26.90655 26.79999 26.79981 26.81968 26.87743 26.9354 26.9935 27.00046 27.00932 27.0669 27.10023 27.10006 27.1 27.1 27.04492 27.02631 27.14182 27.2289 27.28683 27.21258 27.09708 26.98158 26.88339 26.82582 26.76804 26.71011 26.6042 26.50091 26.50091 26.50085 26.50067 26.42631 26.31046 26.09032 25.88039 25.76524 25.75288 25.86785 25.98308 26.09841 25.93024 25.81547 25.87322 25.99081 26.16354 26.2 26.19669 26.13893 26.11882 26.17657 26.2 26.2 26.2 26.20758 26.26533 26.32315 26.38108 26.40042 26.4006 26.40044 26.41211 26.46969 26.47282 26.41542 26.40048 26.4003 26.40048
27.61508 27.49979 27.44203 27.36856 27.25306 27.13756 27.02205 26.90655 26.7974 26.76387 26.76192 26.81968 26.91863 27.04344 27.08766 27.11978 27.144 27.14398 27.11045 27.1 27.1 27.07682 27.08406 27.19957 27.30312 27.3944 27.32809 27.21258 27.09708 27.00887 26.98465 26.92237 26.83109 26.74759 26.67417 26.67417 26.66167 26.62814 26.49904 26.31648 26.18135 26.06553 26.01709 25.99694 26.01186 26.07473 26.15671 26.0536 25.98872 26.04647 26.11199 26.18466 26.2 26.19669 26.13893 26.11882 26.17657 26.2 26.2 26.2 26.20758 26.26533 26.33648 26.42776 26.48046 26.51399 26.48471 26.46302 26.48725 26.50441 26.51371 26.49124 26.4584 26.49193
27.62179 27.51556 27.44868 27.36856 27.25306 27.13756 27.02205 26.90655 26.79694 26.75744 26.74844 26.79706 26.91105 27.06604 27.14324 27.2 27.2 27.17959 27.13097 27.11581 27.11581 27.11581 27.14387 27.26851 27.37511 27.46323 27.40312 27.29731 27.20919 27.14469 27.13556 27.06607 26.95057 26.87571 26.81581 26.81581 26.79428 26.73652 26.58523 26.38161 26.30239 26.24905 26.25818 26.23744 26.17969 26.19147 26.23097 26.17481 26.14387 26.19249 26.22056 26.22969 26.22441 26.21249 26.15474 26.13165 26.18027 26.2 26.2 26.21575 26.238 26.28662 26.36562 26.49025 26.5702 26.62795 26.58608 26.54555 26.53642 26.55896 26.61671 26.60231 26.56374 26.61236
27.64631 27.57319 27.47295 27.36856 27.25306 27.13756 27.02205 26.90655 26.80211 26.82932 26.8524 26.86767 26.92781 27.0161 27.11494 27.2 27.2 27.19359 27.17832 27.17356 27.17356 27.17356 27.20914 27.36712 27.44122 27.42928 27.37079 27.30036 27.31231 27.30798 27.2655 27.18158 27.06607 26.96333 26.87356 26.87356 26.85203 26.79428 26.70715 26.60359 26.50305 26.42825 26.47073 26.46844 26.41069 26.37478 26.34757 26.29032 26.25097 26.26624 26.29567 26.33815 26.3136 26.27024 26.21249 26.17854 26.19381 26.2 26.2 26.2733 26.34912 26.36439 26.4367 26.59469 26.68571 26.74346 26.73282 26.71197 26.66949 26.67447 26.73222 26.76731 26.7944 26.80967
