tests/testthat/test_data/rstack/sep_prec.asc
ncols         147
nrows         127
xllcorner     -90.06084375
yllcorner     23.864697408444
cellsize      0.096253424
NODATA_value  -9999
[rows 0 to 34 of 127, columns 0 to 78 of 147]
86 86 86 87 89 89 90 90 91 92 93 93 95 96 97 98 99 100 101 101 102 102 102 102 103 103 104 104 104 104 103 102 101 101 100 100 103 108 112 115 115 115 115 115 115 115 115 116 116 117 118 117 117 116 116 116 116 116 116 115 114 110 106 103 100 99 99 99 99 98 98 97 96 95 94 94 97 102 104
85 85 86 87 89 90 91 92 93 93 94 95 96 98 98 99 99 100 101 101 102 102 102 103 103 104 104 105 105 105 105 104 103 103 102 103 106 112 116 118 117 117 116 116 115 115 115 116 116 117 116 115 115 116 116 116 115 114 114 113 112 108 104 101 99 99 99 100 100 100 100 99 98 96 95 95 99 106 109
86 86 87 89 91 92 93 94 94 95 96 96 98 99 99 100 100 101 101 102 102 102 102 103 103 104 104 105 105 105 105 105 105 105 105 107 109 114 117 118 118 117 117 116 115 115 115 116 117 117 117 115 116 116 116 115 114 114 113 112 111 107 103 101 101 102 103 104 104 105 107 106 103 103 102 98 99 104 110
86 87 89 91 93 95 96 96 96 97 97 98 99 100 100 101 102 102 102 102 102 103 103 103 103 104 104 105 106 106 106 106 107 107 108 110 112 115 117 118 118 118 117 116 115 115 116 117 117 118 117 116 116 117 115 114 114 114 113 112 110 106 103 102 103 107 108 109 110 113 118 115 110 112 111 103 99 100 110
88 89 92 95 97 98 98 98 98 99 99 99 100 102 102 102 102 103 103 103 103 103 103 103 103 104 105 106 106 107 107 108 109 109 110 111 113 115 117 117 118 118 117 117 116 117 118 119 119 119 118 118 117 116 115 115 115 115 114 113 111 109 109 111 116 121 124 128 130 132 132 128 123 118 113 108 106 107 114
89 91 95 98 100 101 100 100 100 101 101 101 102 103 103 103 103 103 103 103 103 103 103 103 104 105 106 106 107 107 108 109 110 111 111 113 114 115 116 117 118 118 118 118 118 119 120 121 121 120 119 119 118 116 116 115 116 116 115 114 113 113 115 121 127 132 137 141 145 145 141 138 135 126 118 116 114 114 119
90 92 95 98 100 101 101 102 102 103 103 104 104 104 104 104 104 104 104 103 103 103 103 103 104 105 106 107 108 109 109 110 111 112 113 114 115 116 116 117 118 118 119 120 121 122 122 122 122 121 121 119 118 117 117 116 117 117 116 116 117 122 126 130 133 135 137 138 139 139 137 140 144 139 135 130 125 121 124
91 92 95 97 100 101 102 103 103 104 105 105 106 106 106 106 105 105 104 104 103 103 103 103 104 105 106 107 108 109 110 111 112 113 114 115 116 116 117 118 118 119 120 122 123 124 124 123 123 123 122 120 119 118 118 118 118 118 119 120 123 131 136 138 140 141 142 142 141 140 140 144 150 149 145 138 132 127 129
91 93 95 97 99 101 102 103 104 105 106 107 107 107 107 107 106 106 105 104 104 103 103 104 104 106 107 108 109 110 111 112 113 114 115 116 117 118 118 119 119 120 122 123 124 125 125 124 124 124 123 120 120 120 119 119 119 121 123 126 130 138 144 146 148 149 152 153 149 148 150 151 152 153 151 139 133 132 133
91 93 95 97 99 100 102 103 104 105 106 107 107 107 107 107 107 107 106 105 104 104 104 104 105 106 107 108 110 111 112 112 113 115 116 117 118 119 120 121 122 123 124 125 126 126 125 125 125 124 123 121 121 121 121 121 122 124 127 130 134 139 143 146 149 153 158 161 156 156 160 160 159 154 148 140 135 132 130
91 93 95 96 98 100 102 103 104 105 106 107 107 108 108 108 108 108 106 106 105 105 105 105 105 106 107 109 110 111 113 113 114 115 117 118 119 121 122 123 125 126 127 127 127 126 125 126 126 124 123 122 122 122 122 123 125 128 131 134 136 137 139 143 149 157 163 168 164 164 170 169 166 152 142 139 135 130 126
92 93 95 96 98 100 101 103 104 105 106 107 107 108 108 108 108 108 107 106 106 105 105 105 105 106 108 110 111 112 113 114 115 116 118 119 121 122 124 126 127 128 128 128 128 128 127 127 127 125 124 124 124 123 124 126 131 134 135 136 138 140 142 146 152 158 163 166 165 164 165 160 153 140 131 129 127 124 122
92 93 95 97 98 100 101 103 104 105 106 107 107 108 108 108 108 107 107 106 106 106 105 105 106 107 109 110 111 113 114 115 116 117 118 120 122 124 126 128 130 130 130 129 129 129 129 129 128 126 125 125 125 124 125 127 134 137 137 139 140 143 146 150 154 159 161 163 164 162 158 150 142 131 122 121 120 120 120
93 95 96 98 99 100 102 103 104 105 106 107 107 107 106 106 106 106 106 106 106 106 106 106 107 108 110 111 112 113 115 116 117 118 119 121 123 125 127 130 131 132 131 131 131 131 131 130 130 128 127 127 125 124 125 127 133 136 138 141 144 147 150 153 156 158 158 158 158 154 147 141 135 126 119 118 118 119 119
95 96 97 99 100 101 102 103 104 105 106 107 106 106 106 105 106 106 106 106 106 107 107 107 108 109 111 112 113 114 116 117 118 119 120 122 124 126 128 131 132 133 132 132 132 132 131 131 131 129 128 127 126 124 125 126 130 134 137 141 145 147 149 150 151 153 152 150 149 145 137 132 128 122 117 116 117 119 118
96 97 99 100 101 102 103 104 105 106 106 106 106 106 105 104 105 105 106 106 107 107 108 108 109 111 112 113 115 116 117 118 120 120 121 123 125 127 129 131 132 132 133 133 133 133 132 131 131 129 129 128 126 124 124 124 127 131 135 139 143 143 144 143 144 144 143 141 138 133 126 123 122 118 115 115 116 119 118
97 98 100 101 102 103 104 105 106 106 106 106 106 106 105 105 105 105 106 106 107 108 109 110 111 112 113 114 116 117 119 120 122 123 124 126 127 129 130 130 131 132 132 132 132 131 131 130 129 129 128 127 125 123 122 123 125 128 131 134 137 137 137 137 137 138 136 133 130 126 121 119 118 116 114 114 115 116 115
98 100 101 101 102 104 105 105 106 106 106 107 107 106 106 105 105 105 106 106 107 108 109 110 112 113 114 115 117 119 120 122 124 126 127 128 129 130 130 130 131 132 132 131 130 129 129 127 127 127 127 125 123 122 121 121 124 125 126 128 130 130 131 131 131 131 129 126 122 119 117 116 116 114 113 113 113 113 113
99 101 101 102 102 103 104 105 106 107 107 108 107 107 106 106 105 105 105 106 107 108 109 110 112 113 114 116 117 119 122 124 127 128 130 130 130 130 130 130 130 130 129 128 128 126 125 124 124 124 123 121 120 119 119 119 121 122 122 124 125 126 127 127 127 126 123 120 118 115 114 113 113 111 110 109 109 109 109
99 101 101 102 102 103 104 105 106 107 108 108 108 107 106 106 105 105 105 106 107 108 109 110 111 112 114 116 118 120 123 125 128 130 131 131 130 129 129 129 129 128 127 126 125 123 122 121 121 120 119 117 117 117 117 117 117 118 119 120 121 122 123 123 122 120 118 115 114 112 110 110 109 108 107 106 106 106 105
98 100 101 102 102 103 104 105 106 107 108 109 108 107 106 106 105 105 105 105 106 107 108 109 110 112 114 115 117 119 122 125 127 128 129 129 129 128 128 128 127 125 124 123 121 120 119 119 119 117 116 115 114 114 113 113 114 115 115 116 117 118 118 119 117 116 114 112 110 109 107 106 105 105 104 103 103 102 102
98 100 101 102 102 103 104 105 106 107 108 108 108 107 107 106 105 105 104 105 105 106 106 108 109 110 112 114 116 118 120 123 125 126 127 127 128 128 127 126 124 123 121 120 119 118 117 117 117 116 114 113 113 112 111 111 111 111 112 113 114 114 114 115 114 112 110 109 107 105 104 103 102 102 101 101 100 99 99
98 100 101 102 103 103 104 105 106 107 107 108 108 108 107 106 105 104 103 103 104 105 105 106 108 109 110 112 114 116 118 120 122 124 125 125 126 127 126 124 122 120 119 118 117 117 116 116 116 114 113 112 112 111 110 109 108 108 108 109 110 110 110 111 110 108 107 106 103 102 101 101 100 100 99 98 98 96 96
97 99 101 102 103 103 104 105 106 106 107 107 107 107 106 106 104 103 102 102 103 103 104 105 106 108 109 110 112 114 116 118 120 121 122 124 124 124 123 122 120 118 117 116 115 115 115 114 114 112 112 111 110 109 108 107 106 105 106 107 107 107 107 107 106 105 104 103 101 100 100 99 99 98 98 97 96 96 95
95 98 100 102 103 103 104 105 106 106 106 106 106 106 106 105 104 102 101 101 102 102 103 103 105 106 108 109 110 112 114 116 118 119 120 122 123 122 121 120 118 116 115 114 114 114 114 112 112 111 110 110 108 106 105 104 103 103 103 104 104 104 103 103 103 102 101 100 99 98 98 98 98 97 97 96 95 95 95
93 96 99 101 102 103 104 105 105 106 106 105 105 105 104 104 101 100 100 100 101 101 102 102 103 105 106 108 109 110 112 114 117 118 119 120 121 121 120 118 117 115 114 112 111 111 111 110 110 109 108 107 105 103 101 100 100 101 101 101 101 101 100 100 100 100 99 98 97 97 97 97 98 97 97 97 96 96 96
92 94 97 100 101 102 103 104 105 106 106 105 104 104 103 102 100 99 99 100 100 100 101 101 102 103 104 106 108 109 111 113 115 116 118 119 119 119 118 117 116 115 113 112 111 110 110 109 108 108 106 104 102 101 98 97 98 98 99 99 99 99 98 97 97 97 97 96 96 96 96 96 97 97 97 98 97 97 96
91 93 96 98 100 101 103 104 105 106 106 105 104 104 103 102 100 99 100 100 100 100 100 100 100 101 102 105 106 108 110 112 114 115 116 118 118 118 117 116 116 116 114 113 113 111 109 108 107 107 105 102 100 98 95 94 95 96 97 97 97 97 96 95 95 95 95 95 95 95 95 96 96 97 98 99 99 99 97
90 93 95 97 99 101 103 104 105 106 106 105 104 104 103 102 101 100 101 101 101 101 100 100 99 99 101 103 105 107 109 111 113 114 116 117 117 117 117 116 116 116 115 114 113 111 109 108 107 105 103 101 99 96 95 94 94 95 95 96 96 96 95 94 93 94 94 94 94 94 95 95 96 97 98 99 99 99 97
90 92 94 96 98 100 103 104 105 106 106 105 104 103 102 102 102 102 102 102 102 101 101 99 98 97 99 102 104 107 108 110 112 113 115 116 117 117 117 116 117 117 116 115 113 110 108 107 106 104 102 99 98 96 95 94 94 94 95 95 96 95 94 92 92 92 93 93 93 93 94 94 95 96 97 98 98 98 97
89 91 93 95 97 100 102 104 105 106 106 105 104 103 102 102 103 103 104 104 104 103 102 101 99 98 100 102 104 106 107 109 111 113 115 116 118 118 117 117 117 117 115 114 112 110 107 107 105 103 101 99 98 97 96 96 95 95 95 95 95 94 93 92 91 91 91 92 92 93 93 94 94 95 96 96 97 96 96
88 90 92 94 97 99 101 103 105 106 106 105 104 103 102 102 103 105 106 107 107 106 104 102 101 100 101 103 104 105 107 108 109 112 114 117 118 118 118 118 117 116 114 112 111 109 107 106 105 103 101 100 98 97 98 97 96 96 95 95 95 94 93 91 90 90 90 91 92 92 92 93 94 94 94 95 96 95 94
86 88 91 93 95 98 100 102 103 104 104 104 103 102 102 102 103 105 108 110 110 108 106 104 103 103 103 104 105 105 107 108 108 110 112 117 120 118 118 117 117 116 114 112 111 109 108 107 105 104 102 100 99 99 100 100 98 97 97 96 95 94 92 91 90 89 90 90 91 92 91 91 92 93 94 95 95 94 94
85 86 89 92 95 97 99 100 101 102 102 102 102 101 100 100 102 105 109 110 112 110 108 106 105 105 105 105 105 106 107 107 108 109 110 115 117 117 117 116 116 115 113 111 110 109 108 107 106 104 102 100 100 100 101 101 100 99 97 96 95 93 92 91 89 89 89 90 91 92 91 91 91 92 93 94 94 94 94
84 85 89 92 94 96 98 99 100 100 100 100 100 99 98 99 101 104 108 110 111 110 109 107 107 107 106 106 106 106 107 107 107 107 108 110 112 114 115 115 115 114 113 111 110 109 108 107 106 104 102 100 100 101 102 102 102 100 97 95 94 93 92 90 89 88 89 89 91 92 92 92 92 92 92 93 93 94 94
