tests/testthat/test_data/rstack/sep_prec.asc
ncols         147
nrows         127
xllcorner     -90.06084375
yllcorner     23.864697408444
cellsize      0.096253424
NODATA_value  -9999
[rows 35 to 69 of 127, columns 0 to 78 of 147]
83 85 88 92 94 96 97 98 100 100 99 99 98 97 96 96 98 102 105 108 109 109 108 107 107 107 107 106 106 107 107 107 107 108 108 110 111 113 114 114 114 113 112 111 110 109 108 107 106 104 102 100 100 100 101 102 102 101 98 96 95 93 92 92 91 90 90 91 92 93 93 92 92 92 92 92 93 93 94
83 85 89 92 94 96 97 98 99 99 99 98 97 95 94 93 96 99 103 105 107 107 107 106 106 106 106 107 107 107 107 107 108 109 109 110 112 113 114 113 113 113 112 110 109 108 107 106 106 104 102 100 100 99 100 101 102 101 100 98 96 94 93 93 93 92 93 93 94 94 93 93 92 91 91 92 92 93 94
87 88 91 93 95 97 97 98 99 99 99 98 97 96 95 94 97 99 102 104 106 106 106 107 107 107 107 107 107 108 108 108 109 109 110 112 113 114 114 114 113 112 111 110 109 108 107 106 105 104 102 100 100 99 100 101 102 101 100 98 96 95 94 94 94 94 94 94 95 94 93 92 91 91 91 92 93 93 95
90 91 93 95 97 98 98 99 99 99 99 98 97 97 96 96 98 99 102 103 105 106 106 107 107 107 107 107 108 108 108 109 109 110 112 113 114 115 115 114 113 112 111 110 108 108 107 106 105 104 102 101 100 99 100 101 102 101 100 99 97 96 95 95 95 95 96 96 95 95 93 92 91 91 91 92 93 94 95
93 94 95 97 98 99 99 100 100 100 100 99 98 98 98 98 100 101 102 104 105 106 106 107 107 108 108 108 108 109 109 110 111 112 113 114 115 116 115 114 113 112 111 110 109 108 108 107 105 104 103 102 101 100 100 101 102 102 101 100 98 97 96 96 96 97 97 97 97 95 93 92 91 91 91 92 93 94 95
94 95 97 98 99 100 100 101 101 101 101 100 100 100 100 101 102 102 103 104 105 106 106 107 108 108 108 109 109 110 111 112 113 113 114 115 115 116 115 114 113 112 111 111 110 110 109 107 106 104 103 102 102 101 101 102 102 102 101 100 99 98 97 97 97 97 98 97 97 95 93 92 91 91 92 92 93 94 96
94 96 97 98 99 100 101 101 102 102 103 102 101 101 102 103 103 104 105 105 106 106 107 108 108 108 109 110 110 111 112 113 114 114 115 115 115 115 114 113 113 112 112 112 112 111 110 108 106 105 104 103 102 102 102 103 102 102 101 100 100 99 98 97 97 98 97 97 96 94 92 92 91 92 92 93 94 95 97
95 97 98 99 100 101 102 102 103 104 104 104 104 103 104 105 105 106 107 107 108 108 109 109 109 109 110 111 112 113 114 115 115 116 117 116 116 115 114 113 112 111 111 111 112 112 111 110 108 106 105 104 103 103 103 103 103 102 102 101 100 100 99 98 98 98 97 97 96 94 92 92 92 92 93 93 94 96 98
97 98 99 100 101 102 103 104 104 105 106 106 106 105 106 107 107 108 109 110 110 110 110 111 111 111 112 112 114 115 116 117 117 118 118 118 117 116 114 113 112 111 110 111 113 113 112 111 110 108 106 105 104 104 103 103 103 103 102 102 101 101 100 99 98 98 98 97 96 94 93 92 92 93 93 94 95 97 99
99 101 101 101 102 102 103 104 105 107 108 108 108 108 109 109 110 111 112 112 113 113 113 114 114 114 115 115 116 117 118 119 120 120 120 119 119 117 116 114 113 111 111 111 113 113 113 112 111 109 107 106 105 104 104 104 104 104 103 103 102 102 101 100 100 99 98 97 96 95 94 93 93 94 94 95 97 98 100
101 103 102 102 102 102 103 104 106 108 109 110 110 110 111 113 114 115 116 116 116 116 117 117 117 117 118 118 119 120 121 121 122 122 122 121 121 120 118 117 115 113 112 112 114 114 114 113 112 111 109 107 105 104 104 104 104 104 104 104 104 103 103 102 101 101 99 97 96 95 95 94 94 95 95 97 98 99 101
104 104 104 103 102 102 103 104 106 108 110 112 113 114 115 116 118 119 120 120 120 120 121 121 121 121 121 122 123 123 124 124 124 124 124 124 123 122 121 120 118 117 116 116 117 117 116 115 114 112 110 107 106 105 105 105 105 105 106 106 105 105 105 104 103 102 100 98 96 96 96 96 96 96 97 98 99 100 103
106 105 104 103 102 102 102 103 105 108 111 113 115 118 119 120 122 123 124 124 124 125 125 125 125 125 125 126 126 126 127 127 127 127 127 127 126 126 125 124 122 121 121 121 121 120 119 118 116 114 112 108 107 105 105 105 106 106 107 108 108 109 108 107 106 103 101 99 97 97 97 97 97 98 98 99 101 102 104
107 106 105 104 103 102 101 102 103 107 111 115 118 121 123 125 127 128 129 129 129 129 129 129 129 129 129 130 130 130 130 130 130 130 130 130 130 129 128 128 127 126 126 126 125 124 123 121 118 116 113 110 108 106 106 106 107 108 109 110 111 112 112 110 108 105 102 100 99 98 98 98 98 99 100 101 102 104 105
108 107 105 104 103 102 102 103 104 109 113 117 121 125 128 130 132 133 133 133 133 133 133 133 133 133 133 133 133 133 133 133 133 133 133 134 134 133 133 132 131 130 130 130 130 128 127 124 122 119 115 112 110 108 108 108 109 110 111 112 113 114 114 112 110 107 105 102 101 100 100 100 100 101 102 103 105 106 107
109 107 105 104 103 103 103 104 106 111 116 120 125 129 132 135 136 137 138 138 138 137 137 137 137 137 137 137 136 136 136 136 137 137 137 138 138 137 137 136 135 135 135 134 134 132 131 128 125 121 118 115 112 111 110 110 111 112 112 114 115 116 116 114 112 110 107 104 103 102 102 102 103 104 105 106 107 109 110
110 108 106 105 104 104 105 107 110 115 120 124 129 133 136 139 141 142 142 143 143 142 142 142 141 141 141 140 140 139 139 139 141 141 142 142 142 142 141 141 140 139 138 138 137 135 134 131 128 125 122 119 116 114 113 113 113 114 115 116 118 118 118 116 114 111 108 106 105 104 104 105 106 107 108 109 110 112 114
112 110 108 106 105 105 107 110 114 119 124 129 133 137 140 143 145 146 147 147 148 147 147 146 146 145 144 144 143 143 143 143 145 146 147 147 147 147 146 145 144 143 142 141 140 138 137 134 132 129 126 123 120 118 117 116 115 116 118 119 121 121 121 119 117 113 110 108 107 106 106 107 108 110 111 112 114 116 119
114 112 110 107 106 107 109 113 118 124 129 133 137 141 144 146 148 150 151 152 153 152 152 151 150 149 148 147 147 146 147 148 150 151 152 152 152 151 150 149 148 147 146 145 144 142 140 138 135 132 130 127 125 123 121 119 119 119 121 123 124 124 124 123 120 116 112 109 109 109 109 110 111 113 115 116 118 120 124
117 115 113 110 109 110 113 118 123 129 134 139 142 145 147 149 151 153 155 157 158 157 156 155 154 153 152 150 150 150 152 153 155 156 157 158 158 156 155 154 152 151 150 148 147 145 144 142 139 137 135 132 130 128 125 123 123 124 126 127 128 128 127 126 122 118 114 111 111 112 112 114 115 116 118 120 122 125 128
120 118 116 114 112 113 117 122 129 134 140 144 147 149 150 151 153 155 158 161 163 162 161 159 158 156 155 153 152 153 156 158 160 162 163 163 163 162 160 158 157 156 154 152 151 149 147 145 144 142 140 138 135 133 130 128 128 129 131 132 132 131 130 128 124 120 116 113 114 115 116 117 118 120 122 124 126 129 132
124 122 120 119 118 119 122 128 134 140 146 151 153 154 153 152 153 156 160 163 167 165 164 162 161 160 158 156 154 153 156 160 163 166 169 169 169 167 165 163 161 159 158 156 154 153 151 150 148 147 146 144 142 140 138 136 136 136 137 137 137 136 134 132 129 125 122 120 119 119 120 120 122 123 125 128 130 133 136
127 125 124 123 124 125 128 133 139 145 151 157 159 158 156 153 153 155 160 165 169 168 166 165 164 163 162 159 156 155 158 161 166 171 174 175 175 173 170 167 165 163 161 159 158 156 155 154 153 152 151 150 149 147 145 144 143 144 144 143 142 141 138 136 133 130 127 125 125 124 123 124 125 127 129 131 134 136 140
130 129 128 128 129 130 133 137 143 150 157 165 166 162 158 154 152 153 159 163 168 168 168 167 167 167 166 165 161 159 160 164 170 175 179 180 180 177 174 171 168 166 164 163 161 160 159 158 157 157 157 156 155 154 153 152 151 151 151 150 148 146 143 141 138 134 132 130 129 128 127 128 129 130 132 134 137 139 143
132 132 132 132 133 135 137 140 145 151 159 168 169 164 158 154 151 152 158 163 167 168 169 169 169 170 169 167 163 160 162 165 171 176 181 182 182 179 176 172 170 168 167 166 164 162 161 161 161 161 162 162 161 161 159 158 158 157 157 155 153 150 147 145 142 139 136 134 133 132 131 132 132 134 135 137 140 142 145
-9999 135 135 136 137 139 141 142 -9999 -9999 -9999 -9999 -9999 -9999 -9999 -9999 -9999 -9999 -9999 -9999 -9999 -9999 -9999 -9999 -9999 -9999 -9999 -9999 -9999 -9999 -9999 -9999 -9999 -9999 -9999 -9999 -9999 -9999 -9999 -9999 -9999 -9999 -9999 169 166 165 164 164 165 166 167 167 167 167 166 165 164 163 162 160 158 154 151 148 146 143 141 139 137 136 135 135 135 137 138 140 142 144 147
-9999 138 139 139 -9999 -9999 -9999 -9999 -9999 -9999 -9999 -9999 -9999 -9999 -9999 -9999 -9999 -9999 -9999 -9999 -9999 -9999 -9999 -9999 -9999 -9999 -9999 -9999 -9999 -9999 -9999 -9999 -9999 -9999 -9999 -9999 -9999 -9999 -9999 -9999 -9999 -9999 -9999 -9999 -9999 -9999 166 167 169 170 171 173 173 173 172 171 170 168 167 164 162 158 155 152 150 147 145 143 141 140 139 139 138 139 140 141 143 145 147
-9999 141 142 143 -9999 -9999 -9999 -9999 -9999 -9999 -9999 -9999 -9999 -9999 -9999 -9999 -9999 -9999 -9999 -9999 -9999 -9999 -9999 -9999 -9999 -9999 -9999 -9999 -9999 -9999 -9999 -9999 -9999 -9999 -9999 -9999 -9999 -9999 -9999 -9999 -9999 -9999 -9999 -9999 -9999 -9999 -9999 -9999 -9999 175 177 178 179 179 178 177 175 173 171 -9999 -9999 -9999 -9999 -9999 -9999 151 148 146 145 144 143 142 141 141 141 143 144 145 147
144 144 145 147 149 151 153 155 -9999 -9999 -9999 -9999 -9999 -9999 -9999 -9999 -9999 -9999 -9999 -9999 -9999 -9999 -9999 -9999 -9999 -9999 -9999 -9999 -9999 -9999 -9999 -9999 -9999 -9999 -9999 -9999 -9999 -9999 -9999 -9999 -9999 -9999 -9999 -9999 -9999 -9999 -9999 -9999 -9999 180 182 184 185 185 184 182 180 178 175 -9999 -9999 -9999 -9999 -9999 -9999 154 152 149 148 146 145 144 144 143 143 143 144 145 146
146 147 148 149 -9999 -9999 -9999 -9999 -9999 -9999 -9999 -9999 -9999 -9999 -9999 -9999 -9999 -9999 -9999 -9999 -9999 -9999 -9999 -9999 -9999 -9999 -9999 -9999 -9999 -9999 -9999 -9999 -9999 -9999 -9999 -9999 -9999 -9999 -9999 -9999 -9999 -9999 -9999 -9999 -9999 -9999 -9999 -9999 -9999 186 188 190 -9999 -9999 -9999 -9999 -9999 -9999 -9999 -9999 -9999 -9999 -9999 -9999 -9999 -9999 -9999 152 150 148 147 146 145 145 144 144 144 145 146
150 151 151 152 -9999 -9999 -9999 -9999 -9999 -9999 -9999 -9999 -9999 -9999 -9999 -9999 -9999 -9999 -9999 -9999 -9999 -9999 -9999 -9999 -9999 -9999 -9999 -9999 -9999 -9999 -9999 -9999 -9999 -9999 -9999 -9999 -9999 -9999 -9999 -9999 -9999 -9999 -9999 -9999 -9999 -9999 -9999 -9999 -9999 191 193 195 -9999 -9999 -9999 -9999 -9999 -9999 -9999 -9999 -9999 -9999 -9999 -9999 -9999 -9999 -9999 155 152 151 149 148 147 146 145 145 145 144 145
152 153 154 154 -9999 -9999 -9999 -9999 -9999 -9999 -9999 -9999 -9999 -9999 -9999 -9999 -9999 -9999 -9999 -9999 -9999 -9999 -9999 -9999 -9999 -9999 -9999 -9999 -9999 -9999 -9999 -9999 -9999 -9999 -9999 -9999 -9999 -9999 -9999 -9999 -9999 -9999 -9999 -9999 -9999 -9999 -9999 -9999 -9999 194 195 198 -9999 -9999 -9999 -9999 -9999 -9999 -9999 -9999 -9999 -9999 -9999 -9999 -9999 -9999 -9999 156 154 153 151 150 148 147 146 146 145 144 144
154 155 155 156 -9999 -9999 -9999 -9999 -9999 -9999 -9999 -9999 -9999 -9999 -9999 -9999 -9999 -9999 -9999 -9999 -9999 -9999 -9999 -9999 -9999 -9999 -9999 -9999 -9999 -9999 -9999 -9999 -9999 -9999 -9999 -9999 -9999 -9999 -9999 -9999 -9999 -9999 -9999 -9999 -9999 -9999 -9999 -9999 -9999 -9999 -9999 -9999 -9999 -9999 -9999 -9999 -9999 -9999 -9999 -9999 -9999 -9999 -9999 -9999 -9999 -9999 -9999 -9999 -9999 155 152 151 150 148 147 146 145 144 144
155 156 157 157 -9999 -9999 -9999 -9999 -9999 -9999 -9999 -9999 -9999 -9999 -9999 -9999 -9999 -9999 -9999 -9999 -9999 -9999 -9999 -9999 -9999 -9999 -9999 -9999 -9999 -9999 -9999 -9999 -9999 -9999 -9999 -9999 -9999 -9999 -9999 -9999 -9999 -9999 -9999 -9999 -9999 -9999 -9999 -9999 -9999 -9999 -9999 -9999 -9999 -9999 -9999 -9999 -9999 -9999 -9999 -9999 -9999 -9999 -9999 -9999 -9999 -9999 -9999 -9999 -9999 -9999 153 152 151 149 148 147 146 145 144
156 157 158 158 -9999 -9999 -9999 -9999 -9999 -9999 -9999 -9999 -9999 -9999 -9999 -9999 -9999 -9999 -9999 -9999 -9999 -9999 -9999 -9999 -9999 -9999 -9999 -9999 -9999 -9999 -9999 -9999 -9999 -9999 -9999 -9999 -9999 -9999 -9999 -9999 -9999 -9999 -9999 -9999 -9999 -9999 -9999 -9999 -9999 -9999 -9999 -9999 -9999 -9999 -9999 -9999 -9999 -9999 -9999 -9999 -9999 -9999 -9999 -9999 -9999 -9999 -9999 -9999 -9999 -9999 154 153 151 150 149 148 146 145 145
