tests/testthat/test_data/rstack/sep_temp.asc
ncols         147
nrows         127
xllcorner     -90.06084375
yllcorner     23.864697408444
cellsize      0.096253424
NODATA_value  -9999
[rows 33 to 65 of 127, columns 0 to 73 of 147]
27.65754 27.59951 27.46592 27.34217 27.24475 27.13756 27.02205 26.93581 26.8657 26.90537 26.93131 26.93131 26.97791 27.05374 27.14864 27.23405 27.25213 27.25503 27.23695 27.23131 27.23131 27.24861 27.29349 27.43058 27.48042 27.44075 27.3873 27.33363 27.40946 27.43995 27.36411 27.28629 27.20695 27.08227 26.96074 26.94265 26.93001 26.9265 26.88821 26.83046 26.72017 26.63554 26.69329 26.69138 26.61554 26.53971 26.46387 26.40582 26.36718 26.38526 26.4334 26.50924 26.47968 26.42193 26.36418 26.31936 26.30127 26.30468 26.32277 26.4249 26.52525 26.52525 26.58004 26.71713 26.81329 26.88913 26.91087 26.90599 26.81207 26.78997 26.84772 26.89206 26.93131 26.93131
27.65754 27.59938 27.43244 27.2935 27.22943 27.13756 27.02205 26.98978 26.97862 26.98493 26.98906 26.98906 27.05615 27.16534 27.23469 27.29685 27.34828 27.35653 27.3051 27.28906 27.28906 27.33827 27.39398 27.46436 27.49688 27.49057 27.44505 27.3924 27.50159 27.54548 27.43629 27.3819 27.36926 27.22764 27.07276 27.02132 27.02506 27.12162 27.11922 27.06147 26.95118 26.86655 26.9243 26.90749 26.7983 26.68911 26.57992 26.52132 26.49109 26.54253 26.62402 26.73321 26.71069 26.65294 26.59519 26.5395 26.48806 26.49776 26.5492 26.65591 26.75625 26.75625 26.78439 26.85477 26.95108 27.06027 27.11537 27.12332 26.9627 26.90547 26.96322 26.98281 26.98906 26.98906
27.63766 27.55264 27.40642 27.27692 27.19213 27.11997 27.05854 27.02494 27 27 27.01871 27.07278 27.14799 27.23646 27.32168 27.39828 27.429 27.43392 27.40321 27.39363 27.39363 27.42302 27.45982 27.51757 27.56016 27.5872 27.54962 27.49633 27.5848 27.62845 27.56702 27.50976 27.45569 27.36979 27.28123 27.22348 27.21017 27.2716 27.32595 27.37635 27.25122 27.13473 27.13841 27.10093 27.01247 26.90466 26.78916 26.73046 26.70182 26.75957 26.87552 27.0451 27.05666 27.02284 26.93806 26.84446 26.73263 26.67338 26.65002 26.72314 26.81064 26.89175 26.94192 26.94559 27.00592 27.09439 27.15409 27.17556 27.05638 26.99537 26.99905 27.02006 27.0471 27.07413
27.62421 27.50869 27.38791 27.26856 27.15306 27.1 27.1 27.05541 27.00477 27.00741 27.04819 27.16105 27.23843 27.29354 27.39965 27.49623 27.50151 27.50346 27.50082 27.50182 27.50445 27.50457 27.51698 27.57209 27.62851 27.68626 27.658 27.60625 27.66137 27.70079 27.70343 27.64202 27.53179 27.5137 27.50795 27.45284 27.41925 27.42189 27.53056 27.69854 27.55849 27.40798 27.35023 27.2913 27.23091 27.13299 27.02012 26.96147 26.93349 26.99388 27.14033 27.36606 27.41578 27.41164 27.29614 27.1601 26.98156 26.84206 26.72919 26.76353 26.83609 27.00671 27.08605 27.0283 27.04596 27.10107 27.15866 27.19273 27.13497 27.07847 27.02336 27.05198 27.10974 27.16749
27.73972 27.62395 27.43646 27.26856 27.15306 27.1 27.1 27.08239 27.06511 27.1011 27.15215 27.23166 27.27569 27.29745 27.3702 27.44857 27.52056 27.54721 27.51122 27.52477 27.56076 27.56232 27.56722 27.58898 27.62851 27.68626 27.68342 27.66298 27.68475 27.71076 27.74675 27.73762 27.6941 27.68696 27.68469 27.66293 27.6627 27.69869 27.77654 27.87782 27.76208 27.63899 27.58123 27.50741 27.41367 27.3301 27.25058 27.19247 27.1729 27.26665 27.39437 27.55339 27.61535 27.64265 27.52715 27.36937 27.12413 26.97738 26.89787 26.93678 27.00497 27.14223 27.20156 27.1438 27.13918 27.16094 27.21641 27.25048 27.19273 27.15202 27.13025 27.16749 27.22524 27.28299
27.8181 27.67916 27.47133 27.28864 27.17313 27.11381 27.10221 27.10938 27.12545 27.19479 27.25611 27.30227 27.32007 27.32007 27.36083 27.41573 27.51964 27.57028 27.54731 27.56394 27.59851 27.61109 27.62007 27.62007 27.64286 27.68902 27.70883 27.72007 27.72007 27.73387 27.78003 27.79342 27.78183 27.78962 27.8 27.8 27.82153 27.87928 27.92217 27.95674 27.86532 27.76964 27.71189 27.62834 27.51283 27.43863 27.38088 27.34593 27.34918 27.46469 27.57416 27.67807 27.73642 27.7733 27.65779 27.49339 27.22781 27.09264 27.04648 27.07997 27.13371 27.23762 27.28155 27.23539 27.22007 27.22007 27.27416 27.31298 27.27842 27.26022 27.26022 27.29446 27.34062 27.38678
27.82681 27.62165 27.48054 27.34639 27.23088 27.15353 27.10858 27.13636 27.18579 27.28848 27.36008 27.37288 27.37782 27.37782 27.38913 27.41068 27.48124 27.55454 27.63162 27.63353 27.60139 27.643 27.67782 27.67782 27.68415 27.69695 27.73425 27.77782 27.77782 27.78165 27.79446 27.7745 27.72955 27.75975 27.8 27.8 27.82153 27.87928 27.87939 27.84725 27.78016 27.71189 27.65413 27.57059 27.45508 27.38088 27.32312 27.35378 27.40693 27.52244 27.61455 27.68511 27.7101 27.71555 27.60004 27.45737 27.2585 27.17021 27.15741 27.1667 27.18708 27.25764 27.29488 27.28207 27.27782 27.27782 27.33191 27.38441 27.41655 27.43347 27.43347 27.44297 27.45578 27.46859
27.84526 27.63522 27.54027 27.44531 27.35035 27.28661 27.2494 27.2724 27.3125 27.38691 27.43558 27.43558 27.4482 27.46874 27.45301 27.44121 27.47841 27.53987 27.63482 27.6671 27.67098 27.68709 27.69537 27.67483 27.68471 27.7258 27.74827 27.76443 27.76443 27.75828 27.73774 27.71939 27.70273 27.7311 27.76443 27.76443 27.77064 27.7873 27.76941 27.73221 27.65762 27.58298 27.52523 27.45086 27.3559 27.30224 27.26504 27.36164 27.46469 27.58019 27.66563 27.72339 27.70316 27.65898 27.56402 27.45693 27.32477 27.27115 27.27115 27.27115 27.27873 27.33648 27.37936 27.39991 27.393 27.37245 27.406 27.44742 27.50517 27.5453 27.56585 27.55591 27.53558 27.53558
27.86978 27.6931 27.63149 27.56989 27.50828 27.4779 27.47404 27.47643 27.48058 27.48829 27.49333 27.49333 27.52645 27.58034 27.53907 27.49391 27.49776 27.52586 27.58747 27.67821 27.78216 27.73878 27.68786 27.63396 27.65989 27.76768 27.75519 27.70667 27.70667 27.69056 27.63666 27.64174 27.69179 27.70322 27.70667 27.70667 27.68801 27.63797 27.61755 27.61369 27.51177 27.40973 27.35197 27.2925 27.2309 27.21059 27.20674 27.3695 27.52244 27.63794 27.72339 27.78114 27.70828 27.60314 27.54153 27.47867 27.41321 27.38665 27.38665 27.38665 27.39423 27.45198 27.5082 27.5621 27.54397 27.49007 27.49026 27.50517 27.56292 27.61885 27.67275 27.64667 27.59333 27.59333
27.8943 27.75087 27.69311 27.64339 27.61514 27.60216 27.60216 27.62603 27.65095 27.62145 27.59195 27.56245 27.58657 27.64432 27.60009 27.55554 27.58504 27.61402 27.64227 27.68997 27.74648 27.72189 27.687 27.62924 27.62789 27.6844 27.69879 27.6982 27.6392 27.58939 27.56114 27.56495 27.59321 27.54852 27.49568 27.49568 27.49615 27.49739 27.49784 27.49784 27.4196 27.34389 27.31563 27.2742 27.21645 27.2211 27.2506 27.36346 27.47803 27.59353 27.67898 27.73673 27.68107 27.59669 27.53893 27.49079 27.46254 27.46861 27.49811 27.50216 27.50974 27.56749 27.61345 27.6417 27.61249 27.55474 27.52345 27.51184 27.56959 27.64131 27.72857 27.68634 27.6 27.6
27.90999 27.79982 27.75227 27.71905 27.72415 27.72649 27.72649 27.77322 27.82202 27.76427 27.70475 27.6419 27.64688 27.69443 27.65351 27.61603 27.66358 27.69545 27.70565 27.70883 27.70883 27.70395 27.6847 27.61675 27.58486 27.58996 27.63129 27.67912 27.57382 27.49695 27.48675 27.47944 27.47434 27.38974 27.3 27.3 27.32153 27.37928 27.4 27.4 27.3521 27.30792 27.30282 27.27648 27.22383 27.24648 27.29913 27.3568 27.42911 27.54461 27.63271 27.69557 27.66327 27.60552 27.54777 27.51049 27.51559 27.54895 27.60161 27.61323 27.62524 27.68299 27.71562 27.71052 27.67025 27.61249 27.55952 27.52846 27.58111 27.65628 27.75648 27.70799 27.60883 27.60883
27.87676 27.80007 27.81923 27.84363 27.88209 27.89975 27.89975 27.94647 27.99527 27.93752 27.86646 27.77026 27.7214 27.70224 27.68296 27.66368 27.64453 27.6657 27.74261 27.76658 27.76658 27.7298 27.66968 27.53502 27.48582 27.52427 27.54812 27.56565 27.52706 27.47701 27.4001 27.34501 27.30656 27.30013 27.3 27.3 27.32153 27.37928 27.4 27.4 27.38244 27.35973 27.32128 27.29138 27.27208 27.28038 27.29968 27.3568 27.42911 27.54461 27.65007 27.74628 27.72102 27.66327 27.60552 27.57911 27.61757 27.64464 27.66393 27.69976 27.74074 27.7985 27.8178 27.77934 27.728 27.67025 27.64851 27.63712 27.65642 27.66665 27.6668 27.66673 27.66658 27.66658
27.90254 27.87322 27.93097 27.9849 28.0286 28.04867 28.04867 28.08402 28.11986 28.06211 27.98923 27.88778 27.81318 27.75543 27.74867 27.73993 27.68218 27.69126 27.79271 27.82434 27.82434 27.76908 27.68532 27.51207 27.45284 27.5106 27.50291 27.47481 27.4467 27.39246 27.27695 27.21017 27.18053 27.22394 27.27713 27.29119 27.31629 27.35999 27.38468 27.39873 27.4 27.39472 27.36507 27.34867 27.34867 27.34867 27.34867 27.40547 27.4707 27.55809 27.66012 27.77562 27.76552 27.72183 27.67813 27.66291 27.70661 27.72433 27.72433 27.76204 27.80942 27.88123 27.89564 27.82383 27.76141 27.70366 27.7 27.69712 27.68307 27.65497 27.61128 27.63242 27.67581 27.68987
28.00934 28.04647 28.10423 28.14908 28.15942 28.16418 28.16418 28.17254 28.17761 28.11986 28.05853 27.99043 27.92869 27.87094 27.86417 27.85543 27.79768 27.79276 27.86086 27.88209 27.88209 27.82683 27.74307 27.56982 27.5106 27.56835 27.50983 27.41502 27.3202 27.2192 27.1037 27.07477 27.11183 27.16619 27.22286 27.27027 27.30386 27.3142 27.34831 27.39572 27.4 27.4066 27.44367 27.46417 27.46417 27.46417 27.46417 27.52098 27.56939 27.59008 27.66012 27.77562 27.79184 27.78149 27.77115 27.76754 27.77789 27.78209 27.78209 27.79101 27.8138 27.91896 27.94006 27.8349 27.76141 27.70366 27.7 27.69028 27.64287 27.61301 27.60267 27.60768 27.61841 27.66581
28.13906 28.21973 28.27748 28.31326 28.29025 28.27968 28.27968 28.24245 28.19909 28.18735 28.1597 28.10194 28.04419 27.98644 27.95936 27.9311 27.87335 27.86408 27.92183 27.93984 27.93984 27.88459 27.80601 27.65576 27.58547 27.59721 27.47691 27.31679 27.20129 27.09954 27.03006 27.01972 27.05446 27.12767 27.20363 27.23837 27.26874 27.29175 27.32228 27.35703 27.40202 27.44193 27.45367 27.47044 27.49344 27.51645 27.53946 27.57401 27.6058 27.62881 27.69996 27.81546 27.83984 27.83984 27.83984 27.83234 27.80933 27.8 27.8 27.78015 27.76928 27.83877 27.84352 27.75102 27.69711 27.66236 27.68171 27.69288 27.65813 27.63984 27.63984 27.65691 27.68004 27.71478
28.27908 28.39299 28.45074 28.47743 28.42107 28.39518 28.39518 28.30398 28.20426 28.25923 28.2752 28.21745 28.1597 28.10195 28.04542 27.98885 27.9311 27.92183 27.97959 27.99759 27.99759 27.94234 27.87127 27.75437 27.66805 27.61308 27.42607 27.20129 27.08579 27.00399 27.0012 27.00079 27.00218 27.0978 27.20015 27.20154 27.22342 27.27978 27.30089 27.30228 27.40496 27.48779 27.43283 27.42758 27.48394 27.5403 27.59666 27.59896 27.6142 27.67056 27.75771 27.87321 27.89759 27.89759 27.89759 27.87922 27.82286 27.8 27.8 27.75137 27.70277 27.70556 27.68359 27.62445 27.60389 27.6025 27.6552 27.69971 27.69832 27.69759 27.69759 27.73941 27.79519 27.79659
28.39561 28.51102 28.60073 28.64161 28.5519 28.47613 28.4122 28.35827 28.31269 28.33847 28.34642 28.32063 28.25556 28.16585 28.13257 28.10195 28.04419 28.02151 28.0473 28.05534 28.05534 28.00009 27.93653 27.85299 27.73485 27.58121 27.39297 27.19647 27.08097 26.99044 26.95848 26.96279 26.99475 27.09655 27.20334 27.2353 27.26496 27.29075 27.3205 27.35246 27.43134 27.5011 27.50727 27.53648 27.59423 27.62913 27.65492 27.65534 27.67795 27.76767 27.85417 27.93771 27.95534 27.95534 27.95534 27.93652 27.87877 27.85534 27.85534 27.80552 27.75115 27.71919 27.67692 27.61917 27.62136 27.65332 27.6795 27.70655 27.73852 27.75534 27.75534 27.77448 27.79967 27.76771
28.49802 28.61352 28.72903 28.7796 28.65653 28.54165 28.4337 28.41309 28.41309 28.41309 28.41048 28.40292 28.34297 28.25015 28.23261 28.21745 28.1597 28.11984 28.10472 28.10521 28.11277 28.06508 28.00978 27.9369 27.78597 27.55496 27.37373 27.2098 27.10186 27.0044 26.93152 26.93706 27.00238 27.10332 27.20603 27.26378 27.30282 27.31038 27.35013 27.40788 27.47251 27.53648 27.59423 27.64861 27.6988 27.71309 27.71309 27.72053 27.75339 27.86134 27.94315 28.00091 28.01309 28.01309 28.01309 27.99674 27.94655 27.9217 27.91413 27.86327 27.80452 27.73921 27.68296 27.64034 27.65972 27.70991 27.71309 27.72494 27.78269 27.81309 27.81309 27.81309 27.81249 27.75474
28.55577 28.67127 28.78678 28.82828 28.67186 28.55968 28.48509 28.47085 28.47085 28.47085 28.45669 28.41578 28.40445 28.41169 28.37642 28.33295 28.2752 28.20734 28.12551 28.12816 28.16908 28.15474 28.11026 27.97068 27.78597 27.55496 27.39915 27.26857 27.19398 27.09996 26.96037 26.95599 27.05466 27.1332 27.20603 27.26378 27.31525 27.35617 27.40788 27.46563 27.56061 27.65199 27.70974 27.74921 27.76605 27.77085 27.77085 27.81109 27.86049 27.93508 28.00091 28.05866 28.07085 28.07085 28.07085 28.06536 28.04852 28.01738 27.97646 27.92102 27.8579 27.75923 27.70962 27.7337 27.75294 27.76978 27.77085 27.78269 27.84044 27.87085 27.87085 27.87085 27.87024 27.81249
28.60138 28.70037 28.79935 28.83324 28.69302 28.59738 28.53963 28.5286 28.52732 28.5108 28.49145 28.46673 28.48253 28.52377 28.47761 28.41986 28.3621 28.29398 28.21151 28.21418 28.25541 28.2414 28.18215 27.97586 27.78183 27.60037 27.48176 27.38403 27.32628 27.23893 27.08219 27.06119 27.14367 27.20547 27.26323 27.32098 27.37873 27.43648 27.48364 27.52488 27.63368 27.74183 27.8161 27.86457 27.88109 27.8858 27.8858 27.92635 27.97175 28.0295 28.07866 28.1199 28.1286 28.1286 28.1286 28.1286 28.1286 28.09428 28.03652 27.96452 27.88918 27.80671 27.77368 27.81491 27.8286 27.8286 27.8286 27.83705 27.87829 27.9 27.9 27.9 27.89974 27.87502
28.63461 28.70024 28.76588 28.79364 28.72012 28.65513 28.59738 28.58635 28.58249 28.53262 28.51453 28.55651 28.57755 28.58543 28.53536 28.47761 28.41986 28.37973 28.36397 28.36448 28.37236 28.32499 28.22488 27.95188 27.77347 27.69207 27.62268 27.55729 27.49954 27.42216 27.29877 27.25435 27.27011 27.32098 27.37873 27.43648 27.49423 27.55198 27.57776 27.58564 27.69143 27.80553 27.91315 27.99498 28.04485 28.05905 28.05905 28.0668 28.08726 28.14501 28.17681 28.18469 28.18635 28.18635 28.18635 28.18635 28.18635 28.15203 28.09428 27.9935 27.89793 27.88217 27.87585 27.88373 27.88635 27.88635 27.88635 27.88797 27.89585 27.9 27.9 27.9 27.90044 27.94242
28.66784 28.70012 28.7324 28.74711 28.71483 28.68255 28.65027 28.6235 28.5975 28.56522 28.56408 28.62184 28.65975 28.68522 28.61473 28.53922 28.50694 28.4882 28.4882 28.4882 28.4882 28.38422 28.24645 28.00863 27.87227 27.83999 27.80771 27.77465 27.71689 27.64949 27.55946 27.52051 27.52051 27.5475 27.57978 27.61206 27.64434 27.67662 27.68821 27.68821 27.74694 27.82512 27.96609 28.05852 28.0908 28.11821 28.14368 28.11905 28.11456 28.17231 28.2 28.2 28.22009 28.24264 28.21717 28.1834 28.13246 28.10775 28.10093 28.0443 27.98486 27.95939 27.9441 27.9441 27.9441 27.9441 27.9441 27.94933 27.97479 27.9882 27.9882 27.9882 27.98854 28.02082
28.69893 28.7 28.7 28.69942 28.69728 28.69629 28.69629 28.6513 28.60017 28.60231 28.62332 28.68 28.73602 28.79163 28.69806 28.60185 28.60185 28.60141 28.60033 28.59926 28.59819 28.43239 28.25986 28.08981 28.00371 28.00371 28.00452 28.00386 27.94825 27.89232 27.83564 27.80991 27.80777 27.80652 27.80545 27.80438 27.80371 27.80371 27.8044 27.80547 27.80654 27.83791 28.00902 28.10371 28.10371 28.14348 28.19909 28.14425 28.11614 28.17282 28.20056 28.20163 28.24657 28.29668 28.23893 28.16306 28.0497 28.03803 28.09578 28.10371 28.09627 28.03959 28.00513 28.00406 28.00443 28.0055 28.00657 28.01926 28.07701 28.10691 28.10584 28.10398 28.10185 28.10185
28.6657 28.7 28.7 28.68126 28.61242 28.58079 28.58079 28.58977 28.60534 28.67418 28.72728 28.75061 28.75279 28.74169 28.6992 28.65961 28.65961 28.64515 28.61073 28.57631 28.54188 28.37464 28.22463 28.15465 28.11921 28.11921 28.14545 28.17916 28.19025 28.19106 28.16773 28.11857 28.04972 28.00965 27.97523 27.9408 27.91921 27.91921 27.94129 27.97571 28.01014 28.05703 28.16144 28.21921 28.21921 28.21128 28.20018 28.17706 28.16549 28.18881 28.21792 28.25234 28.27801 28.29668 28.23893 28.1848 28.13814 28.15354 28.21129 28.21921 28.21615 28.19282 28.16506 28.13064 28.14221 28.17664 28.21106 28.25027 28.30802 28.32213 28.2877 28.22774 28.15961 28.15961
28.65507 28.68264 28.68264 28.65393 28.54846 28.49458 28.48456 28.53748 28.60896 28.72446 28.80694 28.82699 28.79307 28.7253 28.69081 28.66528 28.66528 28.64525 28.59752 28.54979 28.50207 28.34383 28.21736 28.21736 28.22231 28.23233 28.28637 28.35415 28.42192 28.46644 28.45641 28.38653 28.27103 28.2038 28.14605 28.08829 28.05581 28.06584 28.10004 28.14777 28.1955 28.24322 28.29095 28.31736 28.31736 28.28323 28.2355 28.23472 28.23472 28.23472 28.26478 28.32253 28.32681 28.31462 28.26689 28.23798 28.24801 28.28044 28.32817 28.33472 28.33472 28.33472 28.31163 28.25388 28.26661 28.31433 28.37145 28.42715 28.47487 28.4774 28.42967 28.34653 28.25187 28.23182
28.697 28.62489 28.62489 28.60526 28.53313 28.47655 28.43317 28.50671 28.60896 28.72446 28.83002 28.91677 28.88808 28.78695 28.66022 28.54978 28.54978 28.54375 28.52937 28.515 28.50062 28.37574 28.27511 28.27511 28.29652 28.3399 28.42729 28.52842 28.62955 28.68747 28.64409 28.55979 28.44428 28.37705 28.3193 28.26155 28.2415 28.28488 28.30966 28.32403 28.33841 28.35278 28.36716 28.37511 28.37511 28.36483 28.35046 28.35022 28.35022 28.35022 28.38028 28.43803 28.416 28.37428 28.35991 28.36436 28.40773 28.43387 28.44825 28.45022 28.45022 28.45022 28.42714 28.36939 28.35983 28.3742 28.4292 28.47806 28.49243 28.49319 28.47882 28.45378 28.42443 28.33767
28.72969 28.66565 28.64668 28.61198 28.53525 28.45852 28.38179 28.45344 28.60896 28.72446 28.83996 28.95547 28.92903 28.81352 28.64703 28.5 28.5 28.5 28.5 28.5 28.5 28.38949 28.31795 28.37717 28.41773 28.4565 28.51211 28.60353 28.71903 28.78273 28.72498 28.63446 28.51895 28.45172 28.39397 28.33622 28.32153 28.37928 28.4 28.4 28.4 28.40479 28.42498 28.43286 28.43286 28.43286 28.43286 28.43286 28.43286 28.43286 28.45304 28.49182 28.46941 28.43286 28.43286 28.4455 28.48427 28.51128 28.53026 28.53286 28.53286 28.53286 28.51737 28.47859 28.46572 28.46572 28.50204 28.53286 28.53286 28.53286 28.53286 28.51878 28.4988 28.38329
-9999 28.78103 28.7287 28.66065 28.55057 28.44049 28.3304 28.33149 -9999 -9999 -9999 -9999 -9999 -9999 -9999 -9999 -9999 -9999 -9999 -9999 -9999 -9999 -9999 -9999 -9999 -9999 -9999 -9999 -9999 -9999 -9999 -9999 -9999 -9999 -9999 -9999 -9999 -9999 -9999 -9999 -9999 -9999 -9999 28.49061 28.49061 28.49061 28.49061 28.49061 28.49061 28.49061 28.49343 28.49886 28.49572 28.49061 28.49061 28.49238 28.4978 28.5311 28.58343 28.59061 28.59061 28.59061 28.58845 28.58303 28.58123 28.58123 28.58631 28.59061 28.59061 28.59061 28.59061 28.55179 28.4988 28.38329
-9999 28.89641 28.81073 28.72655 -9999 -9999 -9999 -9999 -9999 -9999 -9999 -9999 -9999 -9999 -9999 -9999 -9999 -9999 -9999 -9999 -9999 -9999 -9999 -9999 -9999 -9999 -9999 -9999 -9999 -9999 -9999 -9999 -9999 -9999 -9999 -9999 -9999 -9999 -9999 -9999 -9999 -9999 -9999 -9999 -9999 -9999 28.5 28.5 28.5 28.5 28.5 28.5 28.52204 28.54997 28.5779 28.59673 28.59673 28.61445 28.64427 28.64837 28.64837 28.64837 28.6372 28.60927 28.6 28.6 28.6 28.6 28.6 28.6 28.6 28.55715 28.49909 28.41152
-9999 29.00569 28.89019 28.80605 -9999 -9999 -9999 -9999 -9999 -9999 -9999 -9999 -9999 -9999 -9999 -9999 -9999 -9999 -9999 -9999 -9999 -9999 -9999 -9999 -9999 -9999 -9999 -9999 -9999 -9999 -9999 -9999 -9999 -9999 -9999 -9999 -9999 -9999 -9999 -9999 -9999 -9999 -9999 -9999 -9999 -9999 -9999 -9999 -9999 28.50612 28.50612 28.50612 28.54889 28.60332 28.66107 28.7 28.7 28.7 28.7 -9999 -9999 -9999 -9999 -9999 -9999 28.60591 28.60612 28.60612 28.60612 28.60444 28.60091 28.55715 28.4994 28.44165
29.17342 29.06344 28.94794 28.85707 28.82307 28.76878 28.71103 28.62123 -9999 -9999 -9999 -9999 -9999 -9999 -9999 -9999 -9999 -9999 -9999 -9999 -9999 -9999 -9999 -9999 -9999 -9999 -9999 -9999 -9999 -9999 -9999 -9999 -9999 -9999 -9999 -9999 -9999 -9999 -9999 -9999 -9999 -9999 -9999 -9999 -9999 -9999 -9999 -9999 -9999 28.56387 28.56387 28.56387 28.58033 28.60332 28.66107 28.7 28.7 28.7 28.7 -9999 -9999 -9999 -9999 -9999 -9999 28.66301 28.66387 28.66387 28.66387 28.6464 28.60952 28.55715 28.4994 28.44165
29.20263 29.09962 28.9966 28.9059 -9999 -9999 -9999 -9999 -9999 -9999 -9999 -9999 -9999 -9999 -9999 -9999 -9999 -9999 -9999 -9999 -9999 -9999 -9999 -9999 -9999 -9999 -9999 -9999 -9999 -9999 -9999 -9999 -9999 -9999 -9999 -9999 -9999 -9999 -9999 -9999 -9999 -9999 -9999 -9999 -9999 -9999 -9999 -9999 -9999 28.6 28.6 28.6 -9999 -9999 -9999 -9999 -9999 -9999 -9999 -9999 -9999 -9999 -9999 -9999 -9999 -9999 -9999 28.7 28.7 28.67266 28.6149 28.56642 28.52102 28.46327
29.16941 29.09974 29.03008 28.96366 -9999 -9999 -9999 -9999 -9999 -9999 -9999 -9999 -9999 -9999 -9999 -9999 -9999 -9999 -9999 -9999 -9999 -9999 -9999 -9999 -9999 -9999 -9999 -9999 -9999 -9999 -9999 -9999 -9999 -9999 -9999 -9999 -9999 -9999 -9999 -9999 -9999 -9999 -9999 -9999 -9999 -9999 -9999 -9999 -9999 28.6 28.6 28.6 -9999 -9999 -9999 -9999 -9999 -9999 -9999 -9999 -9999 -9999 -9999 -9999 -9999 -9999 -9999 28.7 28.7 28.67266 28.6149 28.59116 28.57877 28.52102
