tests/test_data/rstack/apr_temp.asc
ncols         147
nrows         127
xllcorner     -90.06084375
yllcorner     23.864697408444
cellsize      0.096253424
NODATA_value  -9999
[rows 33 to 65 of 127, columns 0 to 73 of 147]
19.54639 19.43067 19.25741 19.09988 18.98437 18.90009 18.84234 18.81668 18.8 18.8 18.81998 18.87773 18.92222 18.95839 19.0646 19.16262 19.16262 19.15503 19.13695 19.10401 19.06434 19.06262 19.07563 19.13338 19.17155 19.18963 19.18015 19.16318 19.18126 19.18853 19.17044 19.10734 19.00992 18.89738 18.79205 18.77397 18.76937 18.78745 18.7569 18.69915 18.62494 18.56585 18.58393 18.57778 18.54161 18.49001 18.43226 18.37451 18.33587 18.35395 18.40209 18.47793 18.49393 18.49393 18.49393 18.50686 18.54653 18.57337 18.59145 18.65936 18.72525 18.72525 18.78004 18.91713 18.9482 18.92661 18.90503 18.86048 18.72689 18.648 18.62991 18.65468 18.69352 18.65385
19.60414 19.48842 19.31517 19.15763 19.04212 18.95784 18.90009 18.84745 18.8 18.8 18.81998 18.87773 18.96321 19.06608 19.18011 19.27813 19.27813 19.25653 19.2051 19.18472 19.1784 19.17813 19.19113 19.24888 19.30352 19.35495 19.32799 19.2797 19.33113 19.35181 19.30037 19.24177 19.1777 19.07064 18.96182 18.91039 18.8973 18.94874 18.93015 18.8724 18.76786 18.68729 18.73873 18.72124 18.61837 18.54777 18.49001 18.43226 18.40203 18.45346 18.53496 18.64415 18.66719 18.66719 18.66719 18.66925 18.67557 18.7087 18.76013 18.86139 18.95625 18.95625 18.98439 19.05477 19.10827 19.15339 19.19851 19.20015 19.03321 18.92096 18.86953 18.86094 18.86712 18.86081
19.61508 19.49936 19.3261 19.16857 19.05306 18.96878 18.91103 18.85327 18.8 18.8 18.82933 18.91412 19.01779 19.13329 19.29654 19.43636 19.40932 19.38074 19.35002 19.32184 19.2948 19.3195 19.35345 19.4112 19.45561 19.48632 19.47022 19.44139 19.4721 19.48445 19.45373 19.40767 19.34992 19.2665 19.17841 19.09362 19.0519 19.08261 19.10861 19.13197 19.0044 18.89274 18.92345 18.88886 18.77335 18.69915 18.6414 18.61024 18.60182 18.65957 18.76145 18.90399 18.95541 18.97934 18.95231 18.92527 18.89823 18.87338 18.85002 18.94647 19.05391 19.10798 19.15272 19.18344 19.23222 19.28997 19.37304 19.40492 19.23166 19.1003 19.01551 18.99363 18.99391 19.02095
19.61508 19.49937 19.32875 19.1717 19.05092 18.96564 18.91052 18.85541 18.80477 18.80741 18.84818 18.96105 19.07392 19.18678 19.3993 19.58332 19.53348 19.50346 19.50082 19.46388 19.41141 19.46186 19.51698 19.57209 19.6 19.6 19.60201 19.60465 19.60729 19.60992 19.61256 19.58243 19.52731 19.46779 19.4022 19.29197 19.22284 19.22284 19.29353 19.40375 19.25848 19.1178 19.11516 19.06211 18.94661 18.87429 18.81918 18.81568 18.82892 18.88931 19.00845 19.1817 19.26383 19.3148 19.25442 19.19317 19.13014 19.03906 18.92883 19.01108 19.12429 19.2398 19.30914 19.30914 19.34596 19.40107 19.51028 19.56556 19.39758 19.25569 19.14283 19.1137 19.11428 19.16939
19.61508 19.49949 19.36223 19.21129 19.02381 18.92592 18.90415 18.88239 18.86511 18.9011 18.95215 19.03166 19.11118 19.19069 19.3404 19.48296 19.53318 19.54721 19.51122 19.50979 19.52402 19.54546 19.56722 19.58898 19.6 19.6 19.62743 19.66342 19.69941 19.7354 19.77139 19.77461 19.75285 19.67092 19.58242 19.53889 19.5116 19.5116 19.53951 19.58303 19.46208 19.34286 19.30687 19.23537 19.11987 19.0714 19.04964 19.01388 19.01058 19.10433 19.23945 19.41271 19.49484 19.5439 19.45016 19.34468 19.21495 19.13645 19.09293 19.15556 19.2398 19.3553 19.42464 19.42464 19.43918 19.46094 19.53679 19.57924 19.47796 19.38699 19.30748 19.28696 19.28719 19.30895
19.63515 19.5196 19.39251 19.24028 19.02087 18.92007 18.92007 18.92945 18.94462 19.00237 19.05611 19.10227 19.14844 19.1946 19.30198 19.41573 19.51964 19.57028 19.54731 19.57989 19.63764 19.64014 19.63753 19.62594 19.62007 19.62007 19.66408 19.72184 19.77959 19.83387 19.88003 19.89342 19.88183 19.80276 19.72007 19.72007 19.72007 19.72007 19.71264 19.70105 19.60547 19.50772 19.43837 19.35359 19.24968 19.21178 19.20019 19.166 19.16925 19.28476 19.41825 19.56833 19.64556 19.69337 19.57787 19.4511 19.30103 19.24014 19.24014 19.28997 19.35378 19.45769 19.52007 19.52007 19.51233 19.50073 19.55409 19.59054 19.54437 19.49821 19.45205 19.44014 19.44014 19.44014
19.6929 19.57723 19.41678 19.24936 19.0633 18.97782 18.97782 19.01419 19.06013 19.11788 19.16008 19.17289 19.18569 19.1985 19.30198 19.41068 19.48124 19.55454 19.63162 19.6954 19.75315 19.75565 19.74553 19.70058 19.67782 19.67782 19.72184 19.77959 19.83734 19.88165 19.89446 19.87449 19.82955 19.80076 19.77782 19.77782 19.77782 19.77782 19.749 19.70406 19.63581 19.55952 19.45683 19.36848 19.29792 19.24568 19.20074 19.23161 19.28476 19.40026 19.49904 19.58241 19.64556 19.69337 19.57787 19.47284 19.38947 19.35565 19.35565 19.40547 19.4649 19.53547 19.57782 19.57782 19.54779 19.50285 19.55409 19.59737 19.58457 19.57176 19.55895 19.55565 19.55565 19.55565
19.76576 19.67059 19.51788 19.36516 19.21245 19.1312 19.11065 19.15345 19.20961 19.24682 19.27826 19.29881 19.31935 19.3399 19.408 19.47678 19.51399 19.58406 19.69957 19.77532 19.83307 19.81592 19.78699 19.72924 19.71014 19.73069 19.77959 19.83671 19.87392 19.89386 19.87331 19.84331 19.8061 19.76565 19.73099 19.75154 19.75676 19.73622 19.69181 19.63406 19.57631 19.50827 19.39276 19.30305 19.2453 19.20224 19.16504 19.26164 19.36469 19.48019 19.56563 19.62339 19.66493 19.69337 19.57787 19.48788 19.45067 19.43558 19.43558 19.4854 19.54315 19.60091 19.64379 19.66433 19.63256 19.57481 19.58676 19.60843 19.64952 19.67115 19.67115 19.67115 19.67115 19.67115
19.84803 19.78621 19.66685 19.5475 19.42814 19.34417 19.29027 19.32671 19.38028 19.38413 19.4053 19.4592 19.5131 19.567 19.58011 19.58724 19.59109 19.64182 19.75732 19.83307 19.89083 19.84176 19.78699 19.72924 19.72661 19.7805 19.83734 19.89344 19.8973 19.88388 19.82998 19.80449 19.80063 19.70989 19.61897 19.67287 19.68658 19.63268 19.57631 19.51856 19.46081 19.39276 19.27726 19.18755 19.1298 19.11059 19.10674 19.2695 19.42244 19.53794 19.62339 19.68114 19.69637 19.69337 19.57787 19.49874 19.49489 19.49333 19.49333 19.54315 19.60091 19.65866 19.71487 19.76877 19.74807 19.69032 19.63978 19.6221 19.7299 19.78665 19.78665 19.78665 19.78665 19.78665
19.9597 19.90173 19.78623 19.67875 19.59275 19.53796 19.50971 19.52718 19.55324 19.55324 19.56301 19.59127 19.63764 19.69539 19.70216 19.70662 19.73612 19.77696 19.83346 19.89083 19.94858 19.8676 19.78699 19.72924 19.72851 19.78626 19.84401 19.8982 19.8392 19.78939 19.76114 19.73218 19.70268 19.62595 19.55187 19.58012 19.58731 19.55906 19.5308 19.50255 19.4743 19.43575 19.34975 19.26319 19.17594 19.17217 19.20167 19.28552 19.3929 19.5674 19.68114 19.73889 19.72781 19.69506 19.60906 19.55108 19.55108 19.56861 19.59811 19.65199 19.70587 19.73412 19.77416 19.83191 19.81249 19.75474 19.72462 19.71375 19.77025 19.82794 19.88693 19.88027 19.85108 19.85108
20.06637 20.00844 19.90314 19.81078 19.75303 19.72925 19.73435 19.73532 19.73532 19.73532 19.73356 19.72846 19.75884 19.8115 19.81766 19.82563 19.87828 19.91097 19.91607 19.9539 20.00655 19.89832 19.79468 19.73183 19.72851 19.78626 19.84012 19.88795 19.78265 19.70426 19.68896 19.65246 19.59981 19.54716 19.50053 19.50563 19.50883 19.50883 19.50883 19.50883 19.51347 19.50737 19.44962 19.36835 19.25795 19.26414 19.3168 19.31766 19.37203 19.58773 19.72654 19.79449 19.76327 19.70552 19.64776 19.61049 19.61559 19.64895 19.70161 19.75866 19.8095 19.8146 19.83871 19.89136 19.87024 19.81249 19.80883 19.80883 19.80883 19.85869 19.964 19.95589 19.90878 19.90368
20.12412 20.06644 20.02784 19.98403 19.92628 19.92054 19.95899 19.96633 19.96633 19.96633 19.95303 19.91458 19.91161 19.93091 19.93317 19.93609 19.95539 19.98273 20.02118 20.04645 20.06575 19.95608 19.84492 19.74871 19.72851 19.78626 19.81471 19.83224 19.79364 19.73209 19.61673 19.55588 19.53658 19.51728 19.50401 19.54247 19.56658 19.56658 19.56658 19.56658 19.60157 19.62288 19.56512 19.49875 19.4217 19.41355 19.43285 19.43317 19.46231 19.57796 19.7035 19.83816 19.82102 19.76327 19.70552 19.67911 19.71757 19.74463 19.76394 19.81641 19.87163 19.91008 19.94088 19.96018 19.928 19.87024 19.86658 19.86658 19.86658 19.88486 19.92346 19.94763 19.96618 19.92773
20.22688 20.19729 20.18324 20.16111 20.11741 20.11337 20.14301 20.16004 20.17301 20.17301 20.15302 20.09527 20.07301 20.07301 20.07301 20.07088 20.05682 20.07292 20.13067 20.14867 20.14867 20.03816 19.92266 19.80716 19.77024 19.81394 19.81362 19.79871 19.75655 19.68359 19.53845 19.48364 19.49769 19.51175 19.5289 19.57259 19.60524 19.6193 19.62434 19.62434 19.67687 19.71655 19.67285 19.62288 19.56512 19.54867 19.54867 19.54867 19.55968 19.60338 19.69988 19.84503 19.85228 19.82183 19.77813 19.76291 19.80661 19.82434 19.82434 19.86204 19.90942 19.98123 20.01872 20.00466 19.96141 19.90366 19.91316 19.92434 19.92434 19.91768 19.90363 19.94285 19.99954 19.95585
20.39142 20.42817 20.38077 20.34344 20.3331 20.30831 20.27125 20.30253 20.34626 20.34626 20.32628 20.26853 20.24626 20.24626 20.24626 20.23909 20.19168 20.18842 20.24617 20.26417 20.26417 20.15367 20.03817 19.92266 19.86928 19.87963 19.84596 19.79565 19.65343 19.53028 19.45184 19.44481 19.49222 19.53963 19.58317 19.59351 19.61768 19.66508 19.68209 19.68209 19.73463 19.78024 19.7699 19.73838 19.68063 19.66418 19.66418 19.66418 19.66678 19.67713 19.72292 19.80136 19.84715 19.88149 19.87115 19.86754 19.87789 19.88209 19.88209 19.89101 19.9138 20.01896 20.06314 20.01573 19.96141 19.90366 19.9444 19.98209 19.98209 19.95964 19.91223 19.94285 19.99989 19.98955
20.53906 20.6193 20.56155 20.51952 20.51952 20.48829 20.43054 20.44763 20.47968 20.47968 20.4597 20.40195 20.37968 20.37968 20.37968 20.37094 20.31318 20.29426 20.32901 20.33984 20.33984 20.25134 20.15367 20.03816 19.96832 19.94531 19.82569 19.6766 19.54936 19.44977 19.41503 19.41972 19.45446 19.52767 19.6 19.6 19.62153 19.67929 19.71476 19.73776 19.79238 19.83984 19.83984 19.82432 19.78958 19.77968 19.77968 19.77968 19.77968 19.77968 19.80974 19.86749 19.92524 19.97968 19.97968 19.97218 19.94917 19.93984 19.93984 19.91999 19.90912 19.97861 20.00644 19.97169 19.95232 19.94058 19.99393 20.03984 20.03984 20.03428 20.02254 20.02822 20.03984 20.03984
20.67908 20.79256 20.73481 20.69277 20.69277 20.66155 20.6038 20.5939 20.59518 20.59518 20.5752 20.51745 20.49518 20.49518 20.49518 20.48644 20.42869 20.39577 20.39716 20.39759 20.39759 20.34101 20.26917 20.15367 20.06736 20.011 19.78177 19.50538 19.44484 19.40199 19.4006 19.40079 19.40218 19.4978 19.6 19.6 19.62153 19.67929 19.73614 19.7925 19.85013 19.89759 19.89759 19.89697 19.89558 19.89518 19.89518 19.89518 19.89518 19.89518 19.92524 19.98299 20.04074 20.09518 20.09518 20.07682 20.02046 19.99759 19.99759 19.94897 19.90036 19.90315 19.90426 19.90287 19.93914 19.9941 20.05168 20.09759 20.09759 20.12362 20.17859 20.15199 20.09759 20.09759
20.76377 20.91059 20.8848 20.85733 20.82537 20.77946 20.72171 20.68483 20.65782 20.68978 20.6907 20.63295 20.59105 20.55909 20.58356 20.60195 20.54419 20.51068 20.51068 20.51068 20.51068 20.45543 20.38468 20.26917 20.15062 20.02895 19.8043 19.55358 19.49583 19.44579 19.41382 19.4 19.4 19.52327 19.65868 19.69064 19.73222 19.78997 19.82722 19.85301 19.90788 19.96104 19.993 20.01068 20.01068 20.01068 20.01068 19.97925 19.9634 19.99536 20.04074 20.0985 20.10582 20.10184 20.1338 20.14694 20.12115 20.11069 20.11069 20.06086 20.00649 19.97453 19.95534 19.95534 19.99393 20.05168 20.13937 20.21069 20.21069 20.23803 20.29578 20.26784 20.21035 20.17839
20.84801 21.01312 21.02069 21.00841 20.9431 20.88187 20.82412 20.77249 20.72949 20.77212 20.78263 20.73245 20.6869 20.64428 20.67692 20.7055 20.65531 20.62301 20.61545 20.61309 20.61309 20.55784 20.48538 20.36232 20.21074 20.02992 19.82815 19.6242 19.55888 19.49356 19.42825 19.40429 19.41185 19.5516 19.70682 19.77213 19.83463 19.89238 19.91794 19.92551 19.98561 20.04823 20.09842 20.12619 20.12619 20.12078 20.11322 20.06373 20.04074 20.0985 20.15231 20.2025 20.1735 20.12951 20.18726 20.22619 20.22619 20.22169 20.21413 20.16327 20.10651 20.05632 20.02921 20.03677 20.07787 20.13562 20.24038 20.32619 20.32619 20.34995 20.40014 20.38147 20.3386 20.27329
20.939 21.071 21.11191 21.11484 21.01617 20.93962 20.88187 20.85722 20.83983 20.81575 20.79417 20.77734 20.78564 20.80972 20.79128 20.7683 20.75146 20.72452 20.6836 20.67085 20.67085 20.61559 20.53562 20.3792 20.19428 19.98011 19.84665 19.73868 19.64001 19.54135 19.44268 19.42322 19.46413 19.58147 19.7103 19.80897 19.89238 19.95013 19.99709 20.038 20.13145 20.21554 20.23238 20.24169 20.24169 20.21243 20.17152 20.15429 20.15625 20.214 20.25046 20.26729 20.25756 20.24501 20.30276 20.34169 20.34169 20.31738 20.27646 20.22102 20.16864 20.1518 20.15805 20.19896 20.25113 20.30888 20.3824 20.44169 20.44169 20.44967 20.4665 20.48871 20.51151 20.41285
21.00138 21.10021 21.15797 21.17306 21.07407 20.99738 20.93962 20.91524 20.8968 20.85557 20.8286 20.8286 20.86408 20.92183 20.87761 20.8311 20.84761 20.83295 20.7752 20.7572 20.7572 20.70194 20.61446 20.42469 20.22272 20.00823 19.91319 19.85417 19.75519 19.65126 19.53576 19.51857 19.57632 19.68235 19.79613 19.89511 19.97873 20.03648 20.09423 20.15199 20.24725 20.33154 20.34806 20.3572 20.3572 20.3159 20.25815 20.2572 20.27175 20.3295 20.3486 20.33208 20.3286 20.33097 20.3722 20.40538 20.4219 20.39428 20.33652 20.27877 20.23077 20.24728 20.28028 20.33803 20.38475 20.42598 20.48269 20.53199 20.5485 20.56502 20.58153 20.60414 20.62757 20.52858
21.03461 21.10021 21.15797 21.18214 21.1165 21.05513 20.99738 20.946 20.89939 20.89151 20.88635 20.88635 20.92183 20.97959 20.93536 20.8939 20.94377 20.94846 20.89071 20.8727 20.8727 20.81745 20.72246 20.49933 20.29693 20.1158 20.02869 19.9707 19.90506 19.82452 19.70901 19.69182 19.74957 19.8556 19.9659 20.03154 20.09423 20.15199 20.20974 20.26749 20.33241 20.39524 20.44511 20.4727 20.4727 20.4314 20.37365 20.3727 20.38726 20.44501 20.44674 20.39688 20.38635 20.3868 20.39469 20.41625 20.46612 20.45203 20.39428 20.33652 20.29289 20.34276 20.39578 20.45354 20.47797 20.48585 20.54044 20.59658 20.64645 20.69631 20.74618 20.7279 20.68567 20.62003
21.06784 21.10012 21.1324 21.14711 21.11483 21.06878 21.01103 20.95327 20.9 20.9 20.90881 20.93428 20.96394 20.99622 20.9715 20.95284 21.0106 21.04124 21.03443 21.01478 20.98931 20.90858 20.79208 20.56108 20.38372 20.26141 20.1883 20.13132 20.09904 20.04949 19.95946 19.93883 19.97111 20.03038 20.09423 20.15199 20.20974 20.26749 20.32524 20.38299 20.41757 20.45439 20.51215 20.5441 20.5441 20.52102 20.48874 20.46315 20.45224 20.48452 20.4832 20.45092 20.4441 20.4441 20.4441 20.45462 20.4869 20.46568 20.40792 20.39412 20.39244 20.42472 20.47736 20.56059 20.60522 20.63069 20.6864 20.74937 20.83259 20.8917 20.92398 20.88946 20.83144 20.74822
21.09893 21.1 21.1 21.09971 21.09864 21.06693 21.00917 20.95229 20.90008 20.90115 20.92146 20.97815 21 21 21 21.00858 21.06526 21.12239 21.18014 21.15913 21.10245 20.98847 20.84637 20.61643 20.47202 20.41534 20.35947 20.3056 20.30667 20.29047 20.23379 20.20867 20.20759 20.20652 20.21148 20.26816 20.32524 20.38299 20.44074 20.4985 20.50371 20.514 20.57175 20.60323 20.60216 20.60109 20.60002 20.5432 20.50027 20.50134 20.50185 20.50185 20.50101 20.49994 20.49887 20.49815 20.49815 20.4651 20.40948 20.45168 20.502 20.50307 20.54987 20.66538 20.74301 20.80183 20.86065 20.93132 21.0479 21.10826 21.10612 21.06271 21.00435 20.88777
21.0657 21.1 21.1 21.09063 21.05621 21.00917 20.95142 20.92152 20.90267 20.93709 20.96768 20.991 21 21 21 21.00353 21.02686 21.06464 21.12239 21.12434 21.10101 20.95656 20.79613 20.59954 20.48848 20.46516 20.46806 20.47987 20.5143 20.53145 20.50812 20.4785 20.44407 20.40965 20.38125 20.40458 20.44074 20.4985 20.55625 20.614 20.61921 20.62951 20.68726 20.70384 20.66941 20.63499 20.60057 20.5432 20.50868 20.5431 20.55961 20.55961 20.53245 20.49802 20.4636 20.44039 20.44039 20.44699 20.45808 20.50943 20.56412 20.59855 20.66538 20.78088 20.8808 20.97297 21.06515 21.16917 21.3191 21.36543 21.29659 21.23597 21.17726 21.02733
21.06981 21.11736 21.11736 21.09891 21.03114 20.96878 20.91103 20.9 20.90448 20.96223 21.00347 21.01349 21.0112 21.00117 20.9823 20.96528 20.96528 20.99374 21.06151 21.08264 21.08264 20.91688 20.7504 20.60722 20.52977 20.51974 20.56137 20.61943 20.68721 20.73771 20.74774 20.7193 20.66155 20.6038 20.55207 20.55207 20.57361 20.63136 20.68268 20.73041 20.73472 20.74322 20.79095 20.79156 20.73381 20.68323 20.6355 20.57791 20.54675 20.59447 20.61736 20.61736 20.5718 20.51462 20.46689 20.43145 20.42142 20.44572 20.49345 20.54983 20.61021 20.68801 20.77687 20.88235 21.00123 21.12676 21.2429 21.36819 21.53142 21.56741 21.46194 21.39187 21.33291 21.15966
21.16079 21.17511 21.17511 21.14759 21.04646 20.96878 20.91103 20.9 20.90448 20.96223 21.01501 21.05839 21.04846 21.00508 20.9234 20.84978 20.84978 20.89223 20.99336 21.02489 21.02489 20.85913 20.71518 20.67206 20.62881 20.58543 20.61912 20.6782 20.77933 20.86319 20.90657 20.89256 20.83481 20.77705 20.72533 20.72533 20.74686 20.80462 20.83455 20.84892 20.85022 20.85278 20.86716 20.84931 20.79156 20.76483 20.75046 20.69342 20.65384 20.66822 20.67511 20.67511 20.62955 20.57429 20.55991 20.53609 20.49271 20.48365 20.49803 20.54983 20.61896 20.76347 20.87905 20.95117 21.08126 21.24014 21.3584 21.47685 21.60673 21.64096 21.56883 21.50737 21.44842 21.27516
21.23442 21.26565 21.24668 21.20143 21.08592 20.98112 20.88541 20.87932 20.90448 20.96223 21.01998 21.07773 21.06451 21.00676 20.89802 20.8 20.8 20.84849 20.96399 21 21 20.83424 20.70599 20.72573 20.71372 20.67495 20.67756 20.70353 20.81903 20.91727 20.97502 20.96723 20.90948 20.85172 20.8 20.8 20.82153 20.87928 20.9 20.9 20.9 20.90479 20.92498 20.91554 20.87677 20.85215 20.83317 20.79473 20.76094 20.74196 20.73286 20.73286 20.6873 20.63286 20.63286 20.62023 20.58146 20.56573 20.56573 20.61555 20.68597 20.84025 20.96353 21.04026 21.1688 21.32308 21.44104 21.55265 21.64918 21.67266 21.6149 21.55715 21.49839 21.34412
-9999 21.38103 21.3287 21.25918 21.14367 21.00281 20.84039 20.81628 -9999 -9999 -9999 -9999 -9999 -9999 -9999 -9999 -9999 -9999 -9999 -9999 -9999 -9999 -9999 -9999 -9999 -9999 -9999 -9999 -9999 -9999 -9999 -9999 -9999 -9999 -9999 -9999 -9999 -9999 -9999 -9999 -9999 -9999 -9999 20.98819 20.98277 20.94381 20.89147 20.88528 20.86804 20.81571 20.79061 20.79061 20.74505 20.69061 20.69061 20.68885 20.68343 20.68123 20.68123 20.73105 20.7971 20.91802 21.03461 21.1447 21.26202 21.38295 21.49879 21.60357 21.66674 21.67266 21.6149 21.55715 21.49874 21.37782
-9999 21.54478 21.4591 21.37067 -9999 -9999 -9999 -9999 -9999 -9999 -9999 -9999 -9999 -9999 -9999 -9999 -9999 -9999 -9999 -9999 -9999 -9999 -9999 -9999 -9999 -9999 -9999 -9999 -9999 -9999 -9999 -9999 -9999 -9999 -9999 -9999 -9999 -9999 -9999 -9999 -9999 -9999 -9999 -9999 -9999 -9999 20.94862 20.94837 20.94085 20.91103 20.88219 20.85426 20.82484 20.79673 20.79673 20.79673 20.79673 20.79673 20.79673 20.84656 20.90822 20.99579 21.09453 21.21003 21.30688 21.39445 21.50818 21.60612 21.63593 21.63751 21.60769 21.57788 21.54745 21.45988
-9999 21.71181 21.5963 21.5121 -9999 -9999 -9999 -9999 -9999 -9999 -9999 -9999 -9999 -9999 -9999 -9999 -9999 -9999 -9999 -9999 -9999 -9999 -9999 -9999 -9999 -9999 -9999 -9999 -9999 -9999 -9999 -9999 -9999 -9999 -9999 -9999 -9999 -9999 -9999 -9999 -9999 -9999 -9999 -9999 -9999 -9999 -9999 -9999 -9999 21.00612 20.97606 20.91831 20.90612 20.90612 20.90612 20.90612 20.90612 20.90822 20.91175 -9999 -9999 -9999 -9999 -9999 -9999 21.40246 21.51099 21.60073 21.60426 21.60612 21.60612 21.6035 21.59944 21.54522
22.00045 21.82731 21.71181 21.61415 21.54614 21.43756 21.32205 21.25819 -9999 -9999 -9999 -9999 -9999 -9999 -9999 -9999 -9999 -9999 -9999 -9999 -9999 -9999 -9999 -9999 -9999 -9999 -9999 -9999 -9999 -9999 -9999 -9999 -9999 -9999 -9999 -9999 -9999 -9999 -9999 -9999 -9999 -9999 -9999 -9999 -9999 -9999 -9999 -9999 -9999 21.06387 21.03381 20.97606 20.96387 20.96387 20.96387 20.96387 20.96387 20.98579 21.02268 -9999 -9999 -9999 -9999 -9999 -9999 21.46165 21.5375 21.60756 21.64445 21.66387 21.66387 21.6365 21.59978 21.57892
22.0818 21.92119 21.80569 21.69358 -9999 -9999 -9999 -9999 -9999 -9999 -9999 -9999 -9999 -9999 -9999 -9999 -9999 -9999 -9999 -9999 -9999 -9999 -9999 -9999 -9999 -9999 -9999 -9999 -9999 -9999 -9999 -9999 -9999 -9999 -9999 -9999 -9999 -9999 -9999 -9999 -9999 -9999 -9999 -9999 -9999 -9999 -9999 -9999 -9999 21.11663 21.09156 21.03381 -9999 -9999 -9999 -9999 -9999 -9999 -9999 -9999 -9999 -9999 -9999 -9999 -9999 -9999 -9999 21.6309 21.67617 21.70591 21.7184 21.67877 21.62162 21.62162
22.10632 21.97895 21.86344 21.76041 -9999 -9999 -9999 -9999 -9999 -9999 -9999 -9999 -9999 -9999 -9999 -9999 -9999 -9999 -9999 -9999 -9999 -9999 -9999 -9999 -9999 -9999 -9999 -9999 -9999 -9999 -9999 -9999 -9999 -9999 -9999 -9999 -9999 -9999 -9999 -9999 -9999 -9999 -9999 -9999 -9999 -9999 -9999 -9999 -9999 21.17356 21.14931 21.09156 -9999 -9999 -9999 -9999 -9999 -9999 -9999 -9999 -9999 -9999 -9999 -9999 -9999 -9999 -9999 21.68182 21.69373 21.72171 21.76755 21.73652 21.67937 21.67937
