tests/test_data/rstack/apr_temp.asc
ncols         147
nrows         127
xllcorner     -90.06084375
yllcorner     23.864697408444
cellsize      0.096253424
NODATA_value  -9999
[rows 0 to 32 of 127, columns 0 to 73 of 147]
17.69771 17.62523 17.55275 17.46856 17.35306 17.25348 17.16743 17.10427 17.04766 17.00463 16.95651 16.89876 16.83196 16.75948 16.738 16.71676 16.65901 16.61932 16.60459 16.57039 16.52736 16.5255 16.51249 16.45474 16.4255 16.4255 16.44707 16.47582 16.51884 16.53174 16.47398 16.45736 16.47209 16.49816 16.52351 16.52351 16.47538 16.3463 16.23537 16.13459 16.1121 16.10767 16.15069 16.16186 16.13356 16.02266 15.87886 15.64928 15.3709 14.95191 14.72094 14.66319 14.71889 14.80994 14.9832 15.15683 15.33124 15.34278 15.24315 15.37797 15.53685 15.60818 15.62791 15.57016 15.56007 15.57364 15.43982 15.29879 15.16857 15.06514 14.99151 14.86496 14.7191 14.48694
17.78869 17.68286 17.57703 17.46856 17.35306 17.28954 17.27019 17.21977 17.16575 17.15608 17.12977 17.07202 16.98472 16.87889 16.82405 16.77451 16.71676 16.66307 16.61499 16.59334 16.58367 16.58325 16.57025 16.51249 16.48325 16.48325 16.45398 16.41705 16.42672 16.41623 16.35848 16.36078 16.40886 16.38465 16.35025 16.35025 16.33943 16.31041 16.25676 16.18934 16.13951 16.10172 16.1114 16.13391 16.17231 16.12812 16.05102 15.82254 15.53575 15.08341 14.83644 14.77869 14.78176 14.80994 14.9832 15.2003 15.50812 15.6729 15.74003 15.78263 15.81248 15.78375 15.74342 15.68567 15.60872 15.52223 15.44454 15.34971 15.18613 14.98617 14.74578 14.52671 14.31344 13.94788
17.85608 17.74057 17.62507 17.50957 17.39406 17.341 17.341 17.31343 17.28384 17.30752 17.30302 17.24527 17.13749 16.9983 16.93102 16.86968 16.78825 16.71676 16.65901 16.6247 16.60102 16.55469 16.50499 16.44724 16.418 16.418 16.41008 16.4 16.4 16.38273 16.32498 16.31933 16.35341 16.31072 16.259 16.259 16.26783 16.29151 16.26296 16.20521 16.169 16.141 16.141 16.17737 16.2588 16.22377 16.14234 15.84392 15.52543 15.15813 14.97659 14.9662 14.94533 14.93974 15.2314 15.49463 15.69907 15.8225 15.89065 15.9 15.89242 15.83467 15.77692 15.71917 15.54372 15.30982 15.17437 15.02675 14.80614 14.45234 13.95047 13.70228 13.54026 13.18335
17.91383 17.79832 17.68282 17.56732 17.45181 17.39875 17.39875 17.39817 17.40193 17.45896 17.47628 17.41853 17.29025 17.11771 17.04652 16.98013 16.86535 16.77451 16.71676 16.6595 16.60247 16.49087 16.38949 16.33174 16.30249 16.30249 16.34541 16.4 16.4 16.38273 16.32498 16.30041 16.30113 16.25297 16.20125 16.20125 16.22251 16.27954 16.26296 16.20521 16.19935 16.19876 16.19876 16.25002 16.36481 16.31542 16.20064 15.80326 15.44355 15.20966 15.12682 15.18313 15.15002 15.12257 15.58099 15.89144 15.89575 15.89836 15.8998 15.9 15.89242 15.83467 15.77692 15.71917 15.4323 15.03164 14.79189 14.55106 14.26374 13.73269 12.93064 12.67923 12.61692 12.32672
18.05208 17.96885 17.78808 17.62507 17.50957 17.47415 17.50678 17.51301 17.51749 17.57524 17.61561 17.62313 17.49952 17.29363 17.18972 17.09059 16.94245 16.83226 16.77451 16.6943 16.60391 16.45827 16.33049 16.27274 16.22739 16.19475 16.231 16.28799 16.32062 16.33598 16.31086 16.28148 16.24885 16.2225 16.2 16.2 16.1972 16.18968 16.17088 16.14576 16.1435 16.15512 16.22039 16.27894 16.32918 16.09754 15.75361 15.51082 15.32983 15.32726 15.28814 15.21536 15.33466 15.51269 15.81154 15.98111 15.88321 15.84349 15.84349 15.87165 15.88814 15.79775 15.57694 15.16023 14.68642 14.18426 13.72211 13.27759 12.89094 12.5363 12.21727 12.14052 12.14869 12.21889
18.20637 18.15618 17.92517 17.72335 17.59962 17.56509 17.60637 17.61426 17.61874 17.67649 17.72569 17.75874 17.64472 17.43842 17.31228 17.18928 17.02426 16.90427 16.84652 16.74335 16.61961 16.4485 16.29569 16.21324 16.14704 16.09752 16.12976 16.18726 16.23677 16.27148 16.27148 16.23871 16.18096 16.1646 16.15895 16.17542 16.17035 16.12907 16.11426 16.11426 16.11426 16.12897 16.21154 16.23148 16.17385 15.83873 15.39306 15.30453 15.27814 15.41846 15.42985 15.32247 15.56019 15.87887 16.01095 16.04891 15.89212 15.81873 15.80226 15.82851 15.82911 15.61479 15.23877 14.61985 14.07261 13.56096 13.01836 12.49568 12.05836 11.83987 11.86469 11.82841 11.77458 12.07169
18.40414 18.38718 18.15618 17.94528 17.78819 17.70228 17.67686 17.67201 17.67649 17.73424 17.74883 17.68182 17.5907 17.48445 17.37003 17.25208 17.12041 17.01977 16.96202 16.8359 16.67881 16.50625 16.33091 16.1484 16.048 16.03184 16.072 16.12848 16.14465 16.15598 16.15598 16.12321 16.06546 16.02122 15.99265 16.07583 16.13747 16.16289 16.17201 16.17201 16.17201 16.16295 16.11211 15.95395 15.66284 15.47587 15.33038 15.378 15.41777 15.42468 15.51098 15.67041 15.91182 16.15806 16.12338 16.07065 15.98057 15.89459 15.81141 15.74219 15.60333 14.98878 14.49246 14.17372 13.90437 13.65954 13.47748 13.26697 12.92972 12.70073 12.59214 12.17498 11.65699 11.75398
18.57665 18.55873 18.34491 18.13745 17.94701 17.80972 17.71759 17.68609 17.67338 17.71395 17.71836 17.65442 17.59428 17.53652 17.44296 17.34464 17.24633 17.15782 17.08288 16.94028 16.76702 16.57732 16.37387 16.12568 16.01697 16.05134 16.10353 16.159 16.14181 16.14004 16.17442 16.14676 16.07182 16.02561 15.99775 16.07888 16.15129 16.20905 16.21874 16.20155 16.21564 16.20305 16.05317 15.80503 15.43514 15.32976 15.32976 15.46027 15.54497 15.48722 15.63665 15.97698 16.1497 16.26558 16.18445 16.09974 16.00761 15.86073 15.67648 15.49222 15.23056 14.45641 13.92929 13.77322 13.65574 13.55743 13.4868 13.41523 13.33272 13.16655 12.90736 12.39821 11.80726 11.70413
18.72538 18.67436 18.49389 18.30163 18.07784 17.88916 17.73033 17.65911 17.61305 17.62026 17.63747 17.67359 17.65203 17.59428 17.53016 17.46519 17.40023 17.31708 17.20879 17.05578 16.88252 16.66092 16.42411 16.14257 16.0499 16.15098 16.21904 16.27348 16.22294 16.21774 16.31882 16.30109 16.1928 16.169 16.16405 16.17847 16.20905 16.2668 16.2551 16.20456 16.24598 16.24892 16.03233 15.77707 15.47389 15.38751 15.38751 15.55083 15.66047 15.60272 15.80424 16.24462 16.28058 16.21166 16.19724 16.13576 15.97692 15.72369 15.40603 15.08836 14.71955 14.0121 13.53836 13.41565 13.33152 13.26655 13.07309 12.97753 13.29526 13.26085 12.83489 12.50542 12.20944 11.90619
18.78358 18.69936 18.5261 18.3229 18.03961 17.81581 17.64255 17.58389 17.55474 17.55474 17.58376 17.66765 17.68058 17.64897 17.61736 17.58179 17.52404 17.44204 17.32654 17.17128 16.99803 16.79453 16.58843 16.3781 16.3157 16.40507 16.45042 16.4793 16.42155 16.39997 16.46318 16.45465 16.39144 16.35921 16.3358 16.3358 16.33784 16.3433 16.29147 16.20757 16.13363 16.04648 15.8939 15.75055 15.61864 15.65584 15.7604 15.75255 15.78342 15.9348 16.1254 16.35214 16.30887 16.2 16.2 16.10095 15.79699 15.46774 15.12123 14.86493 14.60839 14.25521 13.98657 13.84492 13.6196 13.35272 12.94805 12.71791 13.2006 13.19884 12.65839 12.42512 12.30184 12.47816
18.8138 18.69633 18.51959 18.29712 17.95235 17.7003 17.52704 17.49397 17.49424 17.49772 17.53996 17.65547 17.70107 17.70281 17.70302 17.69428 17.63652 17.55526 17.4415 17.28919 17.11942 16.94964 16.79288 16.68086 16.65093 16.70519 16.71545 16.71031 16.65255 16.61207 16.61207 16.61108 16.60934 16.55932 16.50603 16.50603 16.4832 16.42197 16.32369 16.20471 15.98698 15.79095 15.74017 15.73786 15.79562 15.96605 16.18138 15.96799 15.90446 16.30698 16.46994 16.41219 16.31162 16.20573 16.20051 16.04132 15.56363 15.17218 14.83961 14.69882 14.61014 14.6644 14.62843 14.45692 14.05855 13.54749 12.93315 12.55478 13.11836 13.12583 12.51496 12.36638 12.38681 13.19011
18.78927 18.63833 18.39488 18.13294 17.82152 17.5848 17.41154 17.37846 17.3839 17.45409 17.53996 17.65547 17.72157 17.75666 17.76077 17.75203 17.69428 17.62701 17.5466 17.4506 17.34754 17.24447 17.15441 17.1091 17.08001 17.06757 17.01112 16.94131 16.88356 16.84308 16.84308 16.82316 16.78807 16.70469 16.62154 16.62154 16.57384 16.44589 16.28092 16.09522 15.93216 15.81472 15.89735 15.96887 16.02662 15.9824 15.89755 15.87605 15.95381 16.32298 16.46994 16.41219 16.36425 16.3155 16.21021 15.88576 15.10789 14.75323 14.68748 14.66965 14.65914 14.6467 14.58401 14.44585 14.16997 13.82568 13.47182 13.25085 13.5476 13.63569 13.49176 13.63689 13.88732 14.59056
18.73278 18.58041 18.29165 18.00289 17.71413 17.48781 17.31456 17.29879 17.32665 17.43145 17.53626 17.64107 17.71696 17.77472 17.79092 17.79288 17.74582 17.69877 17.65171 17.59729 17.53954 17.50226 17.47649 17.48719 17.45882 17.39037 17.27791 17.1538 17.09605 17.05236 17.04167 17.01034 16.96328 16.87689 16.78926 16.75717 16.67644 16.51388 16.30742 16.07641 15.96995 15.91967 16.07153 16.13836 16.09985 15.92062 15.68534 15.78456 15.95029 16.2968 16.43847 16.39141 16.4068 16.42648 16.24253 15.81952 14.90191 14.56651 14.62853 14.64073 14.63405 14.55491 14.46978 14.37567 14.23297 14.06614 13.99347 13.96446 14.07996 14.24307 14.45911 14.78306 15.14661 15.70701
18.60857 18.52266 18.2339 17.94514 17.65638 17.43006 17.25681 17.295 17.38181 17.45327 17.52472 17.59618 17.65921 17.71696 17.76262 17.79793 17.78422 17.77052 17.75682 17.7128 17.65505 17.68158 17.71501 17.75906 17.73111 17.62931 17.4835 17.32705 17.2693 17.21565 17.1716 17.14477 17.13107 17.10591 17.06757 16.93542 16.80437 16.67517 16.48068 16.24967 16.20389 16.19654 16.2817 16.17754 15.83885 15.69337 15.62485 15.69401 15.83478 16.1813 16.34032 16.32662 16.42798 16.54007 16.32277 15.94248 15.22499 14.87166 14.76692 14.61235 14.45204 14.30619 14.20768 14.18028 14.19342 14.22671 14.47911 14.71523 14.83074 15.05702 15.40647 15.66586 15.89495 16.22188
18.47504 18.397 18.14754 17.90343 17.67362 17.49563 17.36168 17.39775 17.471 17.50911 17.55401 17.61176 17.66951 17.72726 17.76766 17.80297 17.82262 17.82578 17.80613 17.77378 17.73567 17.75168 17.77013 17.78858 17.77001 17.71346 17.58294 17.43226 17.37451 17.32263 17.28453 17.26805 17.26805 17.26805 17.24997 17.07671 16.92499 16.80948 16.63251 16.42115 16.40207 16.38435 16.2849 16.0674 15.70363 15.5719 15.5326 15.64674 15.82631 16.19247 16.35782 16.33817 16.48622 16.65705 16.46534 16.15471 15.59804 15.2342 15.00199 14.75387 14.52884 14.47348 14.46381 14.52276 14.63263 14.76778 15.09977 15.40199 15.53714 15.79972 16.20398 16.39311 16.50843 16.71978
18.33501 18.22399 18.04124 17.87291 17.74316 17.6472 17.57995 17.57479 17.58392 17.58867 17.61176 17.66951 17.72726 17.78501 17.79597 17.80802 17.86102 17.86953 17.81652 17.79673 17.79198 17.74561 17.69736 17.6491 17.64614 17.68965 17.60836 17.49001 17.43226 17.39036 17.38561 17.38355 17.38355 17.38355 17.36547 17.19221 17.04049 16.92499 16.7694 16.5914 16.57533 16.51006 16.14379 15.85312 15.65612 15.52419 15.41819 15.62965 15.89246 16.29198 16.45597 16.40296 16.57028 16.77638 16.65138 16.42919 16.00593 15.63675 15.30448 15.01385 14.7861 14.93087 15.08132 15.24033 15.40568 15.57419 15.81458 16.0441 16.2126 16.49274 16.89701 17.01189 17.02785 17.20585
18.21602 18.10051 17.98446 17.87635 17.78945 17.71831 17.66055 17.64953 17.65175 17.68035 17.70914 17.73829 17.78501 17.84277 17.87478 17.9078 17.96555 17.97481 17.91706 17.87937 17.85077 17.79428 17.73008 17.64373 17.60027 17.60081 17.55651 17.49824 17.44048 17.4 17.4 17.38377 17.35516 17.30265 17.23333 17.06007 16.92968 16.87138 16.79439 16.70695 16.59497 16.44929 16.15944 15.94722 15.83118 15.73597 15.64907 15.95926 16.25486 16.4875 16.61366 16.64172 16.71706 16.79665 16.73836 16.57665 16.20099 15.92765 15.72416 15.54581 15.41333 15.55798 15.70263 15.84728 15.97282 16.08887 16.2858 16.49396 16.72442 16.96946 17.2307 17.31934 17.34915 17.4938
18.11508 17.99979 17.94203 17.88428 17.82653 17.77105 17.7175 17.70388 17.70448 17.76223 17.80145 17.80566 17.84535 17.90731 17.96555 18.0233 18.08105 18.09032 18.03256 17.97192 17.90996 17.85203 17.78127 17.66577 17.57877 17.52102 17.50728 17.50539 17.44343 17.39749 17.38908 17.35028 17.28832 17.18161 17.06139 16.90075 16.80157 16.80577 16.80189 16.79348 16.59404 16.38593 16.22529 16.11061 16.05286 16.01014 15.97341 16.34148 16.63534 16.68888 16.7703 16.8774 16.85775 16.80704 16.80283 16.69394 16.36845 16.20458 16.15103 16.09749 16.06502 16.17211 16.28257 16.39807 16.4778 16.53976 16.70595 16.90031 17.17645 17.37653 17.49204 17.55845 17.60848 17.72399
18.11508 17.99979 17.94203 17.88428 17.82653 17.78908 17.76889 17.73465 17.70448 17.76223 17.81299 17.85055 17.9236 18.0189 18.08105 18.13881 18.19656 18.20582 18.14807 18.06447 17.96916 17.90978 17.83902 17.72352 17.63652 17.57877 17.56503 17.56212 17.46681 17.37754 17.30243 17.21585 17.12054 17.00835 16.89858 16.838 16.814 16.85156 16.81686 16.74175 16.62731 16.51927 16.45869 16.39937 16.34162 16.41815 16.54819 16.68936 16.80019 16.82038 16.85109 16.89148 16.88407 16.86288 16.82532 16.74828 16.58956 16.51316 16.49297 16.47277 16.46053 16.50092 16.57133 16.68683 16.78884 16.88415 17.05247 17.2263 17.40239 17.54979 17.66529 17.68221 17.66624 17.78174
18.16065 18.04535 17.9876 17.92627 17.85536 17.82278 17.82278 17.79735 17.77181 17.8164 17.861 17.90559 18.00184 18.1305 18.20818 18.2751 18.3197 18.3158 18.24489 18.15234 18.05 17.99032 17.91956 17.80406 17.71706 17.65931 17.63554 17.62006 17.53087 17.43382 17.31831 17.20281 17.08731 16.9828 16.88976 16.87661 16.88498 16.92957 16.8715 16.75599 16.71697 16.69348 16.70664 16.70576 16.68748 16.80042 16.96564 16.92953 16.9 16.9 16.90685 16.92001 16.93317 16.94377 16.91233 16.87232 16.81457 16.79114 16.79114 16.79114 16.79114 16.79114 16.83204 16.93439 17.05432 17.18298 17.34108 17.48934 17.59168 17.69403 17.79638 17.79946 17.76928 17.85847
18.27615 18.16086 18.10311 18.0327 17.92843 17.88054 17.88054 17.90907 17.94248 17.95372 17.96496 17.9762 18.08009 18.2421 18.35313 18.44331 18.45455 18.4173 18.31304 18.23305 18.16406 18.10582 18.03506 17.91956 17.83257 17.77481 17.72563 17.67985 17.65737 17.60707 17.49157 17.37607 17.26056 17.18394 17.11729 17.07078 17.0458 17.05704 16.987 16.8715 16.89316 16.93044 16.97695 17.03921 17.12099 17.14318 17.14164 17.00437 16.9 16.9 16.92421 16.97072 17.01723 17.0631 17.09837 17.10333 17.04558 17.02215 17.02215 17.02215 17.02215 17.02215 17.04972 17.11871 17.24986 17.41187 17.54085 17.65576 17.72475 17.79374 17.86273 17.90671 17.94184 17.96432
18.42994 18.31457 18.2347 18.15116 18.05777 18.01487 18.01487 18.0437 18.07829 18.1004 18.11487 18.11487 18.22132 18.39458 18.51684 18.61152 18.58941 18.52809 18.41258 18.33683 18.27908 18.20017 18.11726 18.02387 17.94807 17.89032 17.84942 17.81419 17.79208 17.74865 17.65526 17.56187 17.46848 17.38639 17.30884 17.25109 17.19013 17.1238 17.08265 17.0556 17.14593 17.2282 17.21962 17.23683 17.28599 17.24289 17.16302 17.01305 16.90557 16.92768 16.95684 16.99248 17.04556 17.10458 17.18445 17.23388 17.22035 17.22801 17.25012 17.23408 17.21487 17.21487 17.22911 17.26475 17.36279 17.49182 17.60818 17.72091 17.82289 17.88298 17.89651 17.94285 18 18
18.6032 18.4877 18.37449 18.27574 18.2157 18.18812 18.18812 18.18997 18.19638 18.25185 18.28812 18.28812 18.39458 18.56783 18.6901 18.77973 18.72426 18.64359 18.52809 18.45233 18.39458 18.28376 18.18252 18.12248 18.06357 18.00582 17.99034 17.98643 17.93096 17.87413 17.81409 17.75405 17.69401 17.58952 17.48209 17.42434 17.32608 17.15969 17.16821 17.27456 17.43762 17.55688 17.44824 17.36539 17.3145 17.21904 17.10582 16.9881 16.91398 16.96944 16.99723 16.99952 17.04556 17.1065 17.21972 17.31337 17.36655 17.42109 17.47655 17.43631 17.38812 17.38812 17.38903 17.39132 17.43372 17.49605 17.60818 17.73459 17.90327 17.9669 17.91372 17.94285 18 18
18.77645 18.66095 18.54545 18.44566 18.38791 18.34458 18.31352 18.30758 18.30965 18.33634 18.37529 18.43742 18.54874 18.69093 18.78214 18.84505 18.7873 18.7053 18.5898 18.51404 18.45629 18.34329 18.24778 18.2211 18.17908 18.12132 18.10759 18.10677 18.08008 18.04411 17.98636 17.91098 17.82216 17.737 17.64238 17.46036 17.32794 17.27895 17.33545 17.45095 17.56247 17.64428 17.59091 17.50783 17.38795 17.27119 17.15569 17.1013 17.0681 17.09479 17.10759 17.10759 17.17766 17.26801 17.38351 17.50044 17.62033 17.68482 17.71151 17.63854 17.56138 17.56138 17.54896 17.51789 17.54617 17.60392 17.68667 17.78295 17.92514 17.98736 17.96068 17.95054 17.94621 17.94621
18.94481 18.82266 18.70716 18.60556 18.54114 18.48032 18.42257 18.41154 18.41154 18.41154 18.45151 18.56701 18.67842 18.78725 18.85099 18.89025 18.82583 18.74277 18.63393 18.56025 18.5025 18.39587 18.31154 18.31154 18.28304 18.22528 18.20646 18.2002 18.20687 18.19428 18.13652 18.046 17.9305 17.85769 17.77264 17.51055 17.36522 17.41631 17.5087 17.62421 17.68111 17.72309 17.72309 17.64868 17.48209 17.3568 17.24797 17.23306 17.22309 17.22309 17.23003 17.24336 17.3373 17.45319 17.57536 17.70766 17.86091 17.92309 17.92309 17.82919 17.73376 17.72709 17.70001 17.64226 17.65722 17.70831 17.76563 17.83249 17.93466 17.99161 17.99828 17.9522 17.88853 17.89519
19.09354 18.93816 18.82266 18.71198 18.61421 18.53807 18.48032 18.4693 18.4693 18.4693 18.50926 18.62476 18.71568 18.79116 18.85099 18.8852 18.78743 18.69901 18.62353 18.56025 18.5025 18.42778 18.3693 18.3693 18.34079 18.28304 18.2388 18.20122 18.24124 18.25203 18.19428 18.10375 17.98825 17.88757 17.78657 17.65789 17.5838 17.60153 17.68196 17.79746 17.82402 17.83859 17.83859 17.77908 17.64585 17.55391 17.47843 17.39846 17.33859 17.33859 17.38025 17.46029 17.56831 17.68611 17.84163 17.96382 18.01701 18.03859 18.03859 17.97347 17.90264 17.86262 17.81551 17.75776 17.75044 17.76817 17.82339 17.87657 17.91203 17.94965 17.98967 17.92746 17.83112 17.87114
19.21523 19.02662 18.91112 18.79986 18.69998 18.62288 18.56512 18.54146 18.52705 18.52705 18.56701 18.68251 18.75294 18.79506 18.8372 18.8602 18.77594 18.68969 18.60069 18.54395 18.50182 18.44475 18.4 18.4 18.38691 18.3604 18.31008 18.25491 18.28142 18.2874 18.24527 18.17037 18.07049 17.9706 17.87512 17.81737 17.78697 17.80259 17.86223 17.94649 17.93989 17.92148 17.89024 17.81438 17.68326 17.63812 17.62723 17.54417 17.47721 17.46159 17.52234 17.65347 17.78459 17.91634 18.05836 18.1541 18.1541 18.14481 18.12919 18.07722 18.02152 17.97939 17.93726 17.89513 17.87071 17.85509 17.90819 17.95089 17.93527 17.947 17.98913 17.92589 17.82749 17.86962
19.30621 19.08437 18.96887 18.86669 18.80016 18.73838 18.68063 18.62998 18.5848 18.5848 18.62476 18.74027 18.79019 18.79897 18.80775 18.81254 18.79498 18.71943 18.56374 18.50916 18.50038 18.44475 18.4 18.4 18.41984 18.46004 18.42559 18.36837 18.32818 18.29737 18.2886 18.24705 18.18052 18.11399 18.04837 17.99062 17.97266 18.02163 18.05046 18.06802 18.02505 17.96735 17.8694 17.74173 17.57726 17.59417 17.68334 17.66753 17.64206 17.59308 17.65521 17.81968 17.98416 18.14352 18.21883 18.2696 18.2696 18.2405 18.19152 18.13497 18.08365 18.07487 18.06609 18.05731 18.02168 17.97271 18.02369 18.05956 18.01058 17.98896 17.99773 17.95064 17.88489 17.89367
19.34822 19.14212 19.02662 18.92015 18.83782 18.76878 18.71103 18.65327 18.60191 18.62648 18.68251 18.79802 18.85765 18.88223 18.84171 18.8 18.8 18.7479 18.62379 18.56819 18.54362 18.51081 18.4851 18.4851 18.51361 18.57137 18.54109 18.48334 18.42559 18.3851 18.3851 18.36628 18.3331 18.25884 18.18421 18.1756 18.18258 18.21576 18.2119 18.18732 18.06549 17.93686 17.82136 17.73494 17.68456 17.73523 17.82616 17.77931 17.74039 17.73178 17.81783 17.99109 18.14496 18.2856 18.2942 18.30801 18.33258 18.32283 18.28966 18.21408 18.14578 18.17035 18.1851 18.1851 18.16294 18.12976 18.1127 18.0932 18.06002 18.03092 18.00634 17.97538 17.94255 17.94255
19.37274 19.19988 19.08437 18.96882 18.85314 18.76878 18.71103 18.65342 18.60478 18.66253 18.74009 18.85506 18.93498 18.99291 18.89818 18.80058 18.80041 18.77613 18.71856 18.66086 18.60311 18.60061 18.60061 18.60061 18.62912 18.68687 18.65673 18.59915 18.5414 18.50091 18.50091 18.50081 18.50064 18.4042 18.30692 18.3645 18.40054 18.40037 18.36304 18.30494 18.09002 17.88012 17.76514 17.75288 17.86785 17.94191 17.99966 17.88717 17.81547 17.87322 17.99091 18.16381 18.29129 18.39669 18.33912 18.31912 18.37687 18.4002 18.40002 18.30065 18.20819 18.26594 18.30068 18.30085 18.30091 18.30091 18.19257 18.10057 18.1004 18.07288 18.01495 18.00013 18.00031 18.00066
19.39727 19.25763 19.14212 19.0175 18.86846 18.76878 18.71103 18.6804 18.66253 18.72029 18.76322 18.77814 18.83998 18.93126 18.92877 18.91104 18.87751 18.84789 18.82366 18.77636 18.71861 18.71611 18.71611 18.71611 18.74462 18.80237 18.79765 18.7724 18.71465 18.67417 18.67417 18.65514 18.62161 18.54759 18.4767 18.50092 18.50361 18.47008 18.37802 18.25321 18.12329 18.01345 17.99854 17.99694 18.01186 18.05741 18.11516 18.03548 17.98872 18.04647 18.12944 18.23564 18.32273 18.39861 18.37439 18.37687 18.43463 18.43813 18.4046 18.3582 18.32369 18.38144 18.42951 18.46304 18.47417 18.47417 18.33459 18.20924 18.17571 18.11484 18.02355 18.02488 18.05875 18.12581
19.43088 19.31535 19.19071 19.05533 18.8912 18.78459 18.72684 18.71581 18.71958 18.7682 18.78633 18.74684 18.79137 18.88861 18.95905 19.00845 18.95983 18.93162 18.93162 18.89187 18.83411 18.83162 18.83367 18.8428 18.87143 18.92005 18.93162 18.93013 18.88151 18.84742 18.84742 18.80947 18.74259 18.67571 18.61581 18.61581 18.59768 18.54906 18.43222 18.27722 18.21069 18.1719 18.22052 18.22571 18.17708 18.19147 18.23097 18.17481 18.14387 18.19249 18.24587 18.30362 18.35417 18.4 18.4 18.41882 18.47657 18.4711 18.42248 18.42369 18.438 18.48662 18.54619 18.6222 18.64132 18.63219 18.48645 18.34952 18.28264 18.20138 18.10413 18.12189 18.17996 18.26807
19.48864 19.37297 19.21499 19.06441 18.93364 18.84234 18.78459 18.77356 18.77474 18.79001 18.80941 18.83663 18.86588 18.89642 18.9885 19.07125 19.05598 19.04712 19.04712 19.00737 18.94962 18.94712 18.95669 18.99917 19.02822 19.04349 19.04712 19.04665 19.03138 19.02068 19.02068 18.9638 18.86357 18.76333 18.67356 18.67356 18.66787 18.6526 18.5905 18.50221 18.4417 18.39696 18.41223 18.41386 18.39859 18.37478 18.34757 18.29032 18.25097 18.26624 18.30362 18.36137 18.38561 18.4 18.4 18.41882 18.47657 18.49092 18.47565 18.51021 18.54912 18.56439 18.6306 18.77332 18.7923 18.74981 18.66443 18.57369 18.47345 18.40622 18.37568 18.41065 18.46768 18.45573
