tests/test_data/rstack/aug_temp.asc
ncols         147
nrows         127
xllcorner     -90.06084375
yllcorner     23.864697408444
cellsize      0.096253424
NODATA_value  -9999
[rows 0 to 32 of 127, columns 0 to 73 of 147]
30.25754 30.19973 30.12725 30.05878 30.00103 29.92002 29.81924 29.73038 29.64652 29.58877 29.51103 29.39553 29.28003 29.16452 29.12499 29.09126 29.03351 28.97576 28.918 28.87039 28.82736 28.81141 28.78699 28.72924 28.67876 28.63573 28.7023 28.80086 28.82916 28.86627 28.92402 28.99784 29.08389 29.16994 29.23957 29.16824 29.07538 28.9463 28.78889 28.61564 28.46813 28.33609 28.26361 28.18507 28.09902 27.93037 27.72881 27.44148 27.0945 26.57474 26.28071 26.19466 26.32389 26.51241 26.72869 26.95975 27.22136 27.28578 27.2156 27.44141 27.68963 27.77453 27.7911 27.70505 27.68556 27.69914 27.6597 27.59879 27.46856 27.36514 27.29151 27.15404 26.9936 26.76144
30.25754 30.19961 30.09378 30.00103 29.94328 29.8803 29.81287 29.78435 29.76202 29.70427 29.62654 29.51103 29.39553 29.28003 29.1816 29.09126 29.03351 28.97576 28.918 28.89334 28.88367 28.83725 28.78699 28.72924 28.69522 28.68555 28.73463 28.79883 28.76042 28.75077 28.80852 28.84448 28.86383 28.88317 28.9035 28.93223 28.93943 28.91041 28.78889 28.61564 28.40744 28.21464 28.10881 28.04161 28.02226 27.92032 27.78547 27.49923 27.15225 26.63249 26.37318 26.35383 26.41821 26.5105 26.69343 26.9672 27.42893 27.71329 27.87659 27.99055 28.06763 27.95242 27.87552 27.85617 27.79197 27.70548 27.69094 27.64971 27.48613 27.28617 27.04578 26.79103 26.53019 26.16463
30.28113 30.19957 30.08407 29.97784 29.89641 29.84058 29.80651 29.8 29.79736 29.76328 29.70923 29.61741 29.49648 29.3573 29.23902 29.13226 29.07451 29.00682 28.92538 28.8837 28.86002 28.80375 28.74599 28.68824 28.659 28.659 28.70301 28.75796 28.72388 28.70311 28.7135 28.718 28.718 28.6982 28.68302 28.74077 28.77699 28.77699 28.68107 28.5315 28.32938 28.14264 28.05081 28 28 27.9174 27.8019 27.49269 27.15187 26.72682 26.523 26.523 26.56857 26.64246 26.98147 27.32537 27.67938 27.91808 28.07805 28.10897 28.10458 28.00237 27.92207 27.87471 27.71854 27.50832 27.40628 27.28089 27.0366 26.63671 26.06379 25.78956 25.61676 25.21249
30.31436 30.19957 30.08407 29.96876 29.85398 29.80086 29.80014 29.8 29.79994 29.79922 29.77852 29.72005 29.59149 29.41896 29.29678 29.19001 29.13226 29.05057 28.93578 28.86075 28.80371 28.74599 28.68824 28.63049 28.60125 28.60125 28.64526 28.70123 28.70051 28.68316 28.62685 28.60249 28.60249 28.55482 28.50977 28.56752 28.60374 28.60374 28.52921 28.41298 28.24422 28.09083 28.03235 28 28 27.9174 27.8019 27.45989 27.12775 26.83611 26.69626 26.69626 26.74182 26.82912 27.4016 27.82681 27.94736 28.03187 28.09178 28.05142 28.00221 28.00005 27.95317 27.8391 27.57165 27.22802 26.99257 26.74061 26.39626 25.75417 24.78102 24.52724 24.51947 24.11521
30.42809 30.31246 30.16433 30.02507 29.90957 29.8565 29.8565 29.8565 29.85904 29.89167 29.90432 29.8792 29.74301 29.53712 29.41103 29.29933 29.20895 29.10802 28.99251 28.91676 28.859 28.73881 28.62314 28.53276 28.45477 28.38951 28.41799 28.47597 28.54124 28.58924 28.59675 28.58148 28.54885 28.49522 28.44612 28.47124 28.47482 28.44219 28.37734 28.29447 28.18875 28.08971 28.03196 27.98542 27.95279 27.72088 27.40958 27.19203 27.0235 26.99581 26.93157 26.83367 27.03879 27.33046 27.71218 27.95399 27.90632 27.90192 27.92704 27.96512 27.98715 27.88926 27.65389 27.21206 26.70309 26.16078 25.66552 25.16984 24.66017 24.22053 23.85878 23.78964 23.82214 23.84211
30.54964 30.44207 30.25235 30.08282 29.96732 29.90981 29.90157 29.9 29.90448 29.96223 29.99715 29.98892 29.85392 29.63938 29.51228 29.39678 29.28127 29.16577 29.05026 28.96884 28.90285 28.72636 28.55788 28.43414 28.3226 28.22356 28.23774 28.28877 28.3878 28.47203 28.52155 28.51487 28.46535 28.41583 28.37234 28.38058 28.36728 28.31776 28.25768 28.1917 28.14069 28.08677 28.01255 27.92362 27.81647 27.49088 27.07826 26.99837 26.98021 27.12877 27.15268 27.06176 27.38109 27.7955 27.96887 28.03465 27.87786 27.80936 27.80113 27.87124 27.90619 27.62589 27.21026 26.59134 25.97242 25.3535 24.75001 24.15096 23.56509 23.28793 23.35403 23.31008 23.23181 23.52891
30.68967 30.61508 30.35865 30.14058 30.02507 29.94953 29.90794 29.9 29.90448 29.96223 29.98561 29.94403 29.83715 29.68932 29.57003 29.45453 29.33902 29.22352 29.10802 29.00364 28.9043 28.69445 28.49262 28.33553 28.24002 28.20769 28.21232 28.22898 28.26131 28.28881 28.30497 28.30279 28.28662 28.27046 28.26032 28.30191 28.32196 28.3058 28.2363 28.13696 28.11329 28.07489 27.93396 27.71873 27.41146 27.17197 26.95947 27.04689 27.12825 27.17675 27.32628 27.56889 27.85336 28.12861 28.06851 27.99864 27.90855 27.84729 27.80571 27.75613 27.61829 26.9044 26.34845 26.02971 25.71096 25.39222 25.15138 24.88502 24.49927 24.23271 24.0987 23.58241 22.94096 23.03795
30.83418 30.75852 30.48695 30.24849 30.09861 29.98925 29.91431 29.88609 29.87338 29.91395 29.93239 29.90901 29.83959 29.74127 29.62778 29.51488 29.41656 29.31103 29.19553 29.04454 28.87747 28.64923 28.43122 28.25797 28.17872 28.19591 28.2 28.2 28.2 28.21028 28.24465 28.24977 28.23258 28.24413 28.26196 28.28534 28.3 28.3 28.23695 28.13864 28.12976 28.09276 27.88513 27.59735 27.21027 27.05428 26.99034 27.1766 27.31471 27.29753 27.51759 27.95623 28.1497 28.26325 28.14156 28.0295 27.93738 27.80439 27.64351 27.4328 27.12612 26.23647 25.64001 25.48394 25.33936 25.20048 25.05709 24.92947 24.86415 24.67155 24.33741 23.71863 23.00708 22.88676
30.98292 30.87414 30.63593 30.40359 30.18701 30.02897 29.92068 29.85911 29.81305 29.82026 29.83996 29.88329 29.86008 29.79512 29.68554 29.57768 29.51272 29.42654 29.31103 29.09117 28.82405 28.59148 28.37347 28.20022 28.13744 28.18798 28.2 28.2 28.2 28.23022 28.3313 28.34635 28.2958 28.32976 28.3705 28.32718 28.3 28.3 28.25834 28.19338 28.18751 28.13863 27.86429 27.55449 27.20077 27.12583 27.16195 27.38266 27.53732 27.48677 27.72556 28.23091 28.28058 28.21125 28.18961 28.12327 27.96444 27.68546 27.32446 26.91364 26.44185 25.6189 25.07582 24.9531 24.86416 24.79198 24.49664 24.32535 24.69362 24.63454 24.10029 23.72683 23.40891 23.05512
31.0343 30.94431 30.68716 30.43713 30.20612 30.02342 29.88178 29.78686 29.7115 29.73764 29.77472 29.83247 29.85137 29.84591 29.76637 29.67388 29.56384 29.45151 29.33601 29.11925 28.85663 28.62425 28.41214 28.26502 28.21904 28.27679 28.31045 28.3358 28.3358 28.36252 28.45188 28.47259 28.44098 28.44037 28.44197 28.41035 28.38078 28.35464 28.30823 28.25048 28.10257 27.94085 27.75666 27.59337 27.45599 27.53293 27.69525 27.69372 27.73527 27.91279 28.13239 28.39074 28.35414 28.24376 28.21762 28.09244 27.76233 27.37262 26.94221 26.61986 26.30009 25.88369 25.55621 25.36228 25.08467 24.7655 24.27382 23.97913 24.49343 24.46599 23.83619 23.57986 23.45651 23.62737
31.05022 30.98989 30.70287 30.43015 30.19565 29.99427 29.82101 29.69871 29.60146 29.65921 29.71757 29.77706 29.83441 29.89042 29.84753 29.77404 29.60253 29.45453 29.33902 29.14522 28.91596 28.68502 28.48081 28.36879 28.34058 28.39833 28.45475 28.509 28.50726 28.52382 28.58332 28.60707 28.60359 28.5562 28.50603 28.50603 28.4832 28.42197 28.35849 28.29377 27.97904 27.69126 27.64222 27.66668 27.78218 28.00787 28.27747 28.00988 27.91902 28.37929 28.56903 28.50954 28.40861 28.2994 28.23642 28.01779 27.47711 26.99561 26.5545 26.39732 26.30689 26.35942 26.27693 25.99166 25.47836 24.8518 24.17605 23.75177 24.31535 24.2963 23.62941 23.46767 23.49047 24.35501
30.9102 30.81675 30.56309 30.29649 29.99529 29.76326 29.59 29.54866 29.54371 29.60146 29.67135 29.7642 29.81392 29.83658 29.81923 29.77909 29.64093 29.51228 29.39677 29.22593 29.03002 28.80053 28.61134 28.56602 28.57158 28.62934 28.66034 28.68123 28.64614 28.6493 28.74215 28.74248 28.67229 28.64183 28.62154 28.62154 28.57384 28.44589 28.27294 28.07481 27.8694 27.72098 27.8387 27.95544 28.07094 28.03427 27.93698 27.893 27.96836 28.39528 28.55168 28.45883 28.40348 28.35141 28.18837 27.77186 26.83095 26.42494 26.38407 26.33937 26.29376 26.24623 26.13033 25.91177 25.53203 25.07223 24.65696 24.39008 24.68683 24.76419 24.5976 24.76293 25.04942 25.88061
30.75951 30.64358 30.41257 30.15595 29.83083 29.58781 29.41456 29.43686 29.50448 29.56223 29.63256 29.72667 29.76953 29.78023 29.78148 29.76562 29.66081 29.55151 29.43601 29.28812 29.12556 28.91798 28.75556 28.75556 28.79991 28.88975 28.89482 28.87232 28.81457 28.80223 28.89634 28.88364 28.78953 28.76514 28.75333 28.73194 28.65792 28.49535 28.25186 27.9631 27.86116 27.82805 28.02697 28.14086 28.1494 27.94993 27.6676 27.76604 27.94632 28.35059 28.48989 28.38508 28.37984 28.38674 28.15573 27.63618 26.51966 26.15312 26.29856 26.26315 26.19083 26.06463 25.92818 25.77631 25.53728 25.25495 25.12086 25.04594 25.16144 25.32961 25.55635 25.92591 26.34842 27.08207
30.58626 30.47033 30.23932 30.00085 29.74244 29.53006 29.35681 29.40609 29.50448 29.56223 29.60948 29.63689 29.67452 29.71857 29.72373 29.71291 29.64146 29.55151 29.43601 29.31107 29.18187 29.03955 28.92882 28.92882 29.02256 29.21246 29.1905 29.10333 29.04558 29.01329 29.04069 29.03699 29.00959 28.96827 28.91962 28.83153 28.7281 28.59889 28.36737 28.07861 28.06769 28.09898 28.19784 28.10739 27.7824 27.63102 27.54881 27.61773 27.77307 28.17733 28.33399 28.26254 28.31696 28.38674 28.15573 27.73399 26.91764 26.51432 26.39293 26.14825 25.8977 25.73815 25.60833 25.52317 25.43998 25.35776 25.54875 25.73896 25.85446 26.1016 26.4951 26.80871 27.09676 27.59694
30.39342 30.29721 30.10551 29.91915 29.74709 29.59563 29.46168 29.48186 29.53698 29.57508 29.6068 29.62645 29.65744 29.69554 29.7 29.69126 29.63351 29.55976 29.46391 29.35453 29.23902 29.12352 29.0296 29.00995 29.09463 29.28634 29.27388 29.19824 29.14048 29.1 29.1 29.11115 29.1308 29.10217 29.05394 28.91879 28.79096 28.67546 28.47405 28.22459 28.23674 28.25033 28.15088 27.93337 27.56961 27.45192 27.43227 27.52741 27.69693 28.08154 28.23592 28.17817 28.28811 28.42302 28.23131 27.90187 27.28744 26.86585 26.57589 26.22019 25.89481 25.83945 25.81456 25.83541 25.85545 25.8751 26.12727 26.3599 26.45576 26.72499 27.18701 27.46304 27.67559 28.00126
30.18694 30.12421 29.9992 29.88863 29.81663 29.7472 29.67995 29.63191 29.59215 29.5969 29.61834 29.67134 29.6947 29.69944 29.7 29.69126 29.63351 29.57376 29.51126 29.41228 29.29678 29.18127 29.07984 29.02684 29.06171 29.18671 29.20921 29.19824 29.14048 29.1 29.1 29.13008 29.18308 29.18781 29.16597 28.99746 28.84871 28.73321 28.57458 28.39182 28.37965 28.31828 27.95201 27.66135 27.46435 27.37032 27.31732 27.47751 27.68853 28.03979 28.17817 28.12041 28.28298 28.4846 28.3596 28.11859 27.63758 27.21065 26.82063 26.42242 26.09433 26.23909 26.38765 26.54191 26.62851 26.68151 26.81085 26.93058 26.99309 27.24476 27.70677 27.95807 28.13622 28.32847
30.08698 30.00073 29.94243 29.88428 29.82653 29.76878 29.71103 29.67642 29.64953 29.64953 29.65961 29.68876 29.7 29.7 29.7 29.69992 29.69937 29.6628 29.57645 29.47003 29.35453 29.23902 29.13008 29.04373 29.02878 29.08707 29.12274 29.14871 29.09096 29.05047 29.05047 29.05078 29.05132 29.00359 28.93726 28.79261 28.66949 28.58259 28.51368 28.45484 28.34544 28.19976 27.90991 27.71047 27.62303 27.53636 27.45 27.73153 27.99078 28.16567 28.26413 28.29219 28.36753 28.44548 28.35858 28.16809 27.76328 27.4438 27.18255 26.92131 26.70957 26.82562 26.93024 27.01768 27.06618 27.09532 27.23214 27.37614 27.5197 27.74633 28.06533 28.23375 28.35069 28.55255
30.01198 29.89272 29.89272 29.87929 29.82995 29.77606 29.71831 29.70728 29.70663 29.69822 29.69417 29.69838 29.70259 29.70679 29.70728 29.71602 29.77377 29.75702 29.63732 29.5205 29.405 29.29352 29.18222 29.07092 29.01041 29.002 29.04081 29.09096 29.0332 28.9902 28.98179 28.94061 28.87445 28.76704 28.65242 28.54532 28.46133 28.41619 28.42895 28.47408 28.27948 28.07212 27.91569 27.82724 27.82304 27.75729 27.66701 28.03006 28.30728 28.30728 28.36083 28.46372 28.44319 28.3894 28.33165 28.18529 27.8556 27.6582 27.5511 27.43675 27.34288 27.39222 27.42184 27.42184 27.42746 27.43587 27.60261 27.78933 28.01193 28.20917 28.37822 28.46469 28.5242 28.75101
29.98746 29.83497 29.83497 29.83969 29.85706 29.83381 29.77606 29.76503 29.75921 29.68409 29.64796 29.68552 29.72308 29.76064 29.76503 29.77377 29.83153 29.80078 29.64771 29.5205 29.405 29.32543 29.24748 29.16953 29.09299 29.01787 29.01539 29.0332 28.97545 28.91251 28.83739 28.72951 28.59664 28.47828 28.37062 28.33023 28.32538 28.3803 28.36478 28.30986 28.19725 28.0959 28.07287 28.04336 28.0058 28.07365 28.18349 28.28739 28.36503 28.36503 28.36651 28.36934 28.354 28.33165 28.2739 28.17101 27.97473 27.8711 27.83071 27.72551 27.62288 27.60552 27.5951 27.5951 27.64528 27.7204 27.92261 28.12216 28.27805 28.42439 28.56008 28.63795 28.69711 28.89056
29.99196 29.84557 29.84557 29.85771 29.9023 29.89156 29.83381 29.81214 29.79309 29.7039 29.65645 29.68788 29.74357 29.81448 29.8344 29.85033 29.88176 29.83831 29.69138 29.56607 29.45057 29.4029 29.34942 29.26535 29.17226 29.06992 29.04557 29.04381 28.98605 28.9071 28.77844 28.6394 28.49246 28.3828 28.28977 28.27661 28.2967 28.37273 28.33437 28.23202 28.19419 28.17865 28.2364 28.26019 28.24191 28.35485 28.52007 28.4401 28.37721 28.37721 28.354 28.30941 28.31038 28.32098 28.28955 28.23072 28.11521 28.06053 28.04737 27.95727 27.8625 27.81791 27.78588 27.77272 27.85432 27.98298 28.19517 28.39204 28.50754 28.61682 28.71916 28.80795 28.89267 29.03961
30.04101 29.96107 29.96107 29.96413 29.97537 29.94931 29.89156 29.84291 29.79826 29.77578 29.74887 29.7136 29.76406 29.86833 29.9216 29.95573 29.92046 29.86632 29.78608 29.68158 29.56607 29.55032 29.50766 29.35688 29.24648 29.17749 29.16107 29.15931 29.10156 29.01263 28.85061 28.73501 28.65478 28.58394 28.51729 28.47078 28.43265 28.40862 28.35575 28.28676 28.31262 28.3519 28.40965 28.47814 28.55992 28.58211 28.58056 28.43224 28.31946 28.31946 28.31361 28.30237 28.33669 28.38256 28.41783 28.40397 28.28847 28.21397 28.16746 28.10155 28.04013 28.02889 28.00356 27.95705 28.04986 28.21187 28.39494 28.56529 28.6808 28.77428 28.84327 28.97294 29.12298 29.20321
30.15615 30.0765 30.05438 30.03227 30.01016 29.98073 29.94509 29.89156 29.83829 29.83829 29.82596 29.79032 29.82037 29.89165 29.95099 29.99461 29.95897 29.91404 29.85629 29.75879 29.64329 29.61713 29.57592 29.46901 29.38636 29.32861 29.31487 29.31243 29.23256 29.138 29.00896 28.90784 28.82797 28.76659 28.70653 28.62667 28.52207 28.37587 28.34311 28.37381 28.46935 28.55951 28.59514 28.62695 28.65401 28.6046 28.52473 28.37476 28.26171 28.26171 28.2502 28.22809 28.25154 28.28972 28.36958 28.4074 28.35823 28.33025 28.31672 28.26504 28.21487 28.21487 28.19178 28.13403 28.20107 28.33011 28.50056 28.66651 28.80412 28.90392 28.96167 29.05591 29.16231 29.22006
30.30488 30.19188 30.13641 30.08095 30.02548 29.99876 29.99648 29.94931 29.89604 29.89604 29.89525 29.89296 29.89489 29.89946 29.95099 29.99965 29.99737 29.9718 29.91404 29.81654 29.70104 29.64298 29.59846 29.59159 29.55961 29.50186 29.48812 29.48466 29.37144 29.27345 29.21112 29.11992 29.0067 28.93985 28.8763 28.76309 28.58783 28.30822 28.31316 28.47727 28.64554 28.78457 28.78686 28.74062 28.63426 28.523 28.40978 28.29206 28.20396 28.20396 28.17509 28.11963 28.10972 28.11838 28.23159 28.3245 28.37539 28.42764 28.48082 28.4383 28.38812 28.38812 28.36504 28.30729 28.32976 28.39209 28.55831 28.7311 28.90207 29.01943 29.07718 29.09717 29.10456 29.16231
30.36887 30.25358 30.19583 30.13807 30.08032 30.05379 30.05379 30.00707 29.95138 29.92032 29.91075 29.94181 29.97288 30.00395 30.03115 30.05379 30.05379 30.01651 29.92769 29.86327 29.80989 29.75233 29.70758 29.70758 29.66374 29.57492 29.55379 29.55216 29.49879 29.44411 29.38636 29.29583 29.18033 29.08713 28.98256 28.74279 28.55425 28.45189 28.48643 28.59756 28.73694 28.85933 28.89039 28.82824 28.65061 28.5174 28.4019 28.28639 28.19217 28.1611 28.11615 28.0584 28.09523 28.16042 28.27592 28.40298 28.55393 28.63103 28.65771 28.61155 28.5573 28.52624 28.4845 28.42675 28.44617 28.50392 28.64076 28.78932 28.96257 29.08114 29.13889 29.13074 29.10028 29.12696
30.43326 30.31131 30.24689 30.18428 30.12653 30.09279 30.07946 30.03019 29.97347 29.92905 29.92229 29.98671 30.04703 30.10478 30.11155 30.11054 30.10387 30.05431 29.94547 29.91154 29.91154 29.85629 29.81154 29.81154 29.75782 29.64898 29.61801 29.61175 29.61842 29.60582 29.54807 29.44998 29.32114 29.20345 29.06662 28.74677 28.56274 28.60715 28.6644 28.72882 28.82758 28.92065 28.97173 28.8998 28.67546 28.53371 28.42488 28.30293 28.19867 28.14758 28.0965 28.04542 28.1205 28.2301 28.35227 28.50339 28.7144 28.80792 28.82126 28.77326 28.71551 28.65776 28.60001 28.54226 28.55722 28.6083 28.71972 28.8457 29.01229 29.12735 29.1851 29.1522 29.08853 29.09519
30.52424 30.36893 30.27116 30.18428 30.12653 30.05673 29.97669 29.91468 29.86313 29.88542 29.93383 30.0316 30.10478 30.16253 30.1693 30.16324 30.12322 30.06831 29.99283 29.9693 29.9693 29.91404 29.8693 29.8693 29.83204 29.75655 29.70809 29.67052 29.71054 29.72132 29.66357 29.52763 29.33208 29.20345 29.08054 28.89411 28.76888 28.74659 28.80129 28.89907 28.94015 28.97246 28.99019 28.91469 28.72371 28.61532 28.53983 28.38562 28.26483 28.2471 28.22936 28.21163 28.26744 28.34752 28.50304 28.64404 28.75499 28.84757 28.92761 28.88877 28.83101 28.77326 28.71551 28.65776 28.65044 28.66817 28.77748 28.89662 29.02985 29.12735 29.1851 29.12746 29.03112 29.07114
30.59966 30.42656 30.29544 30.18428 30.12653 30.046 29.94612 29.86768 29.80327 29.8454 29.91832 30.04944 30.11629 30.1428 30.1597 30.16894 30.14243 30.1028 30.04505 30.02705 30.02705 29.9718 29.92705 29.92705 29.91396 29.88745 29.82523 29.75491 29.78142 29.78273 29.72498 29.58664 29.38687 29.2706 29.16746 29.03633 28.95004 28.93915 28.96924 29.02226 28.97021 28.91607 28.90045 28.8214 28.66376 28.61107 28.60018 28.47568 28.37327 28.34203 28.34331 28.37455 28.43903 28.51455 28.62532 28.72391 28.79728 28.88641 28.98629 28.95017 28.89447 28.85234 28.81645 28.78994 28.78115 28.78115 28.87469 28.97458 29.07446 29.147 29.18913 29.13748 29.05437 29.08088
30.65741 30.48419 30.31971 30.18428 30.12653 30.06403 29.9975 29.89845 29.80068 29.80946 29.87211 30.03658 30.0753 30.03511 30.07364 30.12128 30.16148 30.16056 30.1028 30.0848 30.0848 30.02955 29.9848 29.9848 30.00464 30.04484 29.97307 29.86837 29.82818 29.78273 29.72498 29.62449 29.49143 29.41399 29.33723 29.17276 29.10285 29.19201 29.17245 29.09206 28.90659 28.73687 28.6879 28.60529 28.48101 28.50937 28.59854 28.5741 28.52971 28.43177 28.43578 28.53373 28.6386 28.7379 28.71526 28.73478 28.8415 28.92434 28.99087 28.95017 28.89885 28.89007 28.90087 28.94106 28.9544 28.9544 29.01671 29.08324 29.14977 29.18896 29.19773 29.18698 29.16918 29.12899
30.60558 30.45699 30.33288 30.22015 30.13782 30.05549 29.97317 29.864 29.75935 29.78393 29.84294 29.96704 30.02471 30.04068 30.07184 30.10874 30.16649 30.18607 30.15289 30.12564 30.10106 30.06826 30.04809 30.07266 30.11361 30.17136 30.07835 29.94004 29.85771 29.79008 29.7569 29.7049 29.63854 29.55884 29.47472 29.37519 29.31918 29.33638 29.26848 29.15298 28.91004 28.68533 28.603 28.54976 28.53256 28.61025 28.72576 28.67932 28.62583 28.55947 28.60056 28.74064 28.82256 28.88179 28.82404 28.81473 28.90566 28.96227 28.99545 28.97138 28.94578 28.97035 29.00819 29.06594 29.0851 29.0851 29.13919 29.19191 29.22508 29.25419 29.27876 29.26687 29.2417 29.15937
30.51508 30.39979 30.34203 30.26856 30.15306 30.03756 29.92205 29.80641 29.70416 29.76174 29.81937 29.87712 29.97058 30.08643 30.10015 30.10905 30.1668 30.20023 30.20006 30.16025 30.1025 30.10017 30.11331 30.17106 30.22873 30.2863 30.16823 29.99709 29.88176 29.80086 29.80068 29.80051 29.80033 29.7039 29.60059 29.60041 29.55724 29.44174 29.32601 29.21015 28.93764 28.68042 28.56545 28.55318 28.66816 28.78338 28.89871 28.78735 28.70122 28.70122 28.79112 28.96385 29.0003 28.99699 28.93924 28.91912 28.97688 29.0003 29.0003 29.0003 29.00788 29.06563 29.12346 29.18139 29.20073 29.2009 29.25467 29.3003 29.3003 29.32765 29.3854 29.35732 29.2988 29.18382
30.51508 30.39979 30.34203 30.26856 30.15306 30.03756 29.92205 29.77942 29.64382 29.66805 29.70387 29.76162 29.89606 30.07862 30.1296 30.1668 30.22455 30.24398 30.21045 30.16025 30.1025 30.13208 30.17106 30.22881 30.27001 30.29424 30.21907 30.11361 30.03163 29.96414 29.93061 29.89709 29.86356 29.78953 29.71261 29.67908 29.61499 29.49949 29.34098 29.15842 29.00126 28.87151 28.85659 28.855 28.86992 28.93279 29.01476 28.96846 28.93222 28.93222 28.97005 29.04272 29.05806 29.05474 28.99699 28.97688 29.03463 29.05806 29.05806 29.05806 29.06563 29.12339 29.19454 29.28582 29.33851 29.37204 29.36545 29.35806 29.35806 29.3854 29.44315 29.39033 29.29984 29.28493
30.51508 30.39975 30.33287 30.25276 30.13725 30.02175 29.90624 29.75879 29.61652 29.62564 29.6516 29.70935 29.85673 30.06035 30.1513 30.22179 30.26128 30.26378 30.21516 30.16653 30.11791 30.16233 30.21506 30.28194 30.30679 30.28854 30.24714 30.19879 30.1593 30.11435 30.0566 29.99884 29.94109 29.86808 29.79492 29.7463 29.67615 29.56977 29.39518 29.18243 29.10239 29.05771 29.11547 29.12163 29.06388 29.0822 29.13082 29.12264 29.11811 29.12724 29.13162 29.13162 29.12441 29.11197 29.04509 29.01882 29.07657 29.1 29.1 29.10788 29.12339 29.18114 29.26562 29.39025 29.4702 29.52795 29.47753 29.43162 29.43162 29.45464 29.50326 29.44366 29.34793 29.39655
30.51508 30.39963 30.29939 30.19501 30.0795 29.964 29.84849 29.75501 29.67685 29.71934 29.7671 29.82485 29.91075 30.01431 30.15244 30.26944 30.24223 30.22003 30.20476 30.18949 30.17422 30.18817 30.22257 30.32281 30.33162 30.24665 30.2148 30.20083 30.22804 30.22985 30.1721 30.11435 30.0566 29.92782 29.7984 29.78314 29.74633 29.67331 29.55346 29.40742 29.30305 29.23097 29.28872 29.29488 29.23713 29.2316 29.24687 29.20534 29.18427 29.22675 29.24712 29.24712 29.2136 29.16781 29.06757 29.01882 29.07657 29.1 29.1 29.13665 29.18114 29.23889 29.3367 29.49469 29.58571 29.64346 29.59303 29.54712 29.54712 29.55435 29.56962 29.5509 29.52084 29.53611
