tests/test_data/rstack/aug_temp.asc
ncols         147
nrows         127
xllcorner     -90.06084375
yllcorner     23.864697408444
cellsize      0.096253424
NODATA_value  -9999
[rows 33 to 65 of 127, columns 0 to 73 of 147]
30.51508 30.39951 30.26592 30.13725 30.02175 29.9258 29.84646 29.78459 29.73579 29.79354 29.84504 29.8847 29.95771 30.05163 30.18366 30.29673 30.27515 30.24744 30.21128 30.21245 30.23053 30.23131 30.24918 30.32851 30.32952 30.25019 30.21753 30.20232 30.27815 30.31404 30.25629 30.18828 30.11244 29.9854 29.86073 29.84265 29.81652 29.77685 29.70015 29.60273 29.48886 29.401 29.44067 29.43683 29.37908 29.34969 29.33161 29.2923 29.27718 29.33493 29.38145 29.41761 29.37968 29.31862 29.20311 29.13228 29.15387 29.17337 29.19145 29.25936 29.33045 29.37012 29.44873 29.58582 29.68198 29.75781 29.74241 29.71783 29.68167 29.65406 29.63598 29.63131 29.63131 29.63131
30.51508 30.39938 30.23244 30.0795 29.964 29.90411 29.89148 29.84234 29.79354 29.85129 29.89125 29.89756 29.99869 30.15932 30.24027 30.30683 30.35195 30.33494 30.23207 30.2354 30.28684 30.28906 30.29191 30.30454 30.3047 30.29207 30.24986 30.20334 30.31252 30.3718 30.31404 30.2271 30.11792 30.04116 29.97276 29.92132 29.88671 29.88039 29.83704 29.77297 29.66211 29.56832 29.57463 29.55233 29.49458 29.44135 29.38991 29.38285 29.39268 29.45043 29.53167 29.63454 29.61069 29.54963 29.43412 29.34155 29.29643 29.30869 29.36013 29.4614 29.55709 29.5634 29.59532 29.66571 29.76202 29.8712 29.92039 29.93516 29.83229 29.75377 29.70234 29.68906 29.68906 29.68906
30.42145 30.30593 30.18675 30.06857 29.95306 29.88538 29.85835 29.82833 29.80448 29.86223 29.90935 29.93639 30.05327 30.22653 30.32168 30.39828 30.429 30.40968 30.32121 30.29616 30.29984 30.3 30.30609 30.33312 30.34682 30.34682 30.32341 30.29633 30.3848 30.42146 30.33667 30.26514 30.20371 30.14536 30.08478 29.99999 29.94682 29.94682 29.9618 29.98516 29.85759 29.73563 29.70859 29.67991 29.6492 29.59915 29.5414 29.54045 29.555 29.61275 29.72871 29.89829 29.90985 29.87427 29.75876 29.64445 29.53263 29.47338 29.45002 29.52314 29.6071 29.66117 29.70591 29.73662 29.80592 29.89439 29.95409 29.97632 29.86081 29.77265 29.7149 29.72006 29.7471 29.77413
30.31964 30.20434 30.14396 30.06785 29.94971 29.86564 29.81052 29.80213 29.80904 29.8668 29.92455 29.9823 30.10778 30.27576 30.39508 30.49126 30.4939 30.4723 30.41718 30.36388 30.31141 30.30409 30.31241 30.36752 30.39543 30.39543 30.39744 30.40176 30.45952 30.46704 30.35681 30.30914 30.30914 30.26086 30.19736 30.08449 30.0137 30.0137 30.08439 30.19462 30.05175 29.90341 29.84566 29.81252 29.80989 29.76972 29.71461 29.7137 29.72892 29.78931 29.93713 30.1655 30.21578 30.21149 30.09335 29.95553 29.777 29.63749 29.52462 29.55896 29.62395 29.73681 29.80457 29.80457 29.84315 29.90091 29.95866 29.98088 29.86538 29.77847 29.72336 29.75199 29.80971 29.86482
30.3774 30.26197 30.16823 30.05877 29.90727 29.82592 29.80415 29.82912 29.8668 29.92455 29.9823 30.04005 30.12455 30.22582 30.30788 30.38081 30.4168 30.42854 30.40678 30.40979 30.42402 30.35577 30.3049 30.32666 30.33768 30.33768 30.36511 30.40176 30.45952 30.48699 30.44346 30.42464 30.42464 30.37636 30.31634 30.23683 30.18696 30.18696 30.21487 30.25839 30.17019 30.07667 30.01892 29.97088 29.93489 29.90908 29.88732 29.88696 29.91059 30.00433 30.15078 30.3458 30.41535 30.44058 30.28909 30.10705 29.86181 29.71507 29.63555 29.67447 29.73507 29.81458 29.86232 29.86232 29.90091 29.95866 30.01641 30.03864 29.92313 29.85201 29.83025 29.86749 29.92487 29.94663
30.42662 30.29957 30.18407 30.056 29.89434 29.8138 29.80221 29.8561 29.92455 29.9823 30.04005 30.09781 30.14131 30.17588 30.22068 30.27035 30.33969 30.38479 30.39639 30.43975 30.4975 30.40059 30.31746 30.30587 30.3 30.3 30.33518 30.38169 30.43944 30.47993 30.47993 30.47335 30.46176 30.42127 30.3739 30.31615 30.27993 30.27993 30.27993 30.27993 30.22739 30.1717 30.12554 30.07421 30.01645 29.99171 29.98012 30.00273 30.04918 30.16469 30.29818 30.44825 30.52549 30.56998 30.39673 30.19339 29.92781 29.78575 29.728 29.7699 29.82765 29.8854 29.92007 29.92007 29.95091 29.99707 30.04323 30.06338 29.98265 29.94014 29.94014 29.97439 30.02007 30.02007
30.45985 30.29957 30.18407 30.06508 29.93677 29.85353 29.80858 29.88309 29.9823 30.04005 30.09781 30.15556 30.15808 30.12594 30.13348 30.1599 30.26259 30.34104 30.38599 30.43975 30.4975 30.43249 30.3677 30.32276 30.3 30.3 30.30976 30.32394 30.38169 30.42218 30.42218 30.39667 30.35173 30.33365 30.31615 30.2584 30.22218 30.22218 30.22218 30.22218 30.16964 30.11989 30.10709 30.07421 30.01645 29.96786 29.92291 30.01059 30.10693 30.22244 30.32121 30.40458 30.46774 30.51223 30.33898 30.15738 29.9585 29.8435 29.78575 29.82765 29.8854 29.94315 29.97782 29.97782 29.98638 29.99919 30.012 30.02614 30.04547 30.05565 30.05565 30.06515 30.07782 30.07782
30.50283 30.37072 30.25522 30.14531 30.05035 29.98661 29.94941 30.00251 30.07404 30.11124 30.15556 30.21331 30.20009 30.14234 30.13558 30.14373 30.1976 30.26172 30.34002 30.41831 30.49661 30.42509 30.35142 30.29367 30.27457 30.29511 30.3 30.30051 30.31717 30.32271 30.30216 30.27216 30.23495 30.21167 30.19153 30.17487 30.15676 30.13622 30.11567 30.09513 30.05943 30.02153 29.98044 29.9319 29.87415 29.84578 29.82912 29.96266 30.09353 30.20904 30.30518 30.38347 30.41315 30.42008 30.26737 30.12136 29.98919 29.91346 29.87626 29.90325 29.94046 29.97766 30.00821 30.02876 30.02185 30.0013 30 30.01605 30.09435 30.13558 30.13558 30.12033 30.1 30.1
30.55187 30.48623 30.37072 30.26989 30.20828 30.1779 30.17405 30.17955 30.18695 30.19081 30.21331 30.27106 30.25784 30.20009 30.19333 30.18634 30.14015 30.16022 30.27187 30.38352 30.49517 30.39318 30.29367 30.23592 30.23328 30.28718 30.3 30.29847 30.24843 30.19723 30.14333 30.11783 30.11398 30.06829 30.02524 30.07529 30.08658 30.03268 29.97878 29.92488 29.91651 29.89414 29.78634 29.7009 29.64314 29.66248 29.71252 29.87996 30.03578 30.15129 30.26479 30.37643 30.36052 30.30649 30.18714 30.08534 30.01988 29.99104 29.98718 29.98998 29.99383 29.99769 30.02154 30.07544 30.05732 30.00342 30 30.02289 30.13454 30.19333 30.19333 30.15334 30.1 30.1
30.60862 30.55065 30.43515 30.34339 30.31514 30.30216 30.30216 30.30216 30.30216 30.30216 30.30173 30.30048 30.28264 30.25439 30.22503 30.20019 30.20144 30.22588 30.28238 30.35919 30.4452 30.33842 30.23592 30.17817 30.17743 30.23518 30.24892 30.24535 30.1286 30.03831 30.01006 29.99784 29.99784 29.92491 29.84971 29.87796 29.88515 29.8569 29.82864 29.80039 29.82468 29.83359 29.74759 29.68738 29.65913 29.67128 29.69954 29.81238 29.93439 30.07939 30.19369 30.27969 30.22901 30.14521 30.11821 30.08118 30.02343 30 30 30.02545 30.04721 30.01771 30.02308 30.08083 30.06141 30.00366 30 30.01764 30.10364 30.16289 30.19239 30.17904 30.15108 30.15108
30.66262 30.59961 30.49431 30.41766 30.41766 30.42042 30.42552 30.42649 30.4261 30.421 30.39592 30.33306 30.3057 30.3006 30.24901 30.20797 30.26062 30.29331 30.29841 30.33975 30.3975 30.28462 30.17817 30.12041 30.11716 30.16981 30.18234 30.1772 30.00904 29.88812 29.87792 29.87351 29.87351 29.78548 29.6917 29.6968 29.7 29.7 29.7 29.7 29.7479 29.78179 29.72914 29.70228 29.70738 29.70883 29.70883 29.76062 29.84109 30.00415 30.11505 30.1779 30.10407 30.00273 30.05028 30.06684 30.01929 30 30 30.04543 30.08493 30.03738 30.02987 30.08253 30.06141 30.00366 30 30.0108 30.06345 30.11852 30.17627 30.19495 30.19995 30.19485
30.69585 30.59986 30.56126 30.53317 30.53317 30.55396 30.59241 30.59975 30.59677 30.55832 30.49988 30.40368 30.34295 30.3045 30.24901 30.20292 30.22222 30.24956 30.28801 30.33975 30.3975 30.25271 30.12041 30.06266 30.04294 30.06224 30.06683 30.06272 29.92791 29.81042 29.73351 29.70025 29.70025 29.66799 29.63743 29.67588 29.7 29.7 29.7 29.7 29.71756 29.72998 29.71068 29.71718 29.75563 29.76658 29.76658 29.78556 29.82428 29.92063 30.01691 30.11311 30.07263 29.9989 29.97975 29.97308 29.99223 30 30 30.01665 30.03593 30.05508 30.0743 30.0936 30.06141 30.00366 30 30.00396 30.02326 30.06076 30.11852 30.16195 30.1996 30.16115
30.77408 30.67295 30.6589 30.65249 30.66655 30.68903 30.71868 30.73571 30.74419 30.68644 30.60871 30.4932 30.40455 30.33274 30.27335 30.22433 30.22433 30.24858 30.30633 30.35441 30.39811 30.23424 30.087 30.02924 30 30 29.97858 29.94737 29.81781 29.69666 29.59521 29.55133 29.55133 29.56308 29.58169 29.63944 29.67566 29.67566 29.67566 29.67566 29.68845 29.70251 29.71656 29.74385 29.78755 29.8 29.8 29.81382 29.83535 29.87905 29.96012 30.07562 30.05444 29.99749 29.95379 29.94315 30.00091 30.02434 30.02434 30.01221 30.00942 30.08123 30.1131 30.08499 30.03708 29.97933 29.98883 30 30 30.02069 30.06439 30.10809 30.15088 30.10718
30.91411 30.84608 30.79868 30.77707 30.82448 30.82623 30.78916 30.82044 30.8597 30.80194 30.72421 30.60871 30.49956 30.3944 30.3311 30.28209 30.28209 30.30633 30.36408 30.38921 30.39955 30.23424 30.087 30.02924 30 30 29.92774 29.83085 29.66794 29.53338 29.46528 29.43583 29.43583 29.47545 29.52394 29.58169 29.61791 29.61791 29.61791 29.61791 29.66104 29.70845 29.75586 29.78671 29.79705 29.8 29.8 29.84663 29.88469 29.89504 29.96012 30.07562 30.05444 29.99941 29.98906 30.00091 30.05866 30.08209 30.08209 30.04119 30.0138 30.11896 30.14419 30.04938 29.97933 29.92158 29.96231 30 30 30.0049 30.01524 30.02559 30.03572 30.02537
30.98536 31.01922 30.93846 30.88913 30.92388 30.92105 30.88631 30.90779 30.93536 30.87761 30.79988 30.68437 30.56887 30.45337 30.38885 30.33636 30.31335 30.32424 30.382 30.4 30.4 30.27827 30.15631 30.05254 29.98864 29.96564 29.83707 29.67589 29.52564 29.40993 29.37519 29.36016 29.36016 29.40844 29.46619 29.52394 29.56874 29.59175 29.58525 29.56224 29.63363 29.71029 29.76804 29.81028 29.83328 29.83984 29.83984 29.87401 29.9058 29.92881 29.98798 30.08048 30.05444 30.00132 30.02433 30.05116 30.08591 30.1 30.1 30.07002 30.04896 30.11845 30.114 29.99849 29.95232 29.94058 29.97238 30 30 30.01089 30.0339 30.02277 30.00024 30.02325
31.0257 31.19235 31.07824 30.99556 30.99695 30.99684 30.99545 30.99631 30.99311 30.93536 30.85763 30.74212 30.62662 30.51112 30.4466 30.38906 30.3327 30.32424 30.382 30.4 30.4 30.34208 30.25679 30.08632 29.97218 29.91582 29.72848 29.50366 29.38676 29.3044 29.30301 29.30241 29.30241 29.35069 29.40844 29.46619 29.52342 29.57978 29.56386 29.5075 29.60622 29.71029 29.76804 29.82517 29.88153 29.89759 29.89759 29.89896 29.9142 29.97056 30.02837 30.08752 30.05444 30.00323 30.0596 30.09805 30.09944 30.1 30.1 30.0988 30.09796 30.10074 30.05625 29.94074 29.93914 29.9941 29.99889 30 30 30.02669 30.08305 30.05577 30.00059 30.05695
31.00389 31.14447 31.09289 31.04664 31.01468 31 31 31 30.998 30.97221 30.92644 30.8429 30.72008 30.57261 30.53257 30.50195 30.44419 30.42151 30.4473 30.45534 30.45534 30.40009 30.32353 30.18223 30.03485 29.88121 29.69296 29.49647 29.38097 29.28089 29.21696 29.20745 29.23941 29.31965 29.40603 29.46378 29.50961 29.53541 29.54861 29.55479 29.66042 29.75994 29.78573 29.84007 29.92978 29.93249 29.90052 29.9 29.91455 29.97231 30.03006 30.08781 30.07965 30.05866 30.11641 30.15534 30.15534 30.15534 30.15534 30.12777 30.09581 30.06384 30.01127 29.92772 29.91723 29.94302 29.97459 29.99345 29.96148 29.972 30.02975 30.04924 30.05561 30.0814
30.9738 31.07387 31.08899 31.08428 31.02653 30.99591 30.98835 30.98691 30.98691 30.98691 30.96954 30.91935 30.80284 30.64471 30.61951 30.60435 30.5466 30.50992 30.50236 30.5 30.5 30.44475 30.37229 30.24922 30.0766 29.85316 29.66796 29.49647 29.38097 29.2632 29.14014 29.12397 29.18928 29.29655 29.40524 29.45543 29.49254 29.50767 29.55013 29.60788 29.71817 29.81444 29.822 29.87102 29.9714 29.96411 29.91392 29.92053 29.94074 29.9985 30.05231 30.1025 30.11309 30.11598 30.16617 30.20247 30.21003 30.2086 30.20104 30.15018 30.09242 30.03467 29.97994 29.92975 29.90804 29.90048 29.95409 29.98971 29.93952 29.93686 29.98705 30.04285 30.1 30.1
30.92476 30.95861 31.04044 31.08428 31.02653 30.97788 30.93696 30.92915 30.92915 30.92915 30.92333 30.90649 30.84382 30.7524 30.70557 30.66211 30.60435 30.55367 30.51275 30.5 30.5 30.44475 30.36478 30.20836 30.03532 29.84522 29.66796 29.49647 29.38097 29.25323 29.09681 29.08514 29.18381 29.29655 29.40176 29.41859 29.45966 29.54149 29.60788 29.66563 29.77593 29.87814 29.91905 29.95673 29.99041 29.98796 29.97112 30.01109 30.05625 30.114 30.15046 30.16729 30.17085 30.17181 30.18865 30.21333 30.25425 30.24653 30.20562 30.15018 30.09242 30.03467 29.99327 29.97643 29.94351 29.90259 29.95409 29.99655 29.97971 29.97882 29.99566 30.04285 30.1 30.1
30.88354 30.90037 30.99935 31.05568 30.99793 30.94911 30.90787 30.9 30.89872 30.8822 30.8714 30.8714 30.84606 30.80483 30.74901 30.69626 30.67154 30.63295 30.5752 30.54583 30.52931 30.47335 30.38587 30.19609 30.03078 29.89056 29.72516 29.55417 29.45518 29.33399 29.16074 29.14197 29.24096 29.33994 29.43032 29.44684 29.4941 29.59309 29.65504 29.69628 29.80508 29.91323 29.9875 30.0286 30.0286 30.04041 30.05693 30.09776 30.14315 30.20091 30.2286 30.2286 30.2286 30.22765 30.21114 30.21344 30.25467 30.23708 30.17933 30.12158 30.06599 30.02476 29.9934 29.97688 29.94385 29.90261 29.93862 29.97479 29.9913 30 30 30.0306 30.0714 30.0714
30.85032 30.90024 30.96588 30.99793 30.94018 30.90939 30.9015 30.9 30.89613 30.84626 30.81365 30.81365 30.80881 30.80092 30.74901 30.70636 30.74834 30.74846 30.6907 30.63838 30.58851 30.5311 30.43611 30.21298 30.06371 29.99019 29.84066 29.6707 29.60506 29.50725 29.33399 29.2963 29.36193 29.42757 29.49156 29.54143 29.59717 29.66281 29.69141 29.69929 29.80508 29.91918 30.0268 30.08635 30.08635 30.12201 30.17188 30.18045 30.20091 30.25866 30.28635 30.28635 30.28635 30.28349 30.23362 30.20257 30.21045 30.17933 30.12158 30.06382 30.01262 30.00473 29.98007 29.9302 29.90838 29.9005 29.90738 29.92387 29.97374 30 30 30.00585 30.01365 30.01365
30.82373 30.85611 30.91386 30.94018 30.88243 30.8559 30.8559 30.8559 30.85142 30.79367 30.76471 30.79018 30.8 30.8 30.7715 30.74899 30.78127 30.78645 30.75417 30.72188 30.6896 30.58422 30.45372 30.24818 30.11559 30.05784 29.95089 29.83132 29.79904 29.73222 29.58443 29.52438 29.53119 29.55929 29.59423 29.65199 29.70024 29.73252 29.76044 29.78591 29.87011 29.96015 30.05018 30.1 30.1 30.1413 30.19905 30.17495 30.17045 30.2282 30.2559 30.2559 30.27599 30.29668 30.23893 30.1917 30.16623 30.13671 30.10443 30.07215 30.0441 30.0441 30.0312 29.99892 29.9882 29.9882 29.96435 29.95594 30.0137 30.03204 30.00657 30.0189 30.0441 30.0441
30.79893 30.80021 30.85689 30.88243 30.82467 30.79699 30.79485 30.7953 30.79198 30.73637 30.71998 30.77773 30.8 30.8 30.79811 30.79645 30.79752 30.79815 30.79815 30.79815 30.79815 30.63136 30.45776 30.28665 30.17255 30.11694 30.06133 30.00739 30.00631 29.97167 29.8583 29.77589 29.71707 29.70652 29.71148 29.76816 29.80331 29.80224 29.83889 29.89664 29.95439 30.01215 30.0699 30.10185 30.10185 30.14239 30.19907 30.1432 30.11456 30.17231 30.2 30.2 30.24472 30.29483 30.23708 30.18003 30.12442 30.10185 30.10185 30.10278 30.10357 30.1025 30.10143 30.10036 30.1 30.1 30.04792 30.01533 30.07201 30.07502 30.01834 30.04576 30.10183 30.09969
30.7657 30.80009 30.82341 30.82467 30.76692 30.70317 30.63433 30.64903 30.68165 30.69274 30.71998 30.77773 30.8 30.8 30.73921 30.686 30.72042 30.74039 30.74039 30.74039 30.74039 30.5417 30.35728 30.25287 30.20548 30.21657 30.22767 30.23737 30.20295 30.16487 30.11821 30.04572 29.95355 29.90965 29.88125 29.90458 29.90638 29.87195 29.89664 29.95439 30.01215 30.0699 30.12765 30.15961 30.15961 30.17629 30.19962 30.1432 30.11456 30.17231 30.2 30.2 30.2184 30.23708 30.17933 30.14401 30.15511 30.15961 30.15961 30.18931 30.21469 30.18027 30.14585 30.11143 30.1 30.1 30.11039 30.124 30.14733 30.14856 30.12523 30.13652 30.15889 30.09004
30.74508 30.78264 30.78264 30.76419 30.69642 30.60826 30.50278 30.52937 30.58867 30.66648 30.73734 30.79509 30.80504 30.78499 30.68066 30.58835 30.62605 30.65634 30.67639 30.67574 30.66572 30.47305 30.30661 30.25888 30.26323 30.32098 30.37873 30.43357 30.39586 30.36644 30.35641 30.28653 30.17103 30.09542 30.03472 30.03472 30.01692 29.96919 29.98911 30.04686 30.0955 30.14322 30.19095 30.21736 30.21736 30.21019 30.20016 30.1432 30.11456 30.17231 30.20522 30.21524 30.20945 30.19726 30.14953 30.13618 30.19393 30.21736 30.21736 30.25854 30.29374 30.24601 30.19428 30.13652 30.11736 30.11736 30.17145 30.21736 30.21736 30.21261 30.20259 30.2 30.1989 30.09342
30.75379 30.72489 30.72489 30.69737 30.59624 30.51079 30.43866 30.47161 30.53609 30.6806 30.79509 30.85284 30.8218 30.73505 30.62291 30.5205 30.4915 30.51109 30.59785 30.59504 30.55166 30.45327 30.37187 30.3575 30.37873 30.43648 30.49423 30.55111 30.58011 30.58747 30.54409 30.45979 30.34428 30.2408 30.15022 30.15022 30.14486 30.13049 30.16237 30.22012 30.23841 30.25278 30.26716 30.27511 30.27511 30.24409 30.20071 30.1432 30.11456 30.17231 30.22258 30.26595 30.24089 30.19917 30.1848 30.19393 30.25168 30.27511 30.27511 30.28751 30.29811 30.28374 30.25203 30.19428 30.17511 30.17511 30.2292 30.27511 30.27511 30.25457 30.21119 30.2 30.19925 30.12712
30.78205 30.76558 30.72763 30.66857 30.55306 30.44826 30.35255 30.39569 30.51343 30.68669 30.81998 30.87773 30.82903 30.71353 30.59802 30.49126 30.43351 30.44849 30.56399 30.56025 30.5025 30.44475 30.40598 30.42572 30.46137 30.51912 30.55606 30.60176 30.65952 30.68273 30.62498 30.53446 30.41895 30.30345 30.2 30.2 30.2 30.2 30.23704 30.29479 30.3 30.3 30.3 30.3 30.3 30.27227 30.2335 30.19473 30.1755 30.21427 30.25304 30.29182 30.26941 30.23286 30.23286 30.2455 30.28427 30.31128 30.33026 30.33286 30.33037 30.31139 30.2845 30.24573 30.22018 30.2012 30.23631 30.26714 30.26714 30.24878 30.21 30.2 30.199 30.10329
-9999 30.88084 30.77618 30.66857 30.55306 30.4122 30.24978 30.24016 -9999 -9999 -9999 -9999 -9999 -9999 -9999 -9999 -9999 -9999 -9999 -9999 -9999 -9999 -9999 -9999 -9999 -9999 -9999 -9999 -9999 -9999 -9999 -9999 -9999 -9999 -9999 -9999 -9999 -9999 -9999 -9999 -9999 -9999 -9999 30.3 30.3 30.29612 30.2907 30.28528 30.28259 30.28801 30.29343 30.29885 30.29572 30.29061 30.29061 30.29238 30.2978 30.3311 30.38343 30.39061 30.38375 30.33142 30.29783 30.29241 30.25565 30.20332 30.20508 30.20939 30.20939 30.20682 30.2014 30.2 30.19831 30.03589
-9999 30.94794 30.83243 30.72655 -9999 -9999 -9999 -9999 -9999 -9999 -9999 -9999 -9999 -9999 -9999 -9999 -9999 -9999 -9999 -9999 -9999 -9999 -9999 -9999 -9999 -9999 -9999 -9999 -9999 -9999 -9999 -9999 -9999 -9999 -9999 -9999 -9999 -9999 -9999 -9999 -9999 -9999 -9999 -9999 -9999 -9999 30.3 30.27253 30.25163 30.25163 30.26617 30.2941 30.3 30.3 30.3 30.3 30.3 30.31772 30.34754 30.35163 30.34772 30.3179 30.3 30.3 30.28008 30.25026 30.24837 30.23691 30.18105 30.15163 30.15163 30.15163 30.15041 30.03302
-9999 31.00568 30.88664 30.79774 -9999 -9999 -9999 -9999 -9999 -9999 -9999 -9999 -9999 -9999 -9999 -9999 -9999 -9999 -9999 -9999 -9999 -9999 -9999 -9999 -9999 -9999 -9999 -9999 -9999 -9999 -9999 -9999 -9999 -9999 -9999 -9999 -9999 -9999 -9999 -9999 -9999 -9999 -9999 -9999 -9999 -9999 -9999 -9999 -9999 30.20169 30.22822 30.28244 30.29388 30.29388 30.29388 30.29388 30.29388 30.29598 30.29951 -9999 -9999 -9999 -9999 -9999 -9999 30.3 30.29669 30.27165 30.16321 30.10444 30.10091 30.09738 30.09332 30.0391
31.17342 31.06331 30.91092 30.77871 30.67224 30.56878 30.51103 30.47909 -9999 -9999 -9999 -9999 -9999 -9999 -9999 -9999 -9999 -9999 -9999 -9999 -9999 -9999 -9999 -9999 -9999 -9999 -9999 -9999 -9999 -9999 -9999 -9999 -9999 -9999 -9999 -9999 -9999 -9999 -9999 -9999 -9999 -9999 -9999 -9999 -9999 -9999 -9999 -9999 -9999 30.21769 30.21086 30.23173 30.23613 30.23613 30.23613 30.23613 30.23613 30.25805 30.29494 -9999 -9999 -9999 -9999 -9999 -9999 30.3 30.26545 30.22757 30.18584 30.1464 30.10952 30.07263 30.03591 30.01505
31.18101 31.07783 30.92955 30.79019 -9999 -9999 -9999 -9999 -9999 -9999 -9999 -9999 -9999 -9999 -9999 -9999 -9999 -9999 -9999 -9999 -9999 -9999 -9999 -9999 -9999 -9999 -9999 -9999 -9999 -9999 -9999 -9999 -9999 -9999 -9999 -9999 -9999 -9999 -9999 -9999 -9999 -9999 -9999 -9999 -9999 -9999 -9999 -9999 -9999 30.22309 30.2 30.2 -9999 -9999 -9999 -9999 -9999 -9999 -9999 -9999 -9999 -9999 -9999 -9999 -9999 -9999 -9999 30.19744 30.18495 30.15695 30.11168 30.06642 30.02136 29.99639
31.09003 31.02032 30.93875 30.84794 -9999 -9999 -9999 -9999 -9999 -9999 -9999 -9999 -9999 -9999 -9999 -9999 -9999 -9999 -9999 -9999 -9999 -9999 -9999 -9999 -9999 -9999 -9999 -9999 -9999 -9999 -9999 -9999 -9999 -9999 -9999 -9999 -9999 -9999 -9999 -9999 -9999 -9999 -9999 -9999 -9999 -9999 -9999 -9999 -9999 30.20732 30.2 30.2 -9999 -9999 -9999 -9999 -9999 -9999 -9999 -9999 -9999 -9999 -9999 -9999 -9999 -9999 -9999 30.1906 30.14476 30.11499 30.10308 30.09116 30.07842 29.98674
