tests/test_data/rstack/feb_prec.asc
ncols         147
nrows         127
xllcorner     -90.06084375
yllcorner     23.864697408444
cellsize      0.096253424
NODATA_value  -9999
[rows 0 to 35 of 127, columns 0 to 79 of 147]
104 105 105 106 107 108 110 110 111 112 113 114 116 117 119 121 122 123 125 126 127 128 128 129 129 129 129 129 128 126 124 123 122 122 122 123 124 126 128 129 130 130 130 130 130 131 132 134 137 140 140 138 136 133 132 131 131 131 132 131 129 128 127 126 125 124 124 123 122 121 119 118 116 115 114 113 114 117 118 118
105 107 108 109 109 110 111 112 113 113 114 115 117 118 120 122 123 124 126 127 128 128 129 130 130 130 129 129 128 127 126 125 124 124 124 125 126 127 129 131 131 131 131 131 131 132 133 134 136 138 137 133 133 133 133 132 131 130 130 129 128 127 126 125 125 125 124 124 123 122 121 119 118 116 115 115 117 121 122 123
107 109 110 110 111 112 113 114 114 115 115 116 118 120 121 123 124 126 127 128 129 129 130 130 130 130 130 129 129 128 128 127 126 126 127 127 128 129 130 132 133 133 133 132 131 132 133 135 136 138 137 133 133 134 133 132 131 131 130 130 129 128 127 127 127 128 128 128 128 128 130 128 125 125 123 119 118 119 123 128
110 111 112 112 113 114 115 115 116 116 116 118 119 121 123 124 126 127 129 129 130 131 131 131 131 131 131 130 129 129 129 129 128 128 129 130 130 131 132 134 134 135 134 132 131 132 134 136 137 138 137 135 135 135 133 132 132 132 132 131 131 130 129 129 130 133 133 134 135 137 142 140 135 135 133 123 118 116 123 133
112 113 114 115 116 116 117 117 118 118 118 119 120 122 124 126 128 129 130 131 131 131 132 132 132 132 132 131 131 130 130 129 129 130 130 131 132 134 136 137 138 138 136 135 134 136 138 139 140 139 138 138 137 136 134 134 135 135 135 134 134 134 135 138 142 146 149 152 154 155 155 152 147 141 135 128 124 121 126 133
113 115 116 118 118 119 119 119 119 119 120 120 122 124 126 128 130 131 131 132 132 132 133 133 133 133 133 132 132 131 131 130 130 131 131 133 134 137 139 141 141 141 139 138 138 139 142 142 142 140 140 140 138 136 136 136 137 138 138 137 137 139 142 147 152 157 161 165 167 167 164 161 158 148 140 135 131 127 129 133
115 117 118 119 120 121 121 121 121 121 122 122 124 127 129 131 132 133 134 134 134 134 134 134 134 134 134 133 133 133 132 132 132 132 133 135 137 139 142 144 144 144 143 143 144 145 145 145 144 143 142 140 139 137 138 139 140 140 141 142 143 149 153 156 158 160 160 161 162 162 160 162 166 161 155 149 142 135 135 137
117 119 120 121 122 123 123 123 123 123 124 125 127 129 132 134 135 136 136 136 136 136 136 135 135 135 135 135 135 134 134 133 133 134 134 137 139 141 144 147 147 147 147 147 149 149 148 147 146 145 144 141 140 140 141 141 142 144 145 147 149 157 163 164 165 165 165 165 163 163 163 166 171 169 165 157 149 142 140 140
119 120 121 123 124 125 125 126 126 126 127 128 130 132 134 137 138 138 138 138 138 137 137 137 137 137 136 136 136 136 135 135 135 136 137 138 141 143 146 148 149 149 149 150 151 151 151 149 148 148 146 142 142 142 143 144 146 148 151 154 158 165 170 172 173 173 175 175 170 169 171 172 173 173 170 158 151 147 145 143
120 121 123 125 126 127 128 128 128 129 130 130 132 135 137 139 141 141 141 140 139 139 139 138 138 138 137 137 137 137 136 136 136 137 139 141 143 145 147 150 151 152 153 153 153 152 151 150 149 148 146 144 144 145 145 147 149 153 156 159 162 166 170 172 174 177 181 183 177 176 181 180 179 174 168 159 153 148 145 142
121 123 125 126 128 129 130 131 131 132 132 133 134 137 140 142 143 144 142 142 141 141 141 140 139 138 138 138 138 138 138 138 138 139 140 143 145 146 149 151 153 155 156 156 154 153 151 152 151 148 146 146 147 147 148 149 154 158 162 164 165 166 167 170 175 180 185 189 183 183 189 188 185 173 163 159 154 148 144 140
124 125 127 128 130 131 132 133 133 134 134 135 136 138 141 144 145 145 144 143 142 142 142 141 141 139 139 139 139 139 139 140 140 141 143 144 146 148 151 154 156 157 157 156 155 155 155 154 153 149 148 148 148 148 150 153 160 164 165 166 168 170 172 174 178 182 185 187 184 183 183 179 174 164 157 154 150 145 142 139
126 127 129 130 132 133 134 135 135 135 136 136 137 138 141 144 145 145 144 143 143 143 142 142 142 140 140 140 140 140 141 141 142 143 145 146 147 150 153 156 158 159 158 157 157 158 159 157 155 151 149 149 149 149 151 155 164 167 167 169 171 174 176 178 181 183 184 184 183 181 177 172 166 158 152 150 147 143 141 138
127 129 130 132 133 135 136 136 137 137 137 137 137 137 139 140 141 142 143 143 143 143 143 143 142 140 140 141 141 142 142 143 143 144 146 147 149 151 153 156 158 158 158 159 161 162 162 160 158 153 151 151 150 149 151 155 162 166 168 171 175 178 180 182 183 184 182 180 179 176 171 167 162 157 152 149 146 142 139 137
129 130 131 133 135 136 137 137 137 137 137 137 137 137 137 137 139 141 142 143 143 144 144 144 143 142 142 142 143 144 144 145 145 146 147 149 150 152 154 157 158 158 159 161 164 165 164 162 159 154 152 151 150 149 151 154 160 164 168 172 176 179 180 182 181 181 178 175 174 170 165 161 158 153 149 145 142 139 137 135
130 131 133 134 136 137 138 138 138 138 138 137 137 136 136 136 137 139 141 143 144 144 145 145 145 144 144 144 145 146 146 147 147 147 148 150 151 152 154 157 158 159 162 164 166 167 167 163 160 154 151 150 149 148 149 152 157 162 167 172 176 177 178 178 177 175 172 169 168 164 159 156 153 149 144 139 136 135 134 133
131 132 133 135 137 138 138 138 138 138 138 138 137 137 136 136 138 139 141 143 144 145 146 146 146 146 146 146 147 148 148 149 149 150 151 153 154 154 155 157 158 159 162 164 165 165 165 161 157 152 150 148 148 148 149 151 155 159 163 167 171 172 172 171 170 168 165 163 161 158 154 152 149 144 140 134 131 131 131 131
132 133 134 135 137 138 139 139 139 138 138 138 138 137 137 137 138 140 142 143 144 145 146 147 147 148 148 148 149 149 150 151 152 153 154 156 156 156 156 157 159 160 162 163 163 163 162 158 153 150 148 147 147 148 149 151 154 157 159 162 164 166 166 164 162 160 159 157 154 152 150 148 146 141 135 130 127 128 129 130
132 133 134 135 137 138 139 139 139 139 139 139 139 138 138 138 140 141 142 143 145 146 147 147 148 149 149 149 150 151 152 154 156 157 157 157 157 157 157 158 159 159 160 160 161 160 158 155 153 151 149 149 149 149 149 151 152 154 155 157 159 159 159 157 156 154 153 151 149 148 146 144 143 139 135 131 129 128 128 129
133 133 134 135 136 137 139 139 139 139 139 139 139 139 139 140 141 142 143 144 145 146 147 148 148 149 149 150 151 151 153 155 157 158 158 158 157 157 157 158 158 158 158 158 157 156 154 154 153 151 151 150 150 149 149 149 150 150 151 153 154 154 154 152 151 149 148 147 145 144 143 141 140 137 134 131 130 128 128 128
133 134 135 136 136 137 138 139 139 139 139 140 140 140 140 141 141 142 143 145 146 146 147 148 148 149 149 150 151 151 153 154 156 156 157 156 156 156 157 157 156 156 155 155 154 153 153 153 153 153 152 151 150 149 148 147 147 147 148 149 150 150 150 149 148 145 145 144 143 141 140 139 137 135 134 132 130 129 128 128
133 134 136 136 136 137 138 138 139 139 139 140 140 140 141 142 142 143 144 145 146 147 147 148 148 149 149 150 150 151 151 153 154 154 154 154 155 155 156 156 155 153 153 152 151 152 152 153 153 153 153 152 150 149 148 147 146 145 145 146 147 147 147 147 145 143 142 142 140 139 138 137 136 135 134 132 131 130 129 128
133 135 136 137 137 137 138 138 139 139 139 140 140 140 141 142 143 144 146 146 147 148 148 148 148 149 149 149 149 149 150 150 151 151 151 152 153 154 155 154 153 151 150 150 150 151 152 153 153 153 153 152 151 150 148 146 145 144 143 144 144 144 144 144 143 142 141 140 138 137 136 136 136 135 134 133 132 130 129 129
132 134 136 137 137 137 138 138 139 139 139 140 140 140 141 142 144 145 146 147 148 148 148 148 148 149 149 148 148 148 148 148 148 148 148 150 151 152 153 152 151 150 149 149 149 150 151 152 153 153 153 153 152 150 148 146 144 143 143 143 143 143 143 142 142 141 140 139 137 136 136 136 136 135 135 135 134 132 131 129
131 133 135 137 137 137 138 138 139 139 139 140 140 140 141 143 144 146 147 148 148 148 148 148 148 149 148 148 147 147 146 146 146 145 145 148 150 151 151 151 150 149 147 147 148 149 151 151 152 153 153 153 152 151 149 146 144 143 142 142 142 142 142 141 140 140 139 138 137 136 135 136 136 136 136 136 135 133 131 130
129 131 133 135 136 137 138 138 139 139 140 139 140 140 142 144 146 147 148 148 148 148 148 148 148 148 148 148 147 146 146 145 144 143 143 145 148 149 150 150 150 149 147 146 146 148 150 151 152 153 153 152 152 151 149 147 146 144 144 143 142 142 141 140 140 139 139 138 137 136 136 136 137 136 135 135 133 131 130 129
128 130 132 134 136 137 138 139 139 140 140 139 140 140 142 145 147 148 149 149 148 148 148 148 148 148 148 148 147 146 145 144 143 143 142 145 147 148 149 150 150 150 148 147 147 148 149 151 152 153 153 152 151 151 149 148 147 146 144 143 142 142 141 140 140 139 139 138 137 137 136 136 137 136 135 134 132 130 129 129
128 130 132 134 135 137 138 139 140 140 141 140 140 141 143 145 147 148 149 149 148 148 148 147 147 147 148 148 147 147 145 145 144 144 144 146 147 148 149 151 152 152 151 150 150 150 150 151 152 153 153 152 151 150 150 150 148 147 145 144 144 142 141 140 140 140 139 138 138 138 137 137 136 135 135 133 131 129 128 128
129 131 132 133 135 136 138 139 140 141 141 141 141 142 143 145 147 148 148 148 148 148 147 147 147 147 147 148 148 147 146 146 145 145 145 147 148 148 149 151 152 153 153 152 152 151 150 152 153 153 153 152 151 150 151 151 149 148 146 145 144 143 142 141 140 140 139 138 138 138 137 137 136 135 134 132 130 128 128 128
131 132 133 133 134 136 138 139 141 142 142 142 142 143 144 145 146 147 148 148 147 147 147 146 146 146 147 148 148 148 147 147 146 146 147 148 148 149 150 151 153 154 154 153 152 152 151 152 153 154 153 152 152 151 151 151 149 148 147 146 145 144 143 141 140 139 139 139 138 138 137 137 136 135 133 131 129 128 128 127
133 133 133 134 135 137 138 140 141 142 143 143 143 144 144 145 146 147 147 147 146 146 146 146 146 146 147 148 148 148 148 147 147 148 148 149 150 150 151 153 153 154 154 153 153 152 152 152 153 154 154 153 152 152 152 151 150 149 148 147 145 144 143 141 140 139 139 139 138 138 138 137 135 134 132 131 129 128 127 126
134 133 134 134 136 137 139 140 141 142 143 144 144 144 145 145 146 146 146 146 146 146 146 146 146 146 147 148 148 148 148 148 148 149 149 150 151 152 153 154 154 154 153 153 153 153 152 153 153 154 154 153 153 152 152 152 151 149 148 147 146 145 143 142 140 139 139 139 138 138 138 136 135 133 131 130 129 127 126 126
135 134 134 135 136 137 139 140 141 142 143 144 145 145 145 145 146 146 146 146 145 146 146 147 147 148 149 149 149 149 149 149 149 150 151 152 153 153 153 154 154 154 153 153 153 153 153 154 155 155 154 154 153 153 153 152 151 150 149 147 146 145 143 142 140 139 138 137 137 137 136 135 133 131 130 130 128 127 125 125
135 134 134 135 136 137 139 140 141 142 143 144 145 146 145 145 145 146 146 145 145 145 146 147 148 150 150 151 150 150 149 149 149 150 151 152 153 153 153 154 154 154 153 153 153 153 153 154 154 154 154 153 153 152 152 151 151 150 148 147 145 144 143 141 140 139 137 136 136 135 134 133 131 130 129 128 127 126 125 124
134 133 134 135 136 138 139 140 141 142 143 144 145 145 145 145 145 145 145 145 144 145 146 148 150 151 152 153 152 151 150 150 150 150 150 151 152 153 153 154 154 154 153 153 153 153 153 153 153 153 153 152 151 150 150 149 149 148 147 145 144 143 142 141 139 138 136 134 134 133 132 131 130 129 128 127 126 124 124 123
133 133 134 135 137 138 139 140 142 143 144 145 145 145 145 145 145 145 145 145 145 146 147 148 150 152 152 153 152 151 150 150 150 150 151 152 153 153 153 154 154 153 153 153 153 152 152 152 151 151 150 148 148 147 147 146 147 146 145 144 143 142 141 140 139 137 134 132 132 132 131 130 129 128 126 125 124 123 122 121
