tests/test_data/rstack/feb_prec.asc
ncols         147
nrows         127
xllcorner     -90.06084375
yllcorner     23.864697408444
cellsize      0.096253424
NODATA_value  -9999
[rows 36 to 71 of 127, columns 0 to 79 of 147]
131 132 134 136 137 139 140 141 142 143 144 145 145 145 145 145 146 146 145 145 146 147 147 148 150 152 152 153 152 151 150 150 150 151 151 152 153 154 154 153 153 153 152 152 152 151 151 150 150 148 147 145 144 144 143 143 144 144 144 143 143 141 140 139 138 136 133 130 131 131 130 129 128 126 125 124 123 122 121 120
131 132 134 136 138 140 141 142 143 143 144 145 145 146 146 146 146 146 146 146 146 147 147 149 150 152 152 152 152 151 150 150 150 151 152 153 153 154 154 153 153 152 152 151 151 150 149 148 147 145 143 140 139 138 139 140 142 142 143 142 142 140 139 138 137 135 133 131 131 130 129 128 127 125 123 123 122 121 120 118
131 132 135 137 139 141 142 142 143 143 143 144 145 146 146 146 146 146 146 146 146 147 147 149 150 152 152 152 151 151 150 150 151 151 152 153 154 155 154 153 152 152 151 151 150 149 148 147 145 143 140 136 135 135 137 138 140 141 142 141 140 139 138 137 136 135 133 132 131 129 128 127 126 124 122 121 120 120 118 116
131 133 136 138 140 141 142 142 143 143 143 144 145 146 146 147 147 147 146 146 147 147 147 149 150 151 151 151 151 151 151 151 152 153 153 153 154 155 154 153 152 151 151 150 150 149 148 146 144 142 139 135 134 134 136 138 139 140 140 140 139 138 137 136 136 135 134 132 131 129 128 126 124 123 122 120 119 118 117 115
133 134 137 139 140 141 142 142 143 143 143 144 144 146 146 147 147 147 147 147 147 147 148 149 149 150 151 151 151 151 152 152 153 153 153 154 154 154 154 152 151 151 150 150 150 150 148 146 143 141 139 136 135 134 136 138 139 139 140 139 139 138 137 136 135 135 134 132 131 129 127 125 124 122 121 119 118 116 115 114
135 136 138 139 140 141 141 142 142 143 143 143 144 145 146 147 148 148 147 147 147 148 148 149 149 150 150 151 152 152 153 153 153 153 154 154 154 153 152 151 151 150 150 150 151 150 149 146 143 141 139 137 136 136 137 138 139 139 139 139 138 137 137 135 135 134 133 132 130 128 127 125 123 121 120 118 116 115 113 112
137 138 139 141 141 141 141 141 142 142 142 143 144 144 146 147 148 148 148 148 148 148 149 149 149 150 151 152 152 153 153 154 154 154 155 155 154 153 152 151 150 149 149 149 149 149 148 147 144 142 140 139 138 138 139 139 139 139 139 139 138 137 136 135 134 134 132 131 129 128 126 124 122 120 118 117 115 113 112 110
139 139 141 142 142 142 141 141 141 141 141 143 143 144 146 147 148 148 148 148 148 149 149 149 150 151 152 152 153 154 154 154 155 155 155 155 155 153 152 151 150 149 148 147 148 148 148 147 146 143 142 141 140 140 140 140 140 140 139 138 138 137 136 134 134 133 132 130 129 127 125 123 121 119 117 116 114 112 110 109
141 142 143 144 144 143 142 141 140 140 140 142 144 145 147 148 149 149 149 149 149 149 150 150 151 151 152 153 153 154 155 155 156 156 156 155 155 154 153 152 150 149 148 148 148 148 148 147 146 145 143 142 142 141 141 141 140 140 139 138 137 136 135 134 133 132 131 129 128 126 124 122 120 119 117 115 113 112 110 108
144 145 146 146 145 144 143 142 140 140 140 142 144 146 148 149 150 150 150 149 149 150 150 151 151 152 153 153 154 155 156 156 156 156 156 155 155 154 153 152 151 150 149 149 149 148 148 148 147 146 145 144 143 143 142 142 141 140 139 138 137 136 135 134 133 132 130 129 127 126 124 122 120 118 116 115 113 111 109 107
146 148 149 149 147 146 145 143 141 141 141 143 145 147 149 150 150 151 151 150 150 150 151 152 152 152 153 154 155 156 157 157 157 156 156 155 155 154 154 153 152 151 151 150 150 149 149 148 148 147 146 145 145 144 143 142 141 140 139 138 137 136 135 133 132 131 130 128 127 125 124 122 120 118 116 114 112 110 108 106
150 151 152 152 150 148 147 145 143 143 143 145 147 149 150 151 152 152 151 151 150 151 151 152 152 152 153 155 156 157 157 157 157 157 156 156 155 155 154 154 153 152 152 152 151 150 149 149 148 148 147 146 146 145 144 143 141 140 139 138 136 135 134 133 132 131 129 127 126 125 123 121 119 117 115 113 111 109 107 105
154 155 155 155 154 151 148 147 145 145 145 146 148 151 152 153 153 153 152 152 151 151 151 152 152 153 154 156 157 157 158 158 157 157 156 156 156 155 155 155 154 153 153 153 152 151 150 149 149 148 148 147 147 146 144 143 141 140 139 138 136 135 134 133 132 130 128 127 126 124 122 120 118 116 114 112 110 107 106 104
157 159 159 159 156 153 151 149 147 147 147 148 150 152 153 154 154 154 153 152 151 151 151 151 152 153 154 155 156 157 158 158 157 156 155 155 155 155 155 155 154 153 153 153 152 151 150 149 148 148 147 147 146 145 144 143 141 140 139 137 136 135 134 133 131 130 128 126 125 124 122 120 117 116 114 111 109 107 105 103
160 162 162 161 158 155 153 150 148 148 149 150 152 154 155 155 155 155 153 152 151 151 151 151 152 153 154 155 156 157 158 157 157 156 155 155 155 155 155 155 154 154 153 153 152 151 150 149 148 147 146 146 145 145 143 142 141 140 138 137 136 135 133 132 131 129 127 126 125 123 121 119 117 115 113 111 109 106 104 102
161 163 162 161 158 156 154 152 150 150 150 151 152 154 155 155 155 155 153 152 151 151 150 151 152 153 154 154 155 156 157 157 156 155 154 154 154 154 154 154 154 153 153 152 151 150 149 147 146 145 145 144 143 143 142 141 140 139 138 137 136 135 133 131 130 128 127 126 124 122 121 119 116 114 112 110 108 106 104 102
162 163 162 160 159 157 154 153 152 152 152 152 153 154 154 155 155 154 153 152 150 150 150 150 151 152 153 153 153 154 154 154 153 152 152 152 152 153 153 154 153 153 152 151 150 148 147 146 144 143 142 142 141 141 140 139 139 138 138 137 136 135 133 130 129 128 127 126 124 122 120 118 116 113 111 109 107 105 103 102
162 162 161 160 158 156 154 153 153 153 153 153 153 153 154 155 154 153 152 150 149 149 149 150 150 150 151 151 151 151 150 150 149 149 149 149 150 151 152 153 154 153 151 150 148 146 145 143 141 140 139 139 139 139 138 138 138 138 138 137 136 134 132 130 129 128 127 126 124 122 120 117 115 113 111 109 107 105 103 101
162 162 160 159 157 156 154 154 153 153 153 153 153 153 153 154 153 152 151 149 147 147 147 149 149 149 149 149 148 147 146 145 145 145 146 147 148 149 150 152 153 153 150 147 145 143 141 140 139 137 137 136 136 136 136 136 138 138 138 137 136 134 132 130 128 128 127 126 123 121 119 116 114 112 110 108 106 104 102 100
162 161 159 158 156 155 154 154 153 153 153 152 152 152 152 153 152 151 150 147 145 146 146 147 148 148 148 147 146 144 141 140 140 142 144 145 145 146 148 151 152 152 148 145 143 140 138 137 136 134 134 134 134 134 135 136 137 138 138 138 137 134 132 130 128 127 126 125 122 120 118 115 113 111 109 107 105 103 102 100
161 160 158 157 155 154 154 153 153 153 152 151 151 151 152 152 152 151 149 146 143 144 146 146 147 146 146 146 145 144 142 140 140 141 143 142 142 143 144 146 147 147 143 141 138 136 134 133 132 131 130 130 131 132 133 135 137 138 139 138 137 135 133 130 128 127 125 122 120 118 116 114 112 110 108 106 104 103 101 100
160 158 157 156 154 153 153 153 153 152 152 150 150 151 151 152 152 151 149 146 143 144 145 145 145 145 145 144 145 144 142 141 140 141 142 140 139 139 140 141 142 141 139 137 134 132 131 129 128 127 127 127 128 129 132 134 136 138 139 138 137 135 133 131 128 126 123 120 118 116 115 113 112 109 107 106 104 102 101 100
158 157 156 154 153 152 152 152 152 153 152 149 149 150 151 152 153 152 150 147 144 144 144 144 144 144 143 142 143 144 142 141 141 141 142 139 137 136 136 137 137 136 134 132 130 128 126 125 124 123 123 123 124 126 129 132 134 137 139 139 137 135 132 130 127 125 122 120 117 115 114 112 110 109 107 105 103 102 100 99
156 155 154 152 151 150 150 151 152 153 152 148 148 150 151 152 153 153 150 147 145 144 144 143 143 142 142 141 143 144 142 142 141 141 142 139 136 135 134 135 134 133 130 128 126 124 121 120 119 119 119 119 121 124 126 129 132 135 138 138 136 134 131 129 126 124 121 119 117 115 113 111 110 108 106 104 103 101 100 99
-9999 152 151 150 149 148 148 149 -9999 -9999 -9999 -9999 -9999 -9999 -9999 -9999 -9999 -9999 -9999 -9999 -9999 -9999 -9999 -9999 -9999 -9999 -9999 -9999 -9999 -9999 -9999 -9999 -9999 -9999 -9999 -9999 -9999 -9999 -9999 -9999 -9999 -9999 -9999 123 120 119 117 116 115 115 115 116 118 121 123 126 129 132 135 135 134 132 129 127 125 122 120 118 116 114 113 111 109 107 106 104 102 100 99 98
-9999 149 148 148 -9999 -9999 -9999 -9999 -9999 -9999 -9999 -9999 -9999 -9999 -9999 -9999 -9999 -9999 -9999 -9999 -9999 -9999 -9999 -9999 -9999 -9999 -9999 -9999 -9999 -9999 -9999 -9999 -9999 -9999 -9999 -9999 -9999 -9999 -9999 -9999 -9999 -9999 -9999 -9999 -9999 -9999 112 111 111 111 112 113 115 117 120 123 125 128 130 131 130 129 127 125 123 121 119 117 115 113 111 110 108 107 105 103 102 100 99 98
-9999 146 146 146 -9999 -9999 -9999 -9999 -9999 -9999 -9999 -9999 -9999 -9999 -9999 -9999 -9999 -9999 -9999 -9999 -9999 -9999 -9999 -9999 -9999 -9999 -9999 -9999 -9999 -9999 -9999 -9999 -9999 -9999 -9999 -9999 -9999 -9999 -9999 -9999 -9999 -9999 -9999 -9999 -9999 -9999 -9999 -9999 -9999 107 108 109 111 114 117 119 122 124 125 -9999 -9999 -9999 -9999 -9999 -9999 119 117 115 114 112 110 109 107 106 104 103 101 100 100 99
141 142 143 143 142 141 142 143 -9999 -9999 -9999 -9999 -9999 -9999 -9999 -9999 -9999 -9999 -9999 -9999 -9999 -9999 -9999 -9999 -9999 -9999 -9999 -9999 -9999 -9999 -9999 -9999 -9999 -9999 -9999 -9999 -9999 -9999 -9999 -9999 -9999 -9999 -9999 -9999 -9999 -9999 -9999 -9999 -9999 105 105 106 108 110 113 115 118 120 121 -9999 -9999 -9999 -9999 -9999 -9999 117 115 114 112 110 109 108 106 105 103 102 102 101 100 99
138 139 139 140 -9999 -9999 -9999 -9999 -9999 -9999 -9999 -9999 -9999 -9999 -9999 -9999 -9999 -9999 -9999 -9999 -9999 -9999 -9999 -9999 -9999 -9999 -9999 -9999 -9999 -9999 -9999 -9999 -9999 -9999 -9999 -9999 -9999 -9999 -9999 -9999 -9999 -9999 -9999 -9999 -9999 -9999 -9999 -9999 -9999 103 103 103 -9999 -9999 -9999 -9999 -9999 -9999 -9999 -9999 -9999 -9999 -9999 -9999 -9999 -9999 -9999 112 110 109 108 107 106 104 103 102 101 101 100 100
135 136 137 137 -9999 -9999 -9999 -9999 -9999 -9999 -9999 -9999 -9999 -9999 -9999 -9999 -9999 -9999 -9999 -9999 -9999 -9999 -9999 -9999 -9999 -9999 -9999 -9999 -9999 -9999 -9999 -9999 -9999 -9999 -9999 -9999 -9999 -9999 -9999 -9999 -9999 -9999 -9999 -9999 -9999 -9999 -9999 -9999 -9999 101 100 100 -9999 -9999 -9999 -9999 -9999 -9999 -9999 -9999 -9999 -9999 -9999 -9999 -9999 -9999 -9999 110 108 107 106 105 104 103 102 101 101 100 100 100
133 133 134 135 -9999 -9999 -9999 -9999 -9999 -9999 -9999 -9999 -9999 -9999 -9999 -9999 -9999 -9999 -9999 -9999 -9999 -9999 -9999 -9999 -9999 -9999 -9999 -9999 -9999 -9999 -9999 -9999 -9999 -9999 -9999 -9999 -9999 -9999 -9999 -9999 -9999 -9999 -9999 -9999 -9999 -9999 -9999 -9999 -9999 100 100 99 -9999 -9999 -9999 -9999 -9999 -9999 -9999 -9999 -9999 -9999 -9999 -9999 -9999 -9999 -9999 108 107 105 105 104 103 102 101 100 100 99 99 99
130 130 131 132 -9999 -9999 -9999 -9999 -9999 -9999 -9999 -9999 -9999 -9999 -9999 -9999 -9999 -9999 -9999 -9999 -9999 -9999 -9999 -9999 -9999 -9999 -9999 -9999 -9999 -9999 -9999 -9999 -9999 -9999 -9999 -9999 -9999 -9999 -9999 -9999 -9999 -9999 -9999 -9999 -9999 -9999 -9999 -9999 -9999 -9999 -9999 -9999 -9999 -9999 -9999 -9999 -9999 -9999 -9999 -9999 -9999 -9999 -9999 -9999 -9999 -9999 -9999 -9999 -9999 104 103 102 101 100 99 98 98 97 97 97
128 128 129 130 -9999 -9999 -9999 -9999 -9999 -9999 -9999 -9999 -9999 -9999 -9999 -9999 -9999 -9999 -9999 -9999 -9999 -9999 -9999 -9999 -9999 -9999 -9999 -9999 -9999 -9999 -9999 -9999 -9999 -9999 -9999 -9999 -9999 -9999 -9999 -9999 -9999 -9999 -9999 -9999 -9999 -9999 -9999 -9999 -9999 -9999 -9999 -9999 -9999 -9999 -9999 -9999 -9999 -9999 -9999 -9999 -9999 -9999 -9999 -9999 -9999 -9999 -9999 -9999 -9999 -9999 101 100 99 98 97 97 96 95 94 94
126 126 127 127 -9999 -9999 -9999 -9999 -9999 -9999 -9999 -9999 -9999 -9999 -9999 -9999 -9999 -9999 -9999 -9999 -9999 -9999 -9999 -9999 -9999 -9999 -9999 -9999 -9999 -9999 -9999 -9999 -9999 -9999 -9999 -9999 -9999 -9999 -9999 -9999 -9999 -9999 -9999 -9999 -9999 -9999 -9999 -9999 -9999 -9999 -9999 -9999 -9999 -9999 -9999 -9999 -9999 -9999 -9999 -9999 -9999 -9999 -9999 -9999 -9999 -9999 -9999 -9999 -9999 -9999 99 98 98 96 96 95 94 93 92 90
-9999 -9999 -9999 -9999 -9999 -9999 -9999 -9999 125 126 -9999 -9999 -9999 -9999 -9999 -9999 -9999 -9999 -9999 -9999 -9999 -9999 -9999 -9999 -9999 -9999 -9999 -9999 -9999 -9999 -9999 -9999 -9999 -9999 -9999 -9999 -9999 -9999 -9999 -9999 -9999 -9999 -9999 -9999 -9999 -9999 -9999 -9999 -9999 -9999 -9999 -9999 -9999 -9999 -9999 -9999 -9999 -9999 -9999 -9999 -9999 -9999 -9999 -9999 -9999 -9999 -9999 -9999 -9999 -9999 -9999 -9999 95 95 94 93 92 90 89 87
-9999 -9999 -9999 -9999 -9999 -9999 -9999 -9999 124 124 -9999 -9999 -9999 -9999 -9999 -9999 -9999 -9999 -9999 -9999 -9999 -9999 -9999 -9999 -9999 -9999 -9999 -9999 -9999 -9999 -9999 -9999 -9999 -9999 -9999 -9999 -9999 -9999 -9999 -9999 -9999 -9999 -9999 -9999 -9999 -9999 -9999 -9999 -9999 -9999 -9999 -9999 -9999 -9999 -9999 -9999 -9999 -9999 -9999 -9999 -9999 -9999 -9999 -9999 -9999 -9999 -9999 -9999 -9999 -9999 -9999 -9999 94 93 92 91 89 88 86 85
