tests/test_data/rstack/feb_temp.asc
ncols         147
nrows         127
xllcorner     -90.06084375
yllcorner     23.864697408444
cellsize      0.096253424
NODATA_value  -9999
[rows 33 to 65 of 127, columns 0 to 73 of 147]
10.42016 10.3622 10.24669 10.14198 10.06615 9.978644 9.881224 9.830529 9.789458 9.731706 9.693935 9.693935 9.729421 9.787172 9.828959 9.86536 9.883444 9.886344 9.868261 9.902372 9.960124 10.03518 10.12888 10.28405 10.34304 10.30337 10.24992 10.1957 10.25345 10.27126 10.19543 10.10734 10.00992 9.864223 9.7275 9.749085 9.797639 9.891558 9.87437 9.795032 9.738518 9.697158 9.715241 9.691375 9.61554 9.539704 9.463869 9.405821 9.367181 9.385264 9.463465 9.597052 9.67081 9.725247 9.725247 9.744066 9.801818 9.835994 9.854077 9.906385 9.956559 9.956559 9.995496 10.09292 10.17592 10.25175 10.21941 10.16861 10.07469 10.02525 10.02525 10.09753 10.19371 10.17212
10.53567 10.4777 10.3622 10.24841 10.13922 10.05443 9.99036 9.973018 9.962714 9.904962 9.867191 9.867191 9.902677 9.960428 9.972768 9.985912 10.03735 10.0456 9.994162 10.01788 10.07563 10.18259 10.29462 10.41644 10.47501 10.46869 10.42318 10.36896 10.42671 10.43454 10.32536 10.24177 10.1777 10.06536 9.951546 9.906425 9.938013 10.09864 10.14815 10.13552 9.994001 9.876357 9.927794 9.907486 9.798298 9.68911 9.579922 9.521324 9.491091 9.542527 9.65408 9.82102 9.901817 9.956255 9.956255 9.975074 10.03283 10.08682 10.13826 10.19514 10.24532 10.24532 10.27093 10.33499 10.42921 10.5384 10.5394 10.50145 10.34082 10.25626 10.25626 10.30379 10.36766 10.41278
10.60435 10.54649 10.45802 10.3622 10.24669 10.16241 10.10466 10.09363 10.08915 10.0314 10.00299 10.03002 10.07593 10.13368 10.16432 10.18782 10.1915 10.19209 10.18841 10.2084 10.23912 10.35095 10.46037 10.54883 10.59363 10.59363 10.57022 10.54138 10.5721 10.57526 10.51383 10.45449 10.39674 10.31331 10.22805 10.1703 10.17851 10.2977 10.39246 10.47357 10.34787 10.22355 10.20019 10.13567 10.02017 9.904665 9.789161 9.757052 9.748633 9.806386 9.938328 10.13862 10.24779 10.32616 10.29912 10.28209 10.28577 10.27338 10.25002 10.29664 10.35391 10.40799 10.44192 10.44559 10.50592 10.59439 10.62532 10.61683 10.47062 10.39363 10.39363 10.43648 10.49451 10.5793
10.65754 10.5998 10.54468 10.47385 10.36098 10.27791 10.22016 10.20914 10.20507 10.15259 10.13734 10.19245 10.24757 10.30268 10.36012 10.40079 10.34568 10.33684 10.39195 10.41095 10.41359 10.51916 10.61757 10.67532 10.70587 10.70851 10.70914 10.70914 10.70914 10.70992 10.71256 10.68243 10.62731 10.56999 10.51279 10.46032 10.44894 10.50669 10.63682 10.80744 10.71536 10.59769 10.48218 10.36668 10.25118 10.13756 10.02469 10.02024 10.03349 10.09388 10.2417 10.47007 10.6094 10.7148 10.65442 10.59402 10.53364 10.44206 10.32919 10.36125 10.42429 10.5398 10.58605 10.5283 10.54596 10.60107 10.65866 10.68143 10.56856 10.51038 10.51302 10.55655 10.61491 10.73041
10.65754 10.59992 10.57816 10.54068 10.46117 10.39342 10.33567 10.32464 10.32574 10.33997 10.35681 10.37857 10.40033 10.42209 10.47563 10.52135 10.49958 10.49609 10.51786 10.54941 10.5854 10.6286 10.67532 10.73308 10.78009 10.81608 10.82464 10.82464 10.82464 10.8354 10.87139 10.87461 10.85285 10.801 10.75076 10.76499 10.79545 10.8532 10.96194 11.09921 10.97378 10.8287 10.71319 10.59769 10.48218 10.39242 10.3129 10.2762 10.2729 10.36665 10.5131 10.70812 10.8404 10.9439 10.85015 10.75641 10.66267 10.57738 10.49787 10.50573 10.5398 10.6553 10.70156 10.64381 10.63918 10.66094 10.71641 10.74602 10.6665 10.64168 10.67767 10.72981 10.78816 10.90367
10.69768 10.6401 10.62851 10.60751 10.56135 10.51519 10.46903 10.46021 10.46469 10.52244 10.56423 10.57582 10.57316 10.56157 10.60097 10.6419 10.65349 10.66021 10.66021 10.69199 10.73814 10.74014 10.75054 10.7967 10.84858 10.90633 10.92891 10.94014 10.94014 10.95741 11.01516 11.03357 11.02197 10.98149 10.94496 10.99112 11.0416 11.09936 11.17928 11.2716 11.1434 10.99949 10.88398 10.76848 10.65298 10.57877 10.52102 10.48607 10.48932 10.60483 10.73832 10.8884 11.0112 11.11344 10.99794 10.88243 10.76693 10.69264 10.64648 10.64014 10.65378 10.75769 10.80162 10.75546 10.7324 10.72081 10.77416 10.81298 10.77841 10.78756 10.84531 10.90306 10.9613 11.06521
10.81318 10.75548 10.71054 10.67434 10.66153 10.64872 10.63592 10.63347 10.63795 10.6957 10.74902 10.79396 10.78368 10.73873 10.74478 10.76245 10.80739 10.83347 10.83347 10.84229 10.85509 10.85565 10.85853 10.87134 10.90633 10.96408 11.01208 11.05565 11.05565 11.07292 11.13067 11.13014 11.0852 11.06712 11.05698 11.06979 11.09936 11.15711 11.19425 11.21986 11.14633 11.05724 10.94174 10.82623 10.71073 10.63652 10.57877 10.60943 10.66258 10.77808 10.87686 10.96023 11.06895 11.17119 11.05569 10.94019 10.82468 10.77021 10.7574 10.75565 10.76491 10.83546 10.8727 10.8599 10.82562 10.78067 10.83191 10.88441 10.91655 10.96082 11.01857 11.07632 11.1342 11.20476
10.92869 10.87101 10.83381 10.80673 10.80673 10.81783 10.83838 10.85892 10.87917 10.89583 10.92671 10.98446 10.99649 10.97983 10.95974 10.94482 10.96148 10.97978 11.00032 11.00673 11.00673 10.96741 10.93558 10.93558 10.96408 11.02184 11.07959 11.1362 11.15675 11.17613 11.19279 11.17889 11.14168 11.13558 11.13558 11.13558 11.14179 11.15845 11.16442 11.16442 11.09319 11.01193 10.91697 10.81283 10.69733 10.63782 10.60061 10.69722 10.80026 10.91576 11.00121 11.05896 11.11365 11.15897 11.06402 10.97575 10.90134 10.87115 10.87115 10.87115 10.87603 10.91324 10.94379 10.96433 10.93256 10.87481 10.92524 10.98299 11.04074 11.10822 11.18652 11.23433 11.27175 11.3295
11.04419 10.98664 10.98279 10.97998 10.97998 11.00912 11.06302 11.11692 11.16276 11.11271 11.09996 11.15771 11.21073 11.26078 11.21905 11.16573 11.11569 11.10928 11.16318 11.17998 11.17998 11.07685 10.99333 10.99333 11.02184 11.07959 11.13734 11.19497 11.24887 11.27169 11.22165 11.19781 11.19396 11.19333 11.19333 11.19333 11.17467 11.12462 11.10667 11.10667 11.0051 10.90237 10.84076 10.75508 10.63958 10.60392 10.60006 10.76283 10.91576 11.03127 11.11671 11.17447 11.15021 11.10314 11.04153 10.99749 10.98978 10.98665 10.98665 10.98665 10.98716 10.99101 11.01487 11.06877 11.04807 10.99032 11.04074 11.0985 11.15625 11.23952 11.35117 11.38284 11.38726 11.44501
11.21078 11.15324 11.15324 11.16127 11.19077 11.23554 11.29329 11.35104 11.40441 11.40566 11.40604 11.4048 11.4398 11.49755 11.45333 11.40004 11.37179 11.35487 11.35363 11.35324 11.35324 11.21451 11.08887 11.02987 11.04307 11.13032 11.19509 11.25194 11.2802 11.30037 11.30162 11.30216 11.30216 11.22818 11.14892 11.14892 11.12739 11.06964 11.04892 11.04892 10.99752 10.94604 10.91779 10.85057 10.73506 10.72325 10.75275 10.8366 10.93654 11.08155 11.18114 11.23889 11.20552 11.14777 11.09001 11.05108 11.05108 11.08614 11.14514 11.15324 11.15711 11.18661 11.21561 11.24386 11.21465 11.1569 11.1797 11.22005 11.3073 11.40793 11.52343 11.55324 11.55384 11.61159
11.3752 11.31766 11.31766 11.33477 11.39762 11.45772 11.51547 11.57735 11.6398 11.69755 11.71711 11.66446 11.67651 11.72916 11.67983 11.62572 11.62062 11.59556 11.54291 11.52649 11.52649 11.36074 11.19934 11.07873 11.07216 11.18256 11.25673 11.31766 11.31766 11.33188 11.37943 11.4 11.4 11.26796 11.12649 11.12649 11.10686 11.05421 11.03205 11.02695 11.02185 11.01766 11.01766 10.97063 10.86532 10.86933 10.91688 10.92268 10.96887 11.13703 11.24772 11.30547 11.27612 11.22318 11.16543 11.12649 11.12649 11.18908 11.29438 11.31323 11.32524 11.38299 11.41766 11.41766 11.37908 11.32132 11.32244 11.34913 11.45954 11.56752 11.67283 11.70757 11.71821 11.77086
11.4907 11.43317 11.43317 11.45935 11.55555 11.63097 11.68872 11.77759 11.87081 11.92856 11.95966 11.94036 11.94477 11.96407 11.88139 11.79393 11.75548 11.72506 11.70577 11.69975 11.69975 11.53399 11.36508 11.21112 11.1712 11.24825 11.3399 11.43317 11.43317 11.42744 11.40828 11.4 11.4 11.3516 11.29975 11.29975 11.29255 11.27326 11.24167 11.20322 11.16477 11.13317 11.13317 11.11593 11.07733 11.05264 11.03348 11.07099 11.13372 11.26853 11.36322 11.42098 11.41794 11.39643 11.33868 11.29975 11.29975 11.32269 11.36129 11.39976 11.44074 11.4985 11.53317 11.53317 11.49458 11.43683 11.46918 11.51555 11.5926 11.65144 11.69004 11.75706 11.83337 11.85267
11.60254 11.57311 11.60122 11.64929 11.75074 11.82096 11.86466 11.95509 12.05315 12.1109 12.14867 12.14867 12.14867 12.14867 12.07151 11.98647 11.91467 11.87301 11.87301 11.86333 11.84928 11.69636 11.54032 11.39517 11.35018 11.40794 11.46686 11.52433 11.52433 11.50707 11.44932 11.43231 11.44636 11.46042 11.47301 11.47301 11.46776 11.45371 11.42065 11.37695 11.33325 11.29734 11.29734 11.29734 11.29734 11.26609 11.22239 11.26466 11.31582 11.38917 11.46171 11.53351 11.53758 11.52183 11.47813 11.45325 11.4673 11.47301 11.47301 11.49858 11.53191 11.58967 11.62434 11.62434 11.59514 11.55144 11.60276 11.66051 11.71826 11.74867 11.74867 11.82394 11.92448 11.93853
11.70934 11.74661 11.84143 11.92897 11.99707 12.03394 12.04429 12.10136 12.16865 12.2264 12.26417 12.26417 12.26417 12.26417 12.24591 12.21243 12.10727 12.04626 12.04626 12.01363 11.96623 11.84377 11.7286 11.65016 11.63894 11.6967 11.65395 11.58209 11.58209 11.56482 11.50707 11.50899 11.5564 11.6038 11.64626 11.64626 11.62859 11.58118 11.55754 11.5472 11.53685 11.52835 11.52835 11.52835 11.52835 11.52095 11.51061 11.52061 11.52162 11.4949 11.53682 11.64198 11.62677 11.58149 11.57115 11.57962 11.62703 11.64626 11.64626 11.61429 11.58967 11.64742 11.68209 11.68209 11.67517 11.66483 11.71826 11.77602 11.83377 11.86417 11.86417 11.9147 11.98258 12.02999
11.85597 11.9597 12.05219 12.13523 12.19299 12.21952 12.21952 12.26624 12.32221 12.35695 12.37968 12.37968 12.37968 12.37968 12.37968 12.36568 12.27318 12.20986 12.18685 12.15576 12.12102 12.03102 11.94635 11.8886 11.86515 11.87689 11.79165 11.67968 11.67968 11.66929 11.63455 11.63923 11.67398 11.72795 11.77968 11.77968 11.76672 11.73198 11.70476 11.68176 11.70061 11.71952 11.71952 11.71952 11.71952 11.71952 11.71952 11.69689 11.67092 11.63618 11.66766 11.76016 11.75227 11.71952 11.71952 11.73084 11.76558 11.77968 11.77968 11.72985 11.68424 11.71898 11.73064 11.70763 11.73074 11.77676 11.83377 11.89152 11.94927 11.99057 12.01358 12.06237 12.11988 12.15462
12.02052 12.19058 12.24973 12.30849 12.36624 12.39277 12.39277 12.4395 12.49288 12.49427 12.49518 12.49518 12.49518 12.49518 12.49518 12.48623 12.42709 12.36911 12.31275 12.29422 12.29283 12.23619 12.17736 12.11961 12.06323 12.00826 11.90716 11.79518 11.79518 11.79477 11.79338 11.79356 11.79495 11.84346 11.89518 11.89518 11.89466 11.89327 11.85663 11.80027 11.84646 11.89277 11.89277 11.89277 11.89277 11.89277 11.89277 11.83734 11.79483 11.79344 11.82356 11.8827 11.89408 11.89277 11.89277 11.89323 11.89462 11.89518 11.89518 11.84536 11.79536 11.79676 11.77507 11.7187 11.77531 11.88803 11.94927 12.00702 12.06478 12.12187 12.17823 12.23562 12.29279 12.29418
12.21691 12.4217 12.51142 12.57504 12.56886 12.56603 12.56603 12.58689 12.61316 12.64513 12.65497 12.62301 12.61069 12.61069 12.61069 12.60678 12.58099 12.5552 12.52941 12.52137 12.52137 12.46612 12.40117 12.31146 12.22174 12.13203 12.04702 11.96603 11.96603 11.97558 12.00755 12.00323 11.97127 12.0143 12.06603 12.06603 12.06603 12.06603 12.04949 12.0237 12.07391 12.11568 12.08371 12.0803 12.11227 12.09852 12.06655 12.00923 11.97408 12.00605 12.03479 12.06059 12.06603 12.06603 12.06603 12.06603 12.06603 12.06603 12.06603 12.04378 12.01718 11.98522 11.95572 11.92993 11.97719 12.06073 12.15005 12.23321 12.29097 12.34872 12.40647 12.46422 12.52137 12.52137
12.4242 12.63971 12.75522 12.82563 12.77544 12.74829 12.74073 12.73317 12.73008 12.78027 12.79835 12.75572 12.73464 12.72707 12.72619 12.72619 12.72619 12.72619 12.72619 12.72619 12.72619 12.67817 12.61157 12.48851 12.36917 12.25367 12.18794 12.13928 12.13928 12.15429 12.20448 12.202 12.15937 12.19433 12.23928 12.23928 12.23928 12.23928 12.24413 12.2517 12.29804 12.33034 12.28015 12.27142 12.31405 12.2903 12.24011 12.18992 12.16503 12.21522 12.23928 12.23928 12.23928 12.23972 12.24728 12.25238 12.25238 12.25238 12.25238 12.24585 12.23171 12.17395 12.14231 12.14987 12.19097 12.24872 12.35348 12.45113 12.50888 12.56663 12.62438 12.68213 12.73928 12.73928
12.66392 12.81297 12.92847 13.00796 12.99112 12.96127 12.92035 12.87944 12.843 12.85983 12.87918 12.90326 12.8874 12.84648 12.84169 12.84169 12.84169 12.84169 12.84169 12.84169 12.84169 12.82559 12.77732 12.6209 12.48468 12.36917 12.32886 12.31254 12.31254 12.31757 12.33441 12.35536 12.37944 12.39746 12.41254 12.41254 12.41254 12.41254 12.43878 12.47969 12.4987 12.50954 12.4927 12.47263 12.44855 12.42965 12.41282 12.39598 12.38763 12.40447 12.41254 12.41254 12.41254 12.41489 12.4558 12.48339 12.48339 12.48339 12.48339 12.44809 12.40496 12.34721 12.32889 12.36981 12.42197 12.47972 12.55325 12.62438 12.68213 12.73989 12.79764 12.85539 12.91254 12.91254
12.88286 13.01482 13.13033 13.21439 13.21439 13.16532 13.07453 13.01047 12.9572 12.9572 12.97146 13.0127 13.01341 12.98869 12.97121 12.9572 12.9572 12.9572 12.9572 12.96856 12.98508 12.96999 12.9219 12.76516 12.62878 12.51328 12.4858 12.4863 12.50282 12.50946 12.49294 12.51857 12.57632 12.5858 12.58752 12.60404 12.61439 12.61439 12.64084 12.68207 12.70082 12.71145 12.69493 12.66738 12.62614 12.61439 12.61439 12.61439 12.61439 12.61439 12.61439 12.61439 12.61439 12.61771 12.67546 12.71439 12.71439 12.69476 12.66173 12.60737 12.55395 12.52923 12.53748 12.59523 12.64195 12.68318 12.73989 12.80102 12.87529 12.94174 12.99949 13.04499 13.0858 13.0858
13.08064 13.24583 13.36133 13.4454 13.4454 13.36026 13.20277 13.12598 13.0727 13.0727 13.07543 13.08331 13.11215 13.15413 13.11502 13.0727 13.0727 13.0727 13.0727 13.10702 13.15689 13.11134 13.04492 12.92153 12.80203 12.68653 12.65905 12.66057 12.71044 12.73049 12.68062 12.69182 12.74958 12.75905 12.76426 12.81413 12.8454 12.8454 12.85046 12.85834 12.90442 12.93652 12.88665 12.85553 12.84765 12.8454 12.8454 12.8454 12.8454 12.8454 12.8454 12.8454 12.8454 12.84872 12.90647 12.9454 12.9454 12.88613 12.78639 12.72287 12.67821 12.7202 12.76848 12.82624 12.85067 12.85855 12.91314 12.98112 13.08874 13.17275 13.2305 13.25125 13.25905 13.25905
13.24097 13.38854 13.47857 13.5441 13.5441 13.47798 13.35566 13.24437 13.1441 13.1441 13.1441 13.1441 13.17959 13.23734 13.2156 13.19206 13.21753 13.23231 13.23231 13.25453 13.28681 13.23295 13.1622 13.04669 12.95633 12.89177 12.857 12.83407 12.89182 12.91504 12.85729 12.86508 12.92283 12.93231 12.93834 12.99609 13.03231 13.03231 13.03231 13.03231 13.08485 13.12656 13.09427 13.07641 13.07641 13.0582 13.03273 13.00726 12.9882 12.9882 12.9882 12.9882 13.0083 13.03416 13.06644 13.07991 13.05444 12.99059 12.90056 12.88233 12.88065 12.91293 12.96557 13.04879 13.09343 13.1189 13.1746 13.2442 13.3597 13.44786 13.50561 13.52051 13.52025 13.49478
13.39155 13.50577 13.56245 13.60342 13.60235 13.57005 13.51123 13.36156 13.20363 13.20255 13.20185 13.20185 13.23668 13.29336 13.30095 13.3106 13.36835 13.4023 13.40337 13.40297 13.4019 13.34558 13.27447 13.16111 13.10371 13.10371 13.06051 13.00733 13.06508 13.08862 13.03193 13.03958 13.09626 13.10556 13.11148 13.16816 13.20411 13.20518 13.20556 13.20556 13.2581 13.30556 13.30556 13.30509 13.30401 13.26241 13.20466 13.14691 13.10371 13.10371 13.10371 13.10371 13.14843 13.20179 13.20072 13.18153 13.12485 13.06881 13.0132 13.05447 13.10399 13.10613 13.15315 13.26759 13.34486 13.40369 13.46452 13.53688 13.65346 13.74117 13.79678 13.80954 13.80682 13.74906
13.59804 13.67891 13.70223 13.70984 13.67542 13.60977 13.5176 13.41553 13.31654 13.28212 13.25961 13.25961 13.27394 13.29727 13.33039 13.36835 13.4261 13.47406 13.50848 13.49552 13.4611 13.37142 13.28949 13.24284 13.21921 13.21921 13.20144 13.18058 13.23834 13.27184 13.24852 13.25166 13.27499 13.27882 13.28125 13.30458 13.33205 13.36647 13.37882 13.37882 13.43136 13.47882 13.47882 13.46344 13.42902 13.37791 13.32016 13.26241 13.21921 13.21921 13.21921 13.21921 13.23762 13.25763 13.22321 13.1924 13.16907 13.1662 13.1773 13.19895 13.22825 13.2971 13.37083 13.45191 13.54041 13.63258 13.78924 13.94799 14.09791 14.1716 14.1605 14.10656 14.03782 13.98007
13.78717 13.83468 13.82465 13.80164 13.74389 13.65491 13.53941 13.47063 13.41366 13.36593 13.32778 13.30773 13.30616 13.31618 13.3595 13.40874 13.46649 13.52425 13.582 13.56715 13.51942 13.41644 13.33246 13.32243 13.31736 13.31736 13.325 13.33648 13.39423 13.43771 13.44774 13.45208 13.45208 13.45208 13.45208 13.45208 13.47361 13.53136 13.55208 13.55208 13.59549 13.63472 13.63472 13.60892 13.55117 13.49342 13.43567 13.37791 13.33472 13.33472 13.33472 13.33472 13.32681 13.31519 13.27749 13.25208 13.25208 13.28044 13.32817 13.34337 13.36723 13.48274 13.57516 13.63291 13.73594 13.86147 14.0764 14.2876 14.46086 14.52473 14.46698 14.36638 14.25137 14.18359
13.9359 13.95006 13.90668 13.85939 13.80164 13.71267 13.59716 13.52839 13.474 13.45962 13.42021 13.33345 13.32665 13.37003 13.3878 13.40874 13.46649 13.52425 13.582 13.59011 13.57573 13.50611 13.44045 13.39707 13.37511 13.37511 13.40817 13.45198 13.50974 13.56319 13.60657 13.62533 13.62533 13.62533 13.62533 13.62533 13.64686 13.70461 13.72533 13.72533 13.73841 13.75022 13.75022 13.72443 13.66667 13.60892 13.55117 13.49342 13.45022 13.45022 13.45022 13.45022 13.416 13.37677 13.40578 13.42533 13.42533 13.43387 13.44825 13.48765 13.54049 13.65599 13.74841 13.80616 13.93148 14.09037 14.27617 14.46086 14.63411 14.69799 14.64023 14.53963 14.42428 14.32315
14.03442 14.06551 14.00776 13.94484 13.86811 13.77042 13.65492 13.58362 13.5 13.5 13.46004 13.34453 13.33549 13.39324 13.4 13.40874 13.46649 13.52425 13.582 13.6 13.6 13.54475 13.49974 13.49889 13.49859 13.49859 13.49907 13.50176 13.55952 13.61727 13.67502 13.7 13.7 13.7 13.7 13.7 13.72153 13.77928 13.8 13.8 13.8 13.8048 13.82498 13.81554 13.77677 13.72443 13.66667 13.62759 13.5938 13.57483 13.56572 13.56572 13.53513 13.50081 13.53959 13.56572 13.56572 13.56572 13.56572 13.63192 13.71374 13.82925 13.92925 14.00598 14.13453 14.2888 14.44308 14.59347 14.72877 14.78164 14.74287 14.66124 14.56452 14.44902
-9999 14.18101 14.12326 14.05127 13.94118 13.82817 13.71267 13.67612 -9999 -9999 -9999 -9999 -9999 -9999 -9999 -9999 -9999 -9999 -9999 -9999 -9999 -9999 -9999 -9999 -9999 -9999 -9999 -9999 -9999 -9999 -9999 -9999 -9999 -9999 -9999 -9999 -9999 -9999 -9999 -9999 -9999 -9999 -9999 13.88819 13.88277 13.83993 13.78218 13.7759 13.75865 13.70632 13.68123 13.68123 13.67695 13.67215 13.67757 13.68123 13.68123 13.68123 13.68123 13.7762 13.887 14.0025 14.11584 14.22592 14.34325 14.46417 14.5851 14.69529 14.76389 14.79743 14.79201 14.74374 14.68003 14.56452
-9999 14.34478 14.2591 14.17067 -9999 -9999 -9999 -9999 -9999 -9999 -9999 -9999 -9999 -9999 -9999 -9999 -9999 -9999 -9999 -9999 -9999 -9999 -9999 -9999 -9999 -9999 -9999 -9999 -9999 -9999 -9999 -9999 -9999 -9999 -9999 -9999 -9999 -9999 -9999 -9999 -9999 -9999 -9999 -9999 -9999 -9999 13.89675 13.89673 13.88218 13.82442 13.79673 13.79673 13.79673 13.79673 13.79673 13.79673 13.79673 13.81333 13.84126 13.92065 14.01189 14.12739 14.2429 14.3584 14.45524 14.54281 14.65655 14.76021 14.81796 14.84837 14.84837 14.82624 14.79582 14.70825
-9999 14.51181 14.39631 14.31323 -9999 -9999 -9999 -9999 -9999 -9999 -9999 -9999 -9999 -9999 -9999 -9999 -9999 -9999 -9999 -9999 -9999 -9999 -9999 -9999 -9999 -9999 -9999 -9999 -9999 -9999 -9999 -9999 -9999 -9999 -9999 -9999 -9999 -9999 -9999 -9999 -9999 -9999 -9999 -9999 -9999 -9999 -9999 -9999 -9999 13.93993 13.91224 13.91224 13.91224 13.91224 13.91224 13.91339 13.91692 13.95268 14.01043 -9999 -9999 -9999 -9999 -9999 -9999 14.60837 14.71711 14.81796 14.87571 14.90612 14.90612 14.90612 14.90552 14.84776
14.75405 14.62731 14.51181 14.42479 14.41002 14.33756 14.22205 14.10033 -9999 -9999 -9999 -9999 -9999 -9999 -9999 -9999 -9999 -9999 -9999 -9999 -9999 -9999 -9999 -9999 -9999 -9999 -9999 -9999 -9999 -9999 -9999 -9999 -9999 -9999 -9999 -9999 -9999 -9999 -9999 -9999 -9999 -9999 -9999 -9999 -9999 -9999 -9999 -9999 -9999 14.05543 14.02774 14.02774 14.02774 14.02774 14.02774 14.03976 14.07664 14.12593 14.18368 -9999 -9999 -9999 -9999 -9999 -9999 14.72466 14.80137 14.87571 14.93346 14.96387 14.96387 14.96387 14.96327 14.90552
14.82426 14.72124 14.61822 14.52753 -9999 -9999 -9999 -9999 -9999 -9999 -9999 -9999 -9999 -9999 -9999 -9999 -9999 -9999 -9999 -9999 -9999 -9999 -9999 -9999 -9999 -9999 -9999 -9999 -9999 -9999 -9999 -9999 -9999 -9999 -9999 -9999 -9999 -9999 -9999 -9999 -9999 -9999 -9999 -9999 -9999 -9999 -9999 -9999 -9999 14.15635 14.13674 14.12426 -9999 -9999 -9999 -9999 -9999 -9999 -9999 -9999 -9999 -9999 -9999 -9999 -9999 -9999 -9999 14.93346 14.99122 15.02162 15.02162 15.02162 15.02115 14.97589
14.84878 14.77912 14.70945 14.64303 -9999 -9999 -9999 -9999 -9999 -9999 -9999 -9999 -9999 -9999 -9999 -9999 -9999 -9999 -9999 -9999 -9999 -9999 -9999 -9999 -9999 -9999 -9999 -9999 -9999 -9999 -9999 -9999 -9999 -9999 -9999 -9999 -9999 -9999 -9999 -9999 -9999 -9999 -9999 -9999 -9999 -9999 -9999 -9999 -9999 14.25445 14.23489 14.18905 -9999 -9999 -9999 -9999 -9999 -9999 -9999 -9999 -9999 -9999 -9999 -9999 -9999 -9999 -9999 14.99122 15.04897 15.07937 15.07937 15.07937 15.07925 15.06734
