tests/test_data/rstack/feb_temp.asc
ncols         147
nrows         127
xllcorner     -90.06084375
yllcorner     23.864697408444
cellsize      0.096253424
NODATA_value  -9999
[rows 0 to 32 of 127, columns 0 to 73 of 147]
6.608129 6.650514 6.520284 6.40978 6.352028 6.271016 6.170237 6.10427 6.04766 6.004633 5.951417 5.87894 5.815511 5.757759 5.636016 5.516757 5.459005 5.407435 5.364408 5.311247 5.253495 5.306248 5.337991 5.280239 5.272235 5.315262 5.413523 5.526362 5.554663 5.587367 5.630394 5.649004 5.649004 5.684971 5.723506 5.723506 5.669892 5.526087 5.428761 5.357433 5.390139 5.425498 5.425498 5.432075 5.446801 5.348159 5.204354 4.974779 4.696395 4.277406 4.054099 4.011073 4.103827 4.235442 4.408698 4.601147 4.833304 4.885099 4.813771 4.902643 5.020862 5.164666 5.262766 5.292217 5.3209 5.349201 5.296906 5.21547 5.042214 4.923105 4.864203 4.784304 4.696346 4.536665
6.756862 6.765894 6.602312 6.467532 6.40978 6.346798 6.279373 6.219774 6.16575 6.156076 6.113133 6.007303 5.931015 5.873262 5.722073 5.574509 5.516757 5.479189 5.469515 5.426751 5.368999 5.421752 5.453495 5.395743 5.371275 5.380949 5.471274 5.582077 5.543672 5.519643 5.529316 5.533501 5.533501 5.541587 5.550251 5.550251 5.521506 5.444407 5.435175 5.463906 5.4753 5.48325 5.48325 5.504724 5.552803 5.511365 5.434266 5.205787 4.918997 4.466656 4.244715 4.235041 4.255895 4.293194 4.46645 4.702371 5.06794 5.233324 5.262055 5.249556 5.243116 5.320215 5.404931 5.501088 5.507339 5.468935 5.41241 5.330974 5.157718 4.975439 4.783125 4.619307 4.464296 4.204557
6.882003 6.881362 6.708106 6.553397 6.448286 6.38158 6.347507 6.313435 6.282003 6.282003 6.250234 6.158409 6.058421 5.95331 5.808941 5.673263 5.61551 5.582003 5.582003 5.542254 5.484503 5.491947 5.486996 5.429244 5.411689 5.435368 5.492935 5.558681 5.548287 5.533921 5.510242 5.473126 5.425767 5.417997 5.417997 5.417997 5.42295 5.436236 5.478037 5.535789 5.562544 5.586223 5.609902 5.669953 5.775064 5.729843 5.624732 5.349213 5.042465 4.651488 4.476332 4.500011 4.505009 4.520389 4.788362 5.05445 5.316638 5.457327 5.515079 5.493608 5.468478 5.502551 5.550241 5.618386 5.554953 5.426163 5.319551 5.190757 4.970143 4.666121 4.269359 4.091136 3.986976 3.698216
6.997507 6.996866 6.82361 6.650746 6.47893 6.399611 6.398891 6.398171 6.397507 6.397507 6.377277 6.318805 6.19069 6.018874 5.89614 5.788766 5.731014 5.697507 5.697507 5.657758 5.600007 5.543632 5.486996 5.429244 5.428153 5.485185 5.499851 5.502966 5.559279 5.581701 5.524669 5.435273 5.321209 5.302493 5.302493 5.302493 5.344751 5.458096 5.535789 5.593541 5.650638 5.70767 5.764703 5.873004 6.04482 5.9709 5.799084 5.456859 5.125434 4.834516 4.724699 4.781731 4.793768 4.816806 5.21819 5.509008 5.571079 5.630583 5.688335 5.69564 5.695109 5.695828 5.696836 5.698276 5.545853 5.317004 5.141572 4.946072 4.658751 4.209062 3.578829 3.414601 3.409456 3.120697
7.178036 7.112128 6.873606 6.652847 6.479591 6.435284 6.50055 6.513011 6.515541 6.548174 6.560826 6.535707 6.399516 6.193627 6.067539 5.960776 5.903024 5.855817 5.823184 5.773263 5.71551 5.626538 5.528804 5.405787 5.355894 5.381013 5.411859 5.445259 5.503011 5.535984 5.510865 5.434456 5.318952 5.3 5.303406 5.336039 5.399569 5.515073 5.593541 5.651293 5.709045 5.778428 5.901445 6.003175 6.078532 5.859421 5.523 5.272944 5.080009 5.052314 5.001153 4.928372 5.067484 5.267756 5.541487 5.71294 5.672793 5.690828 5.74858 5.78466 5.808729 5.776096 5.639122 5.345424 4.984595 4.590422 4.219775 3.853802 3.499777 3.213454 3.002413 2.972168 3.005532 3.108369
7.363903 7.255991 6.975465 6.721893 6.540404 6.510571 6.609606 6.628515 6.632992 6.690744 6.725666 6.717432 6.587495 6.381189 6.255052 6.147043 6.081057 6.018528 5.960776 5.897357 5.831371 5.710132 5.57339 5.3919 5.304065 5.312299 5.351995 5.401764 5.459516 5.5 5.5 5.429783 5.306046 5.285743 5.293489 5.367709 5.460391 5.584129 5.665551 5.723302 5.788545 5.867778 6.008097 6.059998 6.00236 5.702652 5.306509 5.161986 5.09447 5.243023 5.258366 5.150982 5.382205 5.693599 5.833919 5.893561 5.786291 5.772202 5.82172 5.864133 5.881617 5.741525 5.469432 4.999068 4.539707 4.085812 3.64734 3.221778 2.842216 2.681474 2.764042 2.742667 2.689353 3.035978
7.561681 7.487123 7.23995 7.001576 6.786733 6.705516 6.737846 6.744019 6.748497 6.806248 6.82963 6.788043 6.706727 6.60048 6.48606 6.373003 6.273664 6.191783 6.134031 6.047657 5.948318 5.793726 5.623631 5.408789 5.320529 5.362116 5.384329 5.401764 5.459516 5.5 5.5 5.410857 5.253766 5.227991 5.2427 5.383625 5.530578 5.687668 5.781054 5.838807 5.934391 6.01726 6.024168 5.897965 5.606857 5.431446 5.302125 5.293205 5.30026 5.348755 5.454995 5.614434 5.823033 6.032453 6.039361 6.019933 5.946016 5.925635 5.941801 5.922086 5.837852 5.364231 4.971894 4.701648 4.486973 4.2999 4.190727 4.050821 3.771318 3.600086 3.549243 3.146992 2.629169 2.742325
7.789221 7.747952 7.516944 7.285936 7.054928 6.930223 6.895848 6.875378 6.862668 6.903232 6.915727 6.875163 6.834599 6.794034 6.687306 6.574404 6.476088 6.394801 6.337049 6.227718 6.095026 5.907083 5.707505 5.476497 5.388031 5.445783 5.472621 5.490523 5.531087 5.569801 5.604177 5.530483 5.374415 5.348807 5.365096 5.521164 5.670825 5.809705 5.907581 5.982521 6.078727 6.146169 6.071229 5.856872 5.469796 5.359523 5.359523 5.450137 5.514714 5.497526 5.65747 5.980606 6.131255 6.227433 6.186869 6.135104 6.060164 5.999117 5.947554 5.816506 5.610565 4.992482 4.565925 4.427044 4.353852 4.313288 4.284316 4.256833 4.232079 4.123662 3.922219 3.440721 2.866599 2.746285
8.044751 8.036712 7.805704 7.574696 7.343688 7.18292 7.081839 7.021649 6.975586 6.982797 6.985018 6.977807 6.970596 6.963385 6.860562 6.752707 6.687744 6.625808 6.568057 6.435771 6.269726 6.048429 5.823009 5.592001 5.503535 5.561287 5.613543 5.66276 5.669971 5.70525 5.806332 5.780417 5.657702 5.637567 5.650375 5.77309 5.876962 5.949137 6.044473 6.152766 6.22164 6.255729 6.147436 5.929521 5.575798 5.475027 5.475027 5.63125 5.737316 5.686775 5.865445 6.255286 6.314761 6.287099 6.279888 6.239739 6.131447 5.997403 5.845781 5.557124 5.210678 4.625947 4.246073 4.173899 4.145128 4.137917 3.954871 3.876884 4.252364 4.275706 3.907499 3.630433 3.383935 3.030151
8.235796 8.234941 8.003933 7.76581 7.508661 7.313955 7.172309 7.09854 7.045265 7.045265 7.05431 7.080451 7.106593 7.132735 7.033818 6.927055 6.869303 6.811551 6.753799 6.616549 6.443294 6.264806 6.080195 5.875329 5.813004 5.896898 5.940947 5.970793 5.944651 5.953046 6.042408 6.045186 5.981965 5.949739 5.935653 6.025016 6.102593 6.160345 6.221604 6.284824 6.247941 6.198204 6.134983 6.015286 5.825624 5.827674 5.906099 5.897812 5.922094 6.047333 6.20895 6.40408 6.399703 6.345265 6.345265 6.282073 6.088145 5.890966 5.691569 5.478016 5.252481 4.96252 4.74447 4.634435 4.475656 4.292665 3.893314 3.675019 4.215459 4.271446 3.788758 3.593843 3.501779 3.672631
8.401735 8.399151 8.169886 7.924428 7.635669 7.408411 7.233412 7.154684 7.103152 7.104895 7.126016 7.183767 7.240449 7.296459 7.204116 7.100311 7.042559 6.984807 6.927055 6.792204 6.622433 6.506248 6.380267 6.212238 6.182451 6.29447 6.319793 6.316339 6.258587 6.23485 6.29086 6.313108 6.309624 6.262232 6.218096 6.275849 6.332951 6.38896 6.405699 6.400472 6.245552 6.106966 6.112194 6.115086 6.115086 6.229015 6.388331 6.170592 6.090347 6.436859 6.572052 6.512557 6.457187 6.405835 6.402349 6.300797 5.996355 5.74384 5.526772 5.451667 5.412927 5.465451 5.429129 5.259358 4.937572 4.540278 3.933154 3.566983 4.190056 4.256197 3.703073 3.569394 3.590396 4.447963
8.434965 8.399274 8.203362 7.982181 7.693421 7.448131 7.23978 7.181669 7.16349 7.198586 7.241519 7.299272 7.335459 7.358116 7.320762 7.273567 7.215815 7.158062 7.100311 7.011371 6.908306 6.826917 6.74931 6.68134 6.669291 6.714604 6.698638 6.662851 6.605099 6.571389 6.594046 6.564015 6.493824 6.463368 6.449104 6.506856 6.551524 6.57418 6.514789 6.409503 6.306237 6.2403 6.345586 6.403846 6.403846 6.326966 6.219459 6.128555 6.148099 6.49461 6.612444 6.519597 6.509813 6.51751 6.447319 6.202985 5.598367 5.382648 5.432403 5.480242 5.515301 5.467767 5.398038 5.294973 5.084461 4.820579 4.471817 4.269886 4.659489 4.823806 4.737622 4.897658 5.147962 5.838764
8.446881 8.399319 8.215366 8.005802 7.727738 7.480896 7.260585 7.227175 7.24069 7.287746 7.338502 7.396255 7.411949 7.401253 7.4 7.392878 7.345822 7.303257 7.266898 7.223176 7.176121 7.139298 7.111126 7.111126 7.111126 7.111126 7.067114 7.009036 6.940588 6.889407 6.878711 6.82068 6.726568 6.711126 6.714921 6.751281 6.774084 6.774084 6.669837 6.507277 6.459528 6.45671 6.608573 6.64483 6.537867 6.331495 6.08552 6.081479 6.166113 6.501928 6.613975 6.519863 6.56244 6.630413 6.514909 6.194495 5.450146 5.247317 5.414147 5.481325 5.510759 5.395255 5.311384 5.275024 5.182933 5.063158 4.993474 4.988141 5.219149 5.465351 5.728447 6.080412 6.464419 6.956368
8.413651 8.399195 8.18189 7.957127 7.712416 7.498927 7.311969 7.311912 7.353609 7.367311 7.396255 7.454006 7.449207 7.405159 7.4 7.397926 7.384223 7.389013 7.419359 7.419388 7.405685 7.434125 7.457638 7.457638 7.457638 7.457638 7.413626 7.354528 7.252728 7.168194 7.124145 7.08954 7.062135 7.057638 7.054471 7.024124 7.005092 7.005092 6.922234 6.793027 6.808973 6.849086 6.934244 6.784617 6.344125 6.13814 6.025577 6.023727 6.099955 6.402418 6.53319 6.505784 6.615067 6.745917 6.630413 6.375207 5.830975 5.590402 5.557114 5.424174 5.279751 5.164248 5.107037 5.137383 5.17885 5.22584 5.479109 5.738916 5.969924 6.263504 6.626659 6.95495 7.270167 7.495293
8.317502 8.297215 8.105508 7.919148 7.74709 7.595632 7.461676 7.451029 7.46805 7.46805 7.481233 7.519334 7.49854 7.440788 7.434025 7.439973 7.479273 7.52632 7.584072 7.602075 7.602075 7.619728 7.634025 7.634025 7.643725 7.663375 7.624038 7.564521 7.449018 7.356658 7.318555 7.302075 7.302075 7.318501 7.328021 7.250619 7.202075 7.202075 7.140605 7.044752 7.088639 7.114876 6.995778 6.715806 6.236537 6.044649 5.967247 6.00463 6.111752 6.420162 6.557822 6.538172 6.701718 6.896574 6.80072 6.604761 6.201695 5.934495 5.760041 5.536795 5.333836 5.316582 5.352868 5.46957 5.5986 5.733755 6.084146 6.417613 6.628971 6.93167 7.335933 7.596179 7.805148 7.901002
8.177476 8.124207 7.999205 7.888628 7.816629 7.747198 7.679947 7.628067 7.583554 7.583554 7.585197 7.589946 7.556292 7.49854 7.491777 7.507821 7.613827 7.699575 7.757328 7.775331 7.775331 7.729165 7.691777 7.691777 7.717941 7.770944 7.739542 7.680025 7.564521 7.482134 7.477385 7.475331 7.475331 7.519637 7.555548 7.444793 7.375331 7.375331 7.33525 7.272749 7.319647 7.292393 6.873118 6.501533 6.189029 6.020798 5.910043 6.012487 6.17791 6.519672 6.655967 6.602964 6.812097 7.071743 7.009243 6.868372 6.565366 6.279294 6.004781 5.767802 5.586726 5.736238 5.912626 6.129387 6.313908 6.482415 6.772445 7.046045 7.22405 7.509189 7.913453 8.074713 8.151312 8.213814
8.05848 8.000727 7.94243 7.892067 7.862919 7.818307 7.760555 7.702803 7.649529 7.649529 7.639632 7.611028 7.617241 7.645301 7.673841 7.711268 7.798168 7.872831 7.930583 7.9289 7.900296 7.843805 7.792617 7.764013 7.763917 7.793066 7.777787 7.746874 7.659974 7.590505 7.561901 7.533297 7.504694 7.500455 7.491872 7.404972 7.361135 7.38974 7.399651 7.399107 7.321486 7.194569 6.875572 6.595634 6.364081 6.235972 6.149072 6.345652 6.540307 6.715196 6.813662 6.841722 6.985191 7.147856 7.118708 7.014286 6.75413 6.561972 6.416232 6.270961 6.163798 6.308451 6.476185 6.678588 6.842406 6.987058 7.23989 7.493958 7.724421 7.96946 8.230703 8.319742 8.349188 8.40694
7.954447 7.892735 7.89694 7.9 7.9 7.871052 7.817504 7.760555 7.707281 7.707281 7.688754 7.635207 7.688116 7.807824 7.872831 7.93122 7.993176 8.051602 8.10515 8.0792 8.017242 7.959309 7.901557 7.843805 7.812486 7.808281 7.807281 7.805517 7.747765 7.687498 7.621336 7.557561 7.495605 7.437162 7.380289 7.330946 7.3231 7.385056 7.438923 7.488266 7.294037 7.085186 6.92034 6.755494 6.590647 6.511406 6.466269 6.724728 6.922902 6.927107 6.987052 7.098351 7.164088 7.214561 7.214561 7.143398 6.925004 6.838903 6.843108 6.797486 6.765018 6.872113 7.00565 7.178906 7.316385 7.436094 7.656106 7.893889 8.174239 8.374543 8.485842 8.514562 8.515163 8.572915
7.929924 7.835106 7.872664 7.9 7.9 7.889083 7.868888 7.818307 7.765033 7.765033 7.758046 7.737852 7.824113 7.977175 8.046087 8.109524 8.204833 8.268608 8.288803 8.2295 8.13419 8.074813 8.017061 7.959309 7.911526 7.873968 7.865033 7.863268 7.805517 7.725305 7.592437 7.480883 7.385573 7.321659 7.271747 7.28911 7.335535 7.430844 7.453898 7.436534 7.327313 7.212577 7.114436 7.016296 6.918155 6.929471 6.984392 7.047667 7.104564 7.142121 7.200701 7.278647 7.31103 7.330065 7.330065 7.291506 7.173172 7.147485 7.185042 7.172773 7.160529 7.200917 7.29441 7.467666 7.627429 7.780491 7.97138 8.168971 8.382615 8.532006 8.609952 8.630065 8.630667 8.688419
7.97032 7.868471 7.899905 7.922785 7.922785 7.922785 7.922785 7.897352 7.866314 7.839997 7.827337 7.840496 7.96011 8.146524 8.242579 8.329413 8.431759 8.485614 8.472456 8.388856 8.273353 8.225691 8.178134 8.120382 8.062631 8.004878 7.981111 7.96659 7.908838 7.820484 7.660387 7.533062 7.430717 7.365647 7.318578 7.363171 7.42439 7.513577 7.508534 7.450782 7.416972 7.383192 7.338599 7.294005 7.249412 7.291077 7.367105 7.311551 7.279593 7.324186 7.375628 7.43338 7.455951 7.469109 7.482268 7.476608 7.432014 7.440426 7.485019 7.491139 7.492866 7.506024 7.572651 7.71959 7.892903 8.079318 8.241084 8.398483 8.545422 8.65013 8.707882 8.742311 8.768818 8.813412
8.110347 8.041479 8.006208 7.980536 7.980536 7.980536 7.980536 8.009073 8.034398 7.941375 7.896629 7.943141 8.096107 8.315874 8.474729 8.613125 8.682117 8.702621 8.656109 8.562112 8.446609 8.430856 8.409142 8.35139 8.293638 8.235887 8.186701 8.139846 8.082094 8.003713 7.876968 7.782996 7.714004 7.654407 7.603856 7.615097 7.630528 7.653009 7.624038 7.566286 7.593161 7.620143 7.608902 7.597662 7.586421 7.566035 7.542005 7.484807 7.444443 7.455683 7.491132 7.548884 7.597768 7.644279 7.690791 7.718484 7.707243 7.709363 7.720604 7.722147 7.72825 7.774761 7.83475 7.914983 8.088444 8.30821 8.440854 8.558062 8.638294 8.707882 8.765635 8.849556 8.941727 8.952968
8.272404 8.214734 8.179094 8.153154 8.153154 8.153154 8.153154 8.146208 8.134477 8.08531 8.073135 8.130887 8.295094 8.526102 8.725644 8.89349 8.907018 8.881338 8.801474 8.727518 8.656239 8.631999 8.601861 8.544109 8.486357 8.428605 8.387705 8.350715 8.27085 8.193553 8.122273 8.046123 7.966259 7.904878 7.853154 7.853154 7.820178 7.731728 7.719686 7.750383 7.805694 7.849214 7.827101 7.795112 7.750887 7.69699 7.639237 7.559736 7.511146 7.55537 7.595127 7.630766 7.683851 7.742872 7.822737 7.876577 7.876577 7.90286 7.947085 7.953154 7.960732 8.018484 8.067399 8.103038 8.239661 8.426444 8.546468 8.654664 8.734529 8.803923 8.861674 8.929463 9.00023 9.022343
8.44566 8.388113 8.385826 8.384162 8.384162 8.384162 8.384162 8.296261 8.199986 8.250878 8.304143 8.361895 8.526102 8.757111 8.986099 9.172153 9.118976 9.040592 8.927374 8.888933 8.884359 8.831097 8.775117 8.717365 8.659613 8.601861 8.586379 8.580704 8.467486 8.386754 8.38218 8.315956 8.202739 8.135886 8.084163 8.084163 8.001446 7.779584 7.805241 7.96935 8.036701 8.074278 8.018813 7.938574 7.827643 7.754741 7.696989 7.584683 7.527957 7.638888 7.693271 7.695558 7.741603 7.802539 7.915756 7.992081 7.992081 8.058007 8.168938 8.184162 8.19174 8.249492 8.285076 8.287363 8.368349 8.488426 8.60422 8.719255 8.832472 8.919426 8.977179 8.995474 9.000578 9.056043
8.7265 8.668847 8.637781 8.606714 8.575648 8.561377 8.561377 8.467926 8.365854 8.423607 8.492107 8.580925 8.738022 8.937963 9.137905 9.298843 9.241092 9.172137 9.087699 9.039995 9.008929 8.952332 8.901576 8.87489 8.832869 8.775117 8.737702 8.705955 8.652583 8.61517 8.61517 8.549625 8.434122 8.366894 8.302199 8.177936 8.071786 7.996109 8.060146 8.202336 8.239447 8.251086 8.193334 8.095911 7.949341 7.84407 7.755252 7.731853 7.728621 7.781992 7.807585 7.807585 7.902166 8.021799 8.137302 8.235415 8.297548 8.336011 8.358316 8.361377 8.368956 8.426707 8.461377 8.461377 8.517793 8.60223 8.715764 8.824898 8.909336 8.981138 9.03889 9.053793 9.05407 9.080756
8.998814 8.934419 8.876667 8.818915 8.761164 8.727425 8.71409 8.623487 8.527566 8.585319 8.663052 8.778555 8.925447 9.092036 9.258625 9.392268 9.341184 9.290098 9.239014 9.18334 9.125588 9.067836 9.02459 9.031257 9.006124 8.948373 8.88554 8.823293 8.82996 8.83264 8.825973 8.761329 8.652492 8.580784 8.501065 8.290059 8.176768 8.227853 8.315973 8.424809 8.434632 8.423153 8.358734 8.248681 8.082092 7.956802 7.847966 7.889865 7.924769 7.931436 7.941573 7.954907 8.08915 8.253572 8.38241 8.500385 8.595888 8.600311 8.542559 8.540385 8.552881 8.603966 8.634633 8.634633 8.668765 8.71985 8.825024 8.924753 8.989172 9.047277 9.098363 9.106598 9.10007 9.106737
9.205298 9.107675 9.049923 8.992171 8.93442 8.864618 8.784578 8.708224 8.64307 8.700822 8.778555 8.894059 9.020458 9.153694 9.28693 9.397316 9.379584 9.361852 9.34412 9.298843 9.241092 9.18334 9.147604 9.187624 9.17938 9.121629 9.033378 8.939816 8.979836 8.995923 8.955903 8.895759 8.820274 8.726159 8.627012 8.516065 8.453093 8.470825 8.525592 8.601076 8.607888 8.590466 8.492694 8.379082 8.245846 8.15391 8.078425 8.055264 8.048678 8.088698 8.149549 8.229588 8.351596 8.488408 8.683952 8.814293 8.809737 8.773566 8.715815 8.742416 8.779511 8.797244 8.807889 8.807889 8.819736 8.837468 8.909289 8.989344 9.087116 9.146989 9.164721 9.139604 9.100417 9.140437
9.39622 9.280931 9.223179 9.161176 9.087803 9.000098 8.900215 8.834419 8.7832 8.809711 8.867011 8.982514 9.088421 9.188303 9.288186 9.37768 9.408922 9.42049 9.404869 9.371002 9.328872 9.28674 9.267101 9.324853 9.325588 9.267836 9.177977 9.081955 9.108465 9.114451 9.07232 9.021324 8.963573 8.870603 8.775117 8.717365 8.698617 8.74548 8.769273 8.780162 8.781144 8.752211 8.589845 8.448409 8.332906 8.281042 8.254532 8.228022 8.218811 8.260942 8.349393 8.480517 8.623966 8.772859 8.957004 9.062326 9.004574 8.956106 8.913975 8.931065 8.954096 8.954096 8.96034 8.975961 8.981144 8.981144 9.020604 9.071374 9.155636 9.207397 9.223018 9.195788 9.154535 9.196667
9.569476 9.454186 9.396435 9.325354 9.218628 9.133633 9.067103 9.007675 8.951284 8.911089 8.924763 9.040267 9.125679 9.192209 9.258739 9.330025 9.427972 9.46424 9.415266 9.393958 9.38518 9.376402 9.382605 9.440357 9.441092 9.38334 9.318898 9.253173 9.212977 9.182176 9.173397 9.136828 9.079077 9.013987 8.948373 8.89062 8.909177 9.056098 9.051618 8.962449 8.9544 8.907637 8.645211 8.448409 8.332906 8.328744 8.368939 8.409135 8.441413 8.450191 8.540009 8.704486 8.9076 9.113627 9.197714 9.235582 9.17783 9.149183 9.140406 9.104522 9.069601 9.069601 9.089174 9.138147 9.1544 9.1544 9.162621 9.1732 9.190757 9.223189 9.272163 9.278287 9.269692 9.27847
9.742732 9.627442 9.569691 9.496221 9.380717 9.28315 9.200823 9.118496 9.03998 9.006803 9.016564 9.107493 9.193137 9.275463 9.314396 9.356315 9.447244 9.496388 9.487786 9.485105 9.485105 9.508615 9.540661 9.598413 9.599148 9.541396 9.483644 9.425141 9.342814 9.285104 9.285104 9.266277 9.2331 9.17938 9.124193 9.091016 9.116479 9.240585 9.226792 9.135863 9.03823 8.919128 8.704093 8.555467 8.489112 8.511508 8.56926 8.57867 8.591297 8.615872 8.730623 8.928454 9.113684 9.287008 9.320186 9.339749 9.331146 9.313051 9.288477 9.235278 9.188329 9.212904 9.250738 9.308491 9.327656 9.327656 9.30464 9.285104 9.285104 9.300814 9.333991 9.342552 9.342808 9.367383
9.915813 9.800698 9.74277 9.66922 9.553892 9.438469 9.322966 9.207461 9.100899 9.100723 9.120529 9.178105 9.271382 9.387061 9.400608 9.409348 9.467101 9.524779 9.582355 9.600305 9.600305 9.655557 9.713348 9.771276 9.772186 9.71461 9.656899 9.597389 9.48206 9.401216 9.401216 9.401016 9.400665 9.352332 9.300627 9.300802 9.322378 9.379954 9.363235 9.304956 9.090177 8.880423 8.765446 8.701667 8.701316 8.742516 8.800267 8.744413 8.715727 8.773303 8.920965 9.151621 9.29143 9.400304 9.400304 9.419123 9.476874 9.466085 9.408509 9.350781 9.308187 9.365938 9.42376 9.481688 9.500912 9.500912 9.446657 9.400572 9.400396 9.400221 9.400045 9.40013 9.400908 9.459012
10.05584 9.97383 9.882549 9.793801 9.711826 9.611725 9.496222 9.380717 9.271568 9.23804 9.224493 9.248716 9.349627 9.49866 9.516112 9.524853 9.582604 9.626281 9.650505 9.658056 9.658056 9.713308 9.77861 9.869891 9.904155 9.87993 9.830155 9.771664 9.689689 9.632224 9.632224 9.594172 9.527115 9.467836 9.419612 9.45314 9.483199 9.507422 9.414573 9.256235 9.153795 9.071509 9.056591 9.018385 8.951327 8.973523 9.031275 8.975421 8.938329 8.962553 9.059502 9.223453 9.349181 9.458055 9.458055 9.476874 9.534627 9.54366 9.519437 9.466286 9.42369 9.481442 9.552595 9.643875 9.674168 9.674168 9.588675 9.509237 9.475709 9.44218 9.408651 9.424876 9.459355 9.584165
10.18915 10.13119 10.01568 9.915898 9.858147 9.769173 9.653669 9.545551 9.442946 9.385195 9.347424 9.347424 9.44266 9.597657 9.623869 9.638975 9.687597 9.715808 9.715808 9.722092 9.73122 9.786868 9.859681 9.984314 10.04292 10.03379 9.987603 9.930409 9.890916 9.860502 9.851373 9.78188 9.666376 9.583885 9.521836 9.579588 9.619212 9.628342 9.495183 9.282434 9.263231 9.271896 9.320518 9.299911 9.193537 9.191474 9.230967 9.174813 9.131617 9.131617 9.191733 9.307238 9.415539 9.515808 9.515808 9.534627 9.592379 9.615808 9.615808 9.581735 9.553804 9.602427 9.67778 9.793284 9.837716 9.846845 9.747795 9.65139 9.593638 9.540209 9.491586 9.528663 9.596272 9.73301
10.30466 10.24669 10.13119 10.0314 9.97365 9.884677 9.769173 9.68804 9.616202 9.558451 9.520679 9.520679 9.574929 9.66322 9.711067 9.749431 9.764701 9.77356 9.77356 9.802799 9.845281 9.902372 9.982695 10.14068 10.19971 10.15723 10.10311 10.04795 10.07516 10.08154 10.03905 9.955135 9.839632 9.701381 9.579588 9.63734 9.689399 9.731881 9.653464 9.507421 9.49424 9.496961 9.512231 9.488065 9.415043 9.37478 9.347567 9.290317 9.24712 9.24712 9.307238 9.422741 9.504729 9.57356 9.57356 9.592379 9.65013 9.67356 9.67356 9.697038 9.722684 9.737953 9.793284 9.908788 9.975504 10.01799 9.952289 9.882398 9.824646 9.787009 9.771739 9.842169 9.941394 9.944721
