tests/test_data/rstack/jan_temp.asc
ncols         147
nrows         127
xllcorner     -90.06084375
yllcorner     23.864697408444
cellsize      0.096253424
NODATA_value  -9999
[rows 33 to 65 of 127, columns 0 to 73 of 147]
8.4777 8.362196 8.246693 8.131188 8.015684 7.909956 7.812536 7.76184 7.728323 7.767992 7.80766 7.847329 7.884846 7.921012 8.062249 8.202677 8.260428 8.253037 8.155617 8.125247 8.125247 8.1805 8.251257 8.36676 8.453755 8.511507 8.467454 8.3957 8.453451 8.476667 8.418916 8.338654 8.241233 8.128695 8.02336 8.005277 8.028951 8.122869 8.181998 8.221667 8.172708 8.135538 8.193291 8.217171 8.199087 8.124269 8.026848 7.968444 7.929805 7.947888 7.99603 8.071865 8.196026 8.325247 8.325247 8.344066 8.401817 8.425247 8.425247 8.475074 8.532825 8.590577 8.664184 8.761604 8.844604 8.920439 8.925247 8.901564 8.78606 8.744031 8.783699 8.836785 8.894537 8.952289
8.593204 8.4777 8.362196 8.246693 8.131188 8.043491 7.979424 7.962081 7.956745 7.96306 7.969377 7.975692 8.041336 8.144208 8.263809 8.375932 8.433684 8.440295 8.376226 8.356255 8.356255 8.411508 8.482265 8.597768 8.684763 8.742516 8.673044 8.568955 8.626707 8.649923 8.592172 8.530835 8.466767 8.359703 8.250887 8.19945 8.227077 8.387701 8.449369 8.455685 8.403715 8.366546 8.424298 8.433281 8.381845 8.321376 8.257308 8.199452 8.169218 8.220654 8.302149 8.411337 8.489911 8.556255 8.556255 8.575074 8.632826 8.656255 8.656255 8.706081 8.763833 8.821585 8.881861 8.94593 9.040143 9.149331 9.156255 9.132571 9.017068 8.959246 8.965562 9.010041 9.067793 9.125545
8.68177 8.593204 8.4777 8.369555 8.281088 8.209226 8.151474 8.140448 8.142543 8.16958 8.187263 8.187263 8.258233 8.373737 8.513111 8.634635 8.638313 8.627553 8.596838 8.568654 8.541616 8.621567 8.707184 8.79565 8.868956 8.926707 8.893632 8.835017 8.865732 8.878078 8.847364 8.801307 8.743554 8.660128 8.574866 8.517115 8.535409 8.681628 8.786094 8.867205 8.772793 8.681549 8.685227 8.661468 8.603715 8.545963 8.488212 8.43046 8.401817 8.45957 8.575525 8.745103 8.847788 8.926158 8.899121 8.882092 8.885771 8.855126 8.801052 8.843457 8.904757 8.989546 9.063529 9.121281 9.199554 9.288021 9.293632 9.275492 9.187025 9.140448 9.140448 9.163237 9.194514 9.279304
8.764734 8.70414 8.588636 8.48885 8.431098 8.374772 8.319658 8.31127 8.31818 8.375932 8.414616 8.417253 8.489241 8.604745 8.76658 8.901193 8.848717 8.817163 8.814526 8.77577 8.720655 8.823728 8.921545 8.97666 9.033076 9.090828 9.106578 9.109216 9.111855 9.114492 9.11713 9.086996 9.031881 8.974562 8.917086 8.861972 8.870469 8.985973 9.135129 9.303109 9.163052 9.012076 8.951687 8.891296 8.830907 8.772404 8.714652 8.659494 8.634155 8.697183 8.846268 9.074638 9.213964 9.319524 9.261771 9.2023 9.139273 9.046626 8.93376 8.968097 9.033081 9.145947 9.23573 9.290845 9.345959 9.401073 9.404568 9.393267 9.338153 9.310385 9.313023 9.31566 9.319473 9.434978
8.855715 8.761892 8.646388 8.546602 8.48885 8.450555 8.428794 8.453758 8.491436 8.549188 8.599411 8.635402 8.720248 8.835752 8.938693 9.026793 9.041022 9.034169 8.998178 8.971981 8.95022 8.990917 9.029539 9.051301 9.090828 9.14858 9.189748 9.225739 9.261729 9.29772 9.333711 9.336929 9.315168 9.263322 9.209326 9.187565 9.216981 9.332485 9.438864 9.540137 9.424402 9.294893 9.20115 9.107408 9.013665 8.94566 8.887908 8.865555 8.881974 9.011708 9.175421 9.370438 9.502724 9.608283 9.550531 9.469324 9.33959 9.239703 9.160191 9.199104 9.259712 9.339225 9.395656 9.417418 9.439178 9.460939 9.462319 9.457857 9.436096 9.441681 9.477672 9.513662 9.550481 9.665985
8.975291 8.85983 8.755918 8.664569 8.606816 8.580286 8.580286 8.617633 8.665591 8.734934 8.800267 8.858019 8.937012 9.029332 9.091132 9.14713 9.19329 9.205559 9.170991 9.160214 9.160214 9.160214 9.160214 9.160214 9.183001 9.229161 9.284155 9.342261 9.411605 9.477483 9.535234 9.553637 9.542045 9.501556 9.460215 9.460215 9.498956 9.602868 9.669745 9.715905 9.625538 9.51956 9.404057 9.288552 9.173049 9.107134 9.060973 9.071615 9.12103 9.282694 9.444358 9.606022 9.722123 9.816092 9.746748 9.651098 9.501026 9.412709 9.366549 9.410041 9.467793 9.525544 9.560215 9.560215 9.552469 9.540878 9.540143 9.54252 9.554111 9.587561 9.645312 9.703064 9.761296 9.865209
9.148547 9.03321 8.96265 8.895576 8.837824 8.811294 8.811294 8.821655 8.841432 8.944129 9.031275 9.089027 9.127032 9.152647 9.206636 9.257586 9.270392 9.291315 9.323452 9.33347 9.33347 9.33347 9.33347 9.33347 9.339792 9.352599 9.399659 9.458784 9.561481 9.650739 9.70849 9.707966 9.663021 9.64494 9.633471 9.633471 9.659777 9.730336 9.763861 9.776668 9.713633 9.635064 9.51956 9.404057 9.288552 9.246489 9.233681 9.277677 9.343631 9.471943 9.600254 9.728565 9.811314 9.871929 9.769233 9.672834 9.589468 9.548036 9.535229 9.583297 9.641048 9.6988 9.733471 9.733471 9.703442 9.658497 9.655646 9.664863 9.709807 9.760816 9.818568 9.87632 9.934205 10.00476
9.301333 9.206512 9.148761 9.091008 9.033257 9.017833 9.038379 9.058924 9.085238 9.180198 9.269391 9.347689 9.377876 9.377876 9.410727 9.439192 9.418647 9.430971 9.488723 9.506726 9.506726 9.467413 9.430948 9.410403 9.420283 9.461374 9.515163 9.574052 9.66901 9.7467 9.783907 9.778887 9.74168 9.735576 9.735576 9.735576 9.749447 9.786654 9.786824 9.766279 9.711885 9.643842 9.528337 9.412834 9.29733 9.279117 9.299663 9.397219 9.50026 9.615765 9.731269 9.846772 9.900504 9.930125 9.835167 9.759027 9.721821 9.718937 9.739482 9.774402 9.814304 9.872056 9.914938 9.935483 9.903715 9.845963 9.823059 9.822781 9.901078 9.969647 10.0274 10.06991 10.10733 10.16508
9.44136 9.379767 9.322016 9.264264 9.206512 9.20912 9.263019 9.316916 9.371412 9.433018 9.511938 9.623589 9.666636 9.666636 9.670039 9.665152 9.611254 9.604227 9.661979 9.679982 9.679982 9.57685 9.481191 9.427292 9.453212 9.561009 9.630667 9.688537 9.750142 9.794479 9.798333 9.797813 9.79396 9.793327 9.793327 9.793327 9.794765 9.798618 9.765436 9.711537 9.654134 9.58609 9.470586 9.355082 9.239578 9.245216 9.299114 9.462829 9.615765 9.731269 9.846772 9.962276 9.989695 9.989792 9.928185 9.885399 9.881545 9.912014 9.965913 9.976634 9.98756 10.04531 10.10152 10.15542 10.13472 10.07697 10.02283 10.00288 10.11453 10.20065 10.25841 10.27617 10.28058 10.33834
9.661855 9.604103 9.546351 9.496628 9.468375 9.486618 9.54437 9.625989 9.708666 9.736918 9.774946 9.831451 9.871364 9.900863 9.878272 9.848962 9.820709 9.816178 9.84443 9.853238 9.853238 9.742733 9.633591 9.546339 9.559175 9.67468 9.768652 9.8532 9.851953 9.8599 9.889399 9.902159 9.902159 9.8775 9.848001 9.818501 9.8 9.8 9.781882 9.75363 9.725377 9.692089 9.635584 9.552727 9.437222 9.445616 9.503368 9.616697 9.731269 9.846772 9.962276 10.07778 10.07889 10.04946 10.0212 10.00216 10.00216 10.03648 10.09423 10.12761 10.16082 10.21857 10.26453 10.29278 10.26357 10.20582 10.1757 10.17087 10.25688 10.34347 10.43072 10.45324 10.45384 10.51159
9.87145 9.808656 9.761104 9.727881 9.732982 9.766546 9.824299 9.928776 10.03572 10.04082 10.04416 10.04416 10.07651 10.12916 10.08884 10.04338 10.03828 10.03533 10.03533 10.03533 10.03533 9.91994 9.801633 9.69123 9.687306 9.79261 9.9018 10.00738 9.959826 9.940711 9.988263 10.00883 10.00883 9.964819 9.912167 9.859515 9.826494 9.826494 9.826494 9.826494 9.826494 9.826494 9.826494 9.777182 9.666778 9.672976 9.725628 9.77828 9.848058 9.968662 10.08396 10.19436 10.17612 10.12649 10.12649 10.12649 10.12649 10.16082 10.21857 10.28072 10.3429 10.40065 10.43329 10.42819 10.38791 10.33016 10.32172 10.3295 10.38726 10.46752 10.57283 10.60757 10.61826 10.67602
9.962432 9.866653 9.885808 9.910214 9.948668 9.997554 10.05531 10.15978 10.26931 10.30777 10.33292 10.33292 10.34477 10.36407 10.34929 10.3271 10.28864 10.26633 10.26633 10.26633 10.26633 10.11904 9.982399 9.905349 9.885386 9.923984 9.991886 10.06717 10.08632 10.09402 10.07487 10.06658 10.06658 10.05045 10.03115 10.01185 9.99975 9.99975 9.99975 9.99975 9.99975 9.99975 9.99975 9.965335 9.888284 9.880134 9.899432 9.918731 9.971968 10.12592 10.23985 10.3169 10.31794 10.29975 10.29975 10.29975 10.29975 10.33407 10.39182 10.48275 10.57391 10.63166 10.65096 10.61251 10.56116 10.50341 10.46373 10.44501 10.50276 10.55144 10.59004 10.65706 10.73377 10.79152
10.07041 9.997554 10.05531 10.11688 10.18869 10.2453 10.289 10.37942 10.47857 10.55038 10.59734 10.59734 10.59734 10.59734 10.58493 10.56426 10.50651 10.47301 10.47301 10.46333 10.44928 10.3098 10.18434 10.12658 10.10428 10.11833 10.14427 10.17391 10.20356 10.21127 10.16757 10.15665 10.1707 10.18475 10.19734 10.19734 10.19734 10.19734 10.19734 10.19734 10.19734 10.19734 10.19734 10.17782 10.13412 10.12168 10.12168 10.12168 10.15471 10.28581 10.37873 10.43648 10.44867 10.44867 10.44867 10.45325 10.4673 10.49897 10.54267 10.62407 10.71127 10.79713 10.82559 10.76784 10.71008 10.65233 10.60774 10.58485 10.6426 10.67301 10.67301 10.74828 10.84913 10.89282
10.20173 10.22856 10.28631 10.35697 10.46213 10.51603 10.52637 10.58344 10.65441 10.75957 10.82835 10.82835 10.82835 10.82835 10.78649 10.73752 10.67977 10.64626 10.64626 10.61363 10.56623 10.48913 10.41534 10.35759 10.35175 10.39916 10.38219 10.34513 10.30807 10.27899 10.26865 10.29108 10.33848 10.38589 10.42835 10.42835 10.42835 10.42835 10.42835 10.42835 10.42835 10.42835 10.42835 10.42373 10.41338 10.41043 10.41043 10.41043 10.41826 10.44929 10.49423 10.55198 10.56417 10.56417 10.56417 10.57962 10.62703 10.65241 10.66275 10.68202 10.72002 10.87259 10.94109 10.88334 10.82559 10.76784 10.75449 10.7581 10.81586 10.84626 10.84626 10.89679 10.96428 10.97463
10.45857 10.53925 10.597 10.65795 10.72743 10.74692 10.72391 10.74763 10.78685 10.87934 10.9478 10.97081 10.97968 10.97968 10.949 10.91078 10.85302 10.81952 10.81952 10.7956 10.76086 10.72612 10.68619 10.62844 10.60499 10.61672 10.55797 10.47932 10.46758 10.45936 10.45936 10.47907 10.51382 10.56779 10.61952 10.61952 10.61952 10.61952 10.60476 10.58175 10.60061 10.61952 10.61952 10.61952 10.61952 10.61952 10.61952 10.64215 10.65936 10.65936 10.68941 10.74717 10.7412 10.72084 10.74384 10.77068 10.80542 10.81952 10.81952 10.79967 10.79335 10.89759 10.94627 10.91153 10.89216 10.88042 10.90123 10.92664 10.96138 10.99057 11.01358 11.06237 11.11976 11.14276
10.77186 10.88576 10.94351 10.9863 10.98909 10.95989 10.90353 10.8939 10.89977 10.95891 11.01709 11.07345 11.09518 11.09518 11.09395 11.08403 11.02628 10.99277 10.99277 10.99181 10.99042 10.98903 10.97495 10.9172 10.86082 10.80585 10.70581 10.59686 10.65183 10.69036 10.69036 10.69115 10.69254 10.74105 10.79277 10.79277 10.79277 10.79277 10.75663 10.70027 10.74646 10.79277 10.79277 10.79277 10.79277 10.79277 10.79277 10.84821 10.89036 10.89036 10.92042 10.97817 10.9459 10.89601 10.95237 10.99082 10.99221 10.99277 10.99277 10.94415 10.89573 10.8999 10.90185 10.90046 10.93673 10.9917 11.04797 11.09306 11.09445 11.12187 11.17823 11.23562 11.29336 11.34972
10.97445 11.12158 11.17934 11.22137 11.22137 11.19015 11.1324 11.09551 11.07051 11.12826 11.18601 11.24376 11.26603 11.26603 11.29425 11.31263 11.25488 11.20795 11.17599 11.18803 11.21999 11.19079 11.16022 11.13443 11.07709 10.98737 10.90236 10.82216 10.84795 10.86603 10.86603 10.88417 10.91613 10.96965 11.02137 11.02137 11.02137 11.02137 11.00483 10.97904 11.02925 11.07102 11.03906 11.03565 11.06761 11.05386 11.0219 11.04674 11.06603 11.06603 11.09609 11.15384 11.12047 11.06934 11.1271 11.16603 11.16603 11.16603 11.16603 11.1162 11.06183 11.02987 11.02346 11.05542 11.10461 11.16237 11.22012 11.27258 11.30454 11.33358 11.35937 11.40888 11.4663 11.49209
11.19286 11.36569 11.42344 11.46342 11.45585 11.42116 11.36341 11.29953 11.24318 11.29336 11.34617 11.40392 11.43084 11.4384 11.4836 11.51859 11.4684 11.41821 11.36802 11.38692 11.43711 11.39127 11.35068 11.34311 11.28227 11.16676 11.10104 11.05238 11.05238 11.05238 11.05238 11.08515 11.1429 11.19433 11.23928 11.23928 11.2421 11.24967 11.25238 11.25238 11.30492 11.34344 11.29325 11.28451 11.32714 11.29799 11.24023 11.24672 11.25238 11.25238 11.2785 11.32869 11.29969 11.25526 11.30545 11.33928 11.33928 11.33479 11.32723 11.27636 11.2196 11.16941 11.16237 11.22012 11.27282 11.32301 11.38736 11.45113 11.50888 11.54286 11.55043 11.59523 11.6523 11.64474
11.48162 11.65445 11.7122 11.7431 11.70218 11.65217 11.59441 11.50356 11.41385 11.43068 11.46167 11.51943 11.56683 11.60775 11.62741 11.63914 11.62231 11.60547 11.58864 11.59497 11.61181 11.59643 11.57417 11.53326 11.45552 11.34002 11.29971 11.28339 11.28339 11.28339 11.28339 11.31616 11.37391 11.39746 11.41254 11.41254 11.42779 11.46871 11.48339 11.48339 11.53593 11.58039 11.56355 11.54348 11.5194 11.47124 11.41349 11.45278 11.48339 11.48339 11.49215 11.50899 11.49926 11.48435 11.50119 11.51254 11.51254 11.48822 11.44731 11.39187 11.33948 11.32265 11.33562 11.39337 11.42379 11.44063 11.5341 11.62438 11.68213 11.73191 11.77283 11.82624 11.88296 11.84204
11.72964 11.88601 11.94376 11.97457 11.93334 11.87424 11.79998 11.70571 11.61311 11.5966 11.60006 11.6413 11.69268 11.75043 11.7572 11.7622 11.79523 11.81439 11.81439 11.80303 11.78651 11.7858 11.76907 11.6948 11.61649 11.53401 11.50181 11.4863 11.50282 11.50946 11.49294 11.51857 11.57632 11.5996 11.61612 11.63264 11.65837 11.6996 11.71439 11.71439 11.76693 11.81439 11.81439 11.79598 11.75474 11.70169 11.64394 11.68355 11.71439 11.71439 11.71439 11.71439 11.71439 11.71439 11.71439 11.71439 11.71439 11.68007 11.62232 11.56457 11.51656 11.53308 11.55947 11.60071 11.60336 11.58684 11.67851 11.77581 11.8666 11.94174 11.99949 12.05724 12.11397 12.07273
11.93612 12.05927 12.11702 12.15691 12.14902 12.08722 11.9796 11.90595 11.84154 11.79167 11.76178 11.76966 11.80819 11.86594 11.8727 11.8878 11.98754 12.0454 12.0454 12.01108 11.96121 11.95905 11.93482 11.8272 11.76492 11.74915 11.7074 11.66057 11.71044 11.73049 11.68062 11.69182 11.74958 11.80074 11.85061 11.90048 11.93469 11.94257 11.9454 11.9454 11.99794 12.0454 12.0454 12.04188 12.034 11.99045 11.9327 11.93951 11.9454 11.9454 11.9454 11.9454 11.9454 11.9454 11.9454 11.9454 11.9454 11.91108 11.85333 11.79558 11.75195 11.80182 11.8349 11.84279 11.81208 11.76221 11.82052 11.90499 12.06248 12.17275 12.2305 12.28825 12.34532 12.33744
12.18671 12.27653 12.30881 12.32538 12.29991 12.23953 12.1495 12.04437 11.9416 11.90932 11.88821 11.88821 11.92369 11.98144 12.01069 12.04593 12.13597 12.1989 12.22437 12.22762 12.22081 12.19615 12.1504 12.0349 11.97641 11.97641 11.95181 11.9215 11.95378 11.96676 11.93448 11.93883 11.97111 12.0034 12.03833 12.09609 12.13231 12.13231 12.13231 12.13231 12.18485 12.23685 12.26232 12.26503 12.23956 12.20922 12.17694 12.15136 12.13231 12.13231 12.13231 12.13231 12.13231 12.13085 12.10538 12.08821 12.08821 12.05388 11.99613 11.98233 11.98065 12.01293 12.04249 12.06796 12.07186 12.06505 12.1187 12.19492 12.3427 12.44786 12.50561 12.56336 12.62025 12.59478
12.44802 12.50556 12.50449 12.4877 12.42888 12.37063 12.31288 12.16254 12.00363 12.00255 12.00222 12.0033 12.03919 12.09695 12.1547 12.21245 12.2702 12.32795 12.3857 12.44346 12.50121 12.44743 12.37633 12.26297 12.20556 12.20556 12.20638 12.20745 12.20852 12.20927 12.20927 12.20927 12.20927 12.20927 12.21519 12.27187 12.30782 12.30889 12.30859 12.30752 12.35898 12.41585 12.47361 12.47977 12.42202 12.4048 12.40373 12.34691 12.30371 12.30371 12.30371 12.30371 12.30371 12.30039 12.24264 12.20371 12.20371 12.17066 12.11505 12.15724 12.20742 12.20742 12.23093 12.28975 12.34857 12.4074 12.46722 12.53896 12.6566 12.74437 12.79891 12.85345 12.90682 12.84906
12.62128 12.67869 12.64427 12.59413 12.50195 12.42838 12.37063 12.24728 12.11654 12.08212 12.07152 12.10594 12.1547 12.21245 12.2702 12.32795 12.38571 12.44346 12.50121 12.55896 12.61671 12.53103 12.4491 12.40244 12.37882 12.37882 12.40505 12.43948 12.4739 12.49803 12.49803 12.49803 12.49803 12.49803 12.50047 12.5238 12.55126 12.58568 12.57596 12.54153 12.55965 12.58911 12.64686 12.65302 12.59527 12.5542 12.51978 12.46241 12.41921 12.41921 12.41921 12.41921 12.41921 12.4159 12.35815 12.31921 12.31921 12.32581 12.3369 12.38825 12.43843 12.43843 12.47527 12.56744 12.65962 12.75179 12.87621 13.01465 13.199 13.27451 13.22899 13.18347 13.13782 13.08007
12.78717 12.8345 12.77675 12.70328 12.58778 12.49266 12.41485 12.31466 12.21366 12.16593 12.15123 12.19896 12.25284 12.3106 12.3772 12.44497 12.51275 12.57632 12.63407 12.67802 12.71573 12.62603 12.55208 12.55208 12.55208 12.55208 12.59609 12.65384 12.71159 12.75507 12.7651 12.76374 12.75372 12.75208 12.75312 12.76315 12.78723 12.83496 12.8279 12.79019 12.77767 12.77794 12.82567 12.82628 12.76853 12.71795 12.67022 12.61263 12.56691 12.55688 12.55208 12.55208 12.54417 12.53255 12.49485 12.46943 12.46943 12.4978 12.54553 12.6019 12.65339 12.66342 12.7156 12.8311 12.9533 13.07883 13.24906 13.43005 13.64101 13.70213 13.59665 13.49117 13.38609 13.31831
12.9359 12.95001 12.89225 12.81878 12.70328 12.5721 12.42759 12.34164 12.274 12.25962 12.25519 12.26957 12.3106 12.36835 12.4644 12.56553 12.66666 12.74958 12.80733 12.80537 12.77637 12.74761 12.72533 12.72533 12.72533 12.72533 12.76934 12.8271 12.88485 12.9383 12.98168 12.97583 12.93245 12.92533 12.92986 12.97324 13.0058 13.02017 13.04393 13.07293 13.03609 13.003 13.01738 12.99954 12.94178 12.91505 12.90068 12.84364 12.78951 12.74613 12.72533 12.72533 12.69111 12.65189 12.68089 12.70044 12.70044 12.70898 12.72336 12.77516 12.83102 12.8744 12.94661 13.06211 13.2066 13.36548 13.53782 13.70513 13.84938 13.89118 13.81905 13.74693 13.6745 13.57337
13.03442 13.06551 13.00776 12.92912 12.79464 12.64946 12.49518 12.4043 12.3 12.3 12.3 12.3 12.33549 12.39324 12.50198 12.61748 12.73299 12.82424 12.882 12.86025 12.8025 12.8 12.81795 12.87717 12.89859 12.89859 12.89907 12.90176 12.95952 13.01727 13.07502 13.06723 13.00948 13 13.00603 13.06378 13.1 13.1 13.13704 13.19479 13.14746 13.11439 13.17495 13.18127 13.1425 13.11788 13.0989 13.04178 12.98881 12.95004 12.92157 12.90259 12.868 12.83367 12.87245 12.89859 12.89859 12.90987 12.92884 12.98128 13.03903 13.09678 13.17761 13.29312 13.43453 13.5888 13.74308 13.88941 14.00491 14.03838 13.98063 13.92287 13.86452 13.74902
-9999 13.18101 13.12326 13.03555 12.86771 12.72524 12.60432 12.55984 -9999 -9999 -9999 -9999 -9999 -9999 -9999 -9999 -9999 -9999 -9999 -9999 -9999 -9999 -9999 -9999 -9999 -9999 -9999 -9999 -9999 -9999 -9999 -9999 -9999 -9999 -9999 -9999 -9999 -9999 -9999 -9999 -9999 -9999 -9999 13.36942 13.364 13.32503 13.2727 13.21504 13.17048 13.16506 13.13522 13.08289 13.06757 13.06277 13.06819 13.07184 13.07184 13.10294 13.15527 13.21228 13.27003 13.32779 13.40862 13.52413 13.64325 13.76417 13.8851 14.00491 14.12042 14.15388 14.09613 14.03838 13.98003 13.86452
-9999 13.39315 13.30746 13.206 -9999 -9999 -9999 -9999 -9999 -9999 -9999 -9999 -9999 -9999 -9999 -9999 -9999 -9999 -9999 -9999 -9999 -9999 -9999 -9999 -9999 -9999 -9999 -9999 -9999 -9999 -9999 -9999 -9999 -9999 -9999 -9999 -9999 -9999 -9999 -9999 -9999 -9999 -9999 -9999 -9999 -9999 13.44488 13.36082 13.29673 13.29673 13.28121 13.25139 13.2451 13.2451 13.2451 13.2451 13.2451 13.27942 13.33717 13.39493 13.45634 13.54203 13.62846 13.71604 13.82227 13.93777 14.02712 14.11469 14.20226 14.23425 14.20443 14.15388 14.09611 14.03647
-9999 13.61181 13.4963 13.41323 -9999 -9999 -9999 -9999 -9999 -9999 -9999 -9999 -9999 -9999 -9999 -9999 -9999 -9999 -9999 -9999 -9999 -9999 -9999 -9999 -9999 -9999 -9999 -9999 -9999 -9999 -9999 -9999 -9999 -9999 -9999 -9999 -9999 -9999 -9999 -9999 -9999 -9999 -9999 -9999 -9999 -9999 -9999 -9999 -9999 13.41835 13.41835 13.41835 13.41835 13.41835 13.41835 13.41835 13.41835 13.45268 13.51043 -9999 -9999 -9999 -9999 -9999 -9999 14.10492 14.16302 14.21796 14.27571 14.30612 14.30612 14.26589 14.21224 14.21224
13.85405 13.72731 13.61181 13.52479 13.51002 13.43756 13.32205 13.15851 -9999 -9999 -9999 -9999 -9999 -9999 -9999 -9999 -9999 -9999 -9999 -9999 -9999 -9999 -9999 -9999 -9999 -9999 -9999 -9999 -9999 -9999 -9999 -9999 -9999 -9999 -9999 -9999 -9999 -9999 -9999 -9999 -9999 -9999 -9999 -9999 -9999 -9999 -9999 -9999 -9999 13.59161 13.59161 13.59161 13.59161 13.59161 13.59161 13.59161 13.59161 13.62593 13.68368 -9999 -9999 -9999 -9999 -9999 -9999 14.2233 14.24728 14.27571 14.33346 14.36387 14.36387 14.34839 14.32774 14.32774
13.94588 13.84286 13.73985 13.64915 -9999 -9999 -9999 -9999 -9999 -9999 -9999 -9999 -9999 -9999 -9999 -9999 -9999 -9999 -9999 -9999 -9999 -9999 -9999 -9999 -9999 -9999 -9999 -9999 -9999 -9999 -9999 -9999 -9999 -9999 -9999 -9999 -9999 -9999 -9999 -9999 -9999 -9999 -9999 -9999 -9999 -9999 -9999 -9999 -9999 13.73326 13.74324 13.74324 -9999 -9999 -9999 -9999 -9999 -9999 -9999 -9999 -9999 -9999 -9999 -9999 -9999 -9999 -9999 14.35509 14.41284 14.44324 14.44324 14.45251 14.46474 14.45225
14.02815 13.95849 13.88883 13.8224 -9999 -9999 -9999 -9999 -9999 -9999 -9999 -9999 -9999 -9999 -9999 -9999 -9999 -9999 -9999 -9999 -9999 -9999 -9999 -9999 -9999 -9999 -9999 -9999 -9999 -9999 -9999 -9999 -9999 -9999 -9999 -9999 -9999 -9999 -9999 -9999 -9999 -9999 -9999 -9999 -9999 -9999 -9999 -9999 -9999 13.84713 13.85875 13.85875 -9999 -9999 -9999 -9999 -9999 -9999 -9999 -9999 -9999 -9999 -9999 -9999 -9999 -9999 -9999 14.47059 14.52834 14.55875 14.55875 14.59276 14.63764 14.5918
