tests/test_data/rstack/jan_prec.asc
ncols         147
nrows         127
xllcorner     -90.06084375
yllcorner     23.864697408444
cellsize      0.096253424
NODATA_value  -9999
[rows 36 to 71 of 127, columns 0 to 79 of 147]
147 148 149 149 150 150 150 150 150 150 150 149 149 149 149 149 148 146 145 144 144 145 145 146 148 150 150 150 148 147 145 145 144 144 144 144 144 143 142 140 140 141 141 141 140 139 138 137 135 134 132 132 133 135 135 135 136 138 139 138 138 137 136 135 133 131 125 121 125 127 129 129 129 128 128 127 126 125 124 123
147 148 149 150 151 151 151 151 151 150 149 149 148 148 148 149 148 147 146 145 145 145 146 147 148 149 149 149 148 146 145 144 143 142 142 141 141 140 139 138 139 139 139 139 139 138 137 135 134 131 129 126 127 128 130 133 135 136 138 137 137 136 135 135 134 132 130 128 129 131 131 130 130 129 128 127 126 125 124 122
147 148 150 151 152 152 152 152 151 150 149 148 148 147 148 149 148 147 146 146 145 146 146 147 148 149 149 149 147 146 144 143 142 142 141 140 139 138 137 137 137 138 138 138 138 137 136 134 132 129 126 123 123 124 127 131 133 135 136 136 136 135 135 135 135 134 134 134 134 134 133 131 130 129 128 127 126 125 124 122
148 150 151 152 152 153 153 152 152 151 149 148 147 147 148 148 148 148 147 147 147 147 147 148 148 149 149 148 147 146 144 144 143 142 141 139 138 137 136 136 137 138 139 139 139 138 137 135 132 129 125 122 121 122 126 130 132 134 135 135 135 135 135 135 135 136 137 138 139 138 134 132 131 130 128 127 126 125 124 123
149 151 152 153 153 154 153 153 152 151 150 148 148 147 148 148 148 148 148 147 147 147 147 148 148 149 148 148 147 146 145 144 143 142 141 139 138 137 136 136 137 138 139 140 140 139 138 136 133 130 127 124 123 124 128 131 133 134 135 135 135 135 135 135 136 137 139 140 140 139 135 133 131 130 129 128 126 125 124 122
150 152 152 153 154 155 154 153 153 152 151 149 149 148 148 149 149 149 148 148 147 148 148 148 148 148 148 148 147 147 146 145 144 143 142 140 139 137 137 137 138 139 140 141 142 142 140 137 134 131 129 127 127 128 130 132 133 134 135 135 135 134 134 135 136 137 139 140 139 138 136 134 132 131 129 128 126 125 124 122
152 153 154 155 156 156 155 154 153 152 151 150 150 149 149 149 149 149 148 148 148 148 148 148 149 149 148 148 148 147 147 146 145 144 143 141 140 139 138 138 139 139 140 141 142 141 140 138 136 134 132 130 131 132 133 134 135 136 136 135 134 134 134 134 135 136 138 139 139 138 136 134 132 131 130 128 127 125 124 122
153 154 156 157 157 157 156 155 154 153 152 151 151 150 150 150 149 149 148 148 148 148 148 149 149 149 149 148 148 148 147 147 145 145 144 143 142 141 140 139 139 139 140 140 141 141 140 139 138 136 135 134 134 136 136 137 137 137 136 135 134 133 133 133 134 136 137 138 138 137 136 134 133 131 130 129 127 125 124 122
155 157 158 159 159 158 158 156 155 154 152 152 152 151 151 151 150 149 148 148 147 148 148 149 150 150 149 149 149 149 148 148 147 146 145 143 142 141 140 140 139 139 139 140 140 140 139 139 139 138 137 137 138 139 139 139 139 139 138 136 134 133 132 132 133 135 136 137 137 137 136 135 133 132 130 129 128 126 124 122
158 160 161 161 161 160 159 158 156 155 153 153 152 152 151 150 150 149 148 147 147 148 148 149 150 150 150 149 149 149 149 149 147 146 145 144 143 142 141 140 139 139 139 139 139 139 139 139 139 140 140 140 141 142 142 142 141 141 140 138 136 133 131 132 133 135 135 136 136 137 136 135 133 132 131 130 128 126 125 123
160 162 163 163 163 162 161 159 158 156 154 153 152 151 150 149 149 148 147 147 147 148 148 149 150 149 149 150 150 150 150 149 148 147 146 145 143 142 141 140 139 138 138 137 137 137 137 139 140 142 143 144 145 146 145 145 144 143 142 140 138 134 131 132 133 134 135 135 136 136 136 135 134 132 131 130 128 126 125 123
163 165 165 166 165 164 162 161 159 157 155 154 152 151 149 148 148 147 147 147 147 147 148 149 149 149 150 151 151 151 151 150 149 147 146 145 144 142 141 140 139 137 137 136 136 136 136 138 140 143 145 147 148 149 149 147 146 145 143 142 141 136 134 134 134 134 134 135 136 136 136 135 134 132 131 129 128 126 125 123
165 167 168 168 167 165 164 163 161 158 155 154 152 150 149 147 147 147 146 146 146 147 147 148 149 149 150 152 152 152 151 150 149 148 146 145 144 142 141 140 138 137 136 135 133 134 135 137 140 143 146 149 151 153 152 150 148 146 145 144 143 140 137 136 135 134 134 134 135 136 135 134 133 132 131 129 127 126 125 123
167 169 170 170 167 166 164 163 161 158 155 153 151 149 147 146 146 145 145 145 145 146 147 147 148 149 150 151 152 152 151 150 149 148 146 145 144 142 141 140 138 137 135 134 131 132 134 137 140 143 146 149 152 153 152 151 148 147 145 143 142 139 136 134 134 133 133 134 134 135 135 134 132 131 130 129 127 126 124 122
168 170 170 170 167 165 164 162 160 158 155 153 150 148 146 145 144 144 145 145 145 145 146 147 148 150 150 151 151 152 151 150 149 147 146 145 143 142 141 140 138 137 135 133 130 131 133 136 139 142 146 149 151 153 152 151 149 147 145 143 140 137 135 133 132 132 132 133 134 134 134 133 132 131 130 128 127 125 123 122
167 168 167 166 164 163 161 160 159 157 154 152 150 148 146 144 144 144 144 144 144 145 146 147 148 150 150 150 151 151 152 151 149 147 145 144 142 142 141 140 139 137 135 133 132 132 134 136 138 141 144 147 149 151 150 149 148 146 144 141 138 135 132 130 130 130 132 133 134 134 133 132 131 130 129 127 126 124 122 120
165 165 164 163 161 160 159 158 157 156 154 152 150 147 146 144 143 143 143 143 143 144 145 146 148 149 149 149 150 150 151 150 147 145 144 142 141 141 140 140 139 138 136 134 133 133 134 135 137 140 142 145 147 149 148 148 147 145 143 140 137 133 130 127 127 128 131 133 134 134 133 132 131 129 128 126 124 123 121 119
162 162 161 159 157 156 156 156 156 155 154 152 150 147 146 145 143 142 142 142 142 143 145 146 147 148 148 148 148 148 149 147 145 143 141 140 139 139 140 140 140 139 137 135 133 133 133 134 136 138 140 142 144 146 146 146 146 144 142 139 136 131 127 123 123 127 131 134 134 133 132 131 130 128 127 125 123 122 119 117
160 159 158 157 155 155 155 155 156 155 153 152 150 147 146 145 143 142 140 140 140 142 144 146 147 147 147 147 146 146 146 144 142 140 138 136 136 136 138 139 140 140 137 135 133 132 132 133 134 136 138 140 141 143 144 144 144 143 141 138 135 130 127 123 124 127 130 133 133 133 131 130 129 127 125 123 122 120 117 115
157 157 156 156 155 154 155 156 156 155 153 152 150 147 146 145 143 141 140 139 138 141 143 145 146 146 145 145 144 144 142 141 138 136 135 133 132 133 135 139 140 140 137 134 132 131 130 131 132 133 135 137 139 140 141 142 143 143 140 137 134 130 127 125 125 127 130 132 132 131 130 129 127 125 123 122 120 117 115 113
154 155 156 156 156 157 157 157 157 156 154 152 150 148 147 145 144 142 140 138 136 140 144 145 145 144 144 143 142 141 139 137 135 133 131 128 127 127 129 133 134 135 133 131 129 128 128 129 130 131 133 135 136 138 139 140 140 139 138 135 132 130 127 125 125 126 128 130 130 129 128 127 125 123 122 120 118 116 113 111
152 154 155 157 158 159 160 159 159 157 154 152 150 148 147 146 144 143 140 138 135 140 145 145 144 143 141 140 139 137 136 134 131 129 127 124 122 122 124 127 129 130 128 127 125 125 125 126 127 128 130 132 133 135 136 137 137 136 135 133 131 129 127 126 125 126 127 127 127 127 126 124 123 122 120 118 116 114 111 109
152 153 155 157 159 161 162 162 161 158 155 152 150 149 148 147 146 144 141 139 138 141 143 143 142 140 138 136 135 134 132 130 129 126 123 119 117 117 119 121 123 124 123 122 120 120 120 121 123 125 126 128 130 132 133 133 133 133 133 132 130 128 126 125 125 125 125 125 125 124 123 122 121 120 118 116 114 111 109 107
152 153 156 158 161 163 165 164 162 159 156 152 150 149 148 148 147 145 142 140 139 141 142 141 140 138 137 135 134 132 131 129 127 125 122 118 115 115 116 119 120 120 118 117 115 115 115 116 118 120 122 124 126 128 129 130 130 130 130 129 128 126 125 124 123 123 123 123 122 122 121 120 119 118 116 114 112 109 107 105
-9999 154 156 159 162 164 166 166 -9999 -9999 -9999 -9999 -9999 -9999 -9999 -9999 -9999 -9999 -9999 -9999 -9999 -9999 -9999 -9999 -9999 -9999 -9999 -9999 -9999 -9999 -9999 -9999 -9999 -9999 -9999 -9999 -9999 -9999 -9999 -9999 -9999 -9999 -9999 111 110 109 109 111 113 116 118 120 122 124 125 126 127 127 127 126 125 124 123 122 121 121 121 120 120 119 119 118 116 115 114 112 110 108 105 103
-9999 154 156 158 -9999 -9999 -9999 -9999 -9999 -9999 -9999 -9999 -9999 -9999 -9999 -9999 -9999 -9999 -9999 -9999 -9999 -9999 -9999 -9999 -9999 -9999 -9999 -9999 -9999 -9999 -9999 -9999 -9999 -9999 -9999 -9999 -9999 -9999 -9999 -9999 -9999 -9999 -9999 -9999 -9999 -9999 103 106 109 112 114 117 118 120 121 122 123 124 124 123 122 122 121 120 119 119 119 118 117 117 116 115 114 112 111 110 108 105 103 100
-9999 154 156 157 -9999 -9999 -9999 -9999 -9999 -9999 -9999 -9999 -9999 -9999 -9999 -9999 -9999 -9999 -9999 -9999 -9999 -9999 -9999 -9999 -9999 -9999 -9999 -9999 -9999 -9999 -9999 -9999 -9999 -9999 -9999 -9999 -9999 -9999 -9999 -9999 -9999 -9999 -9999 -9999 -9999 -9999 -9999 -9999 -9999 108 111 113 115 117 118 119 119 120 120 -9999 -9999 -9999 -9999 -9999 -9999 117 116 116 115 114 114 112 111 110 108 107 105 103 100 98
151 153 155 156 157 157 158 158 -9999 -9999 -9999 -9999 -9999 -9999 -9999 -9999 -9999 -9999 -9999 -9999 -9999 -9999 -9999 -9999 -9999 -9999 -9999 -9999 -9999 -9999 -9999 -9999 -9999 -9999 -9999 -9999 -9999 -9999 -9999 -9999 -9999 -9999 -9999 -9999 -9999 -9999 -9999 -9999 -9999 105 108 110 112 113 114 115 115 116 116 -9999 -9999 -9999 -9999 -9999 -9999 114 114 113 113 112 111 110 108 107 106 104 103 100 98 95
150 153 154 155 -9999 -9999 -9999 -9999 -9999 -9999 -9999 -9999 -9999 -9999 -9999 -9999 -9999 -9999 -9999 -9999 -9999 -9999 -9999 -9999 -9999 -9999 -9999 -9999 -9999 -9999 -9999 -9999 -9999 -9999 -9999 -9999 -9999 -9999 -9999 -9999 -9999 -9999 -9999 -9999 -9999 -9999 -9999 -9999 -9999 103 106 108 -9999 -9999 -9999 -9999 -9999 -9999 -9999 -9999 -9999 -9999 -9999 -9999 -9999 -9999 -9999 111 110 109 108 107 106 105 103 102 100 98 95 93
150 152 153 154 -9999 -9999 -9999 -9999 -9999 -9999 -9999 -9999 -9999 -9999 -9999 -9999 -9999 -9999 -9999 -9999 -9999 -9999 -9999 -9999 -9999 -9999 -9999 -9999 -9999 -9999 -9999 -9999 -9999 -9999 -9999 -9999 -9999 -9999 -9999 -9999 -9999 -9999 -9999 -9999 -9999 -9999 -9999 -9999 -9999 102 104 106 -9999 -9999 -9999 -9999 -9999 -9999 -9999 -9999 -9999 -9999 -9999 -9999 -9999 -9999 -9999 108 107 106 105 104 103 102 101 99 97 95 93 91
149 151 151 152 -9999 -9999 -9999 -9999 -9999 -9999 -9999 -9999 -9999 -9999 -9999 -9999 -9999 -9999 -9999 -9999 -9999 -9999 -9999 -9999 -9999 -9999 -9999 -9999 -9999 -9999 -9999 -9999 -9999 -9999 -9999 -9999 -9999 -9999 -9999 -9999 -9999 -9999 -9999 -9999 -9999 -9999 -9999 -9999 -9999 102 103 106 -9999 -9999 -9999 -9999 -9999 -9999 -9999 -9999 -9999 -9999 -9999 -9999 -9999 -9999 -9999 106 105 104 103 102 101 99 98 96 95 93 91 88
148 149 150 150 -9999 -9999 -9999 -9999 -9999 -9999 -9999 -9999 -9999 -9999 -9999 -9999 -9999 -9999 -9999 -9999 -9999 -9999 -9999 -9999 -9999 -9999 -9999 -9999 -9999 -9999 -9999 -9999 -9999 -9999 -9999 -9999 -9999 -9999 -9999 -9999 -9999 -9999 -9999 -9999 -9999 -9999 -9999 -9999 -9999 -9999 -9999 -9999 -9999 -9999 -9999 -9999 -9999 -9999 -9999 -9999 -9999 -9999 -9999 -9999 -9999 -9999 -9999 -9999 -9999 101 100 99 98 97 96 94 92 91 88 86
146 147 147 148 -9999 -9999 -9999 -9999 -9999 -9999 -9999 -9999 -9999 -9999 -9999 -9999 -9999 -9999 -9999 -9999 -9999 -9999 -9999 -9999 -9999 -9999 -9999 -9999 -9999 -9999 -9999 -9999 -9999 -9999 -9999 -9999 -9999 -9999 -9999 -9999 -9999 -9999 -9999 -9999 -9999 -9999 -9999 -9999 -9999 -9999 -9999 -9999 -9999 -9999 -9999 -9999 -9999 -9999 -9999 -9999 -9999 -9999 -9999 -9999 -9999 -9999 -9999 -9999 -9999 -9999 98 97 95 94 93 92 90 88 86 84
144 145 146 146 -9999 -9999 -9999 -9999 -9999 -9999 -9999 -9999 -9999 -9999 -9999 -9999 -9999 -9999 -9999 -9999 -9999 -9999 -9999 -9999 -9999 -9999 -9999 -9999 -9999 -9999 -9999 -9999 -9999 -9999 -9999 -9999 -9999 -9999 -9999 -9999 -9999 -9999 -9999 -9999 -9999 -9999 -9999 -9999 -9999 -9999 -9999 -9999 -9999 -9999 -9999 -9999 -9999 -9999 -9999 -9999 -9999 -9999 -9999 -9999 -9999 -9999 -9999 -9999 -9999 -9999 95 94 93 91 90 89 88 86 84 82
-9999 -9999 -9999 -9999 -9999 -9999 -9999 -9999 141 140 -9999 -9999 -9999 -9999 -9999 -9999 -9999 -9999 -9999 -9999 -9999 -9999 -9999 -9999 -9999 -9999 -9999 -9999 -9999 -9999 -9999 -9999 -9999 -9999 -9999 -9999 -9999 -9999 -9999 -9999 -9999 -9999 -9999 -9999 -9999 -9999 -9999 -9999 -9999 -9999 -9999 -9999 -9999 -9999 -9999 -9999 -9999 -9999 -9999 -9999 -9999 -9999 -9999 -9999 -9999 -9999 -9999 -9999 -9999 -9999 -9999 -9999 90 89 88 87 85 84 82 80
-9999 -9999 -9999 -9999 -9999 -9999 -9999 -9999 140 139 -9999 -9999 -9999 -9999 -9999 -9999 -9999 -9999 -9999 -9999 -9999 -9999 -9999 -9999 -9999 -9999 -9999 -9999 -9999 -9999 -9999 -9999 -9999 -9999 -9999 -9999 -9999 -9999 -9999 -9999 -9999 -9999 -9999 -9999 -9999 -9999 -9999 -9999 -9999 -9999 -9999 -9999 -9999 -9999 -9999 -9999 -9999 -9999 -9999 -9999 -9999 -9999 -9999 -9999 -9999 -9999 -9999 -9999 -9999 -9999 -9999 -9999 89 88 86 85 83 82 80 78
