tests/test_data/rstack/jan_prec.asc
ncols         147
nrows         127
xllcorner     -90.06084375
yllcorner     23.864697408444
cellsize      0.096253424
NODATA_value  -9999
[rows 0 to 35 of 127, columns 0 to 79 of 147]
89 89 89 90 91 92 94 97 99 100 102 103 104 104 104 104 105 106 106 107 107 107 108 109 110 110 111 111 108 106 107 108 108 109 110 112 114 116 118 119 120 121 121 122 122 124 126 128 132 136 137 134 132 129 128 127 126 126 126 125 124 122 120 119 118 117 116 115 114 112 109 107 104 103 101 100 101 103 103 102
92 92 92 92 94 95 96 98 101 102 103 104 104 104 104 105 105 106 107 108 108 108 109 109 110 111 111 111 110 109 110 110 110 112 113 115 116 117 119 121 121 122 122 123 123 124 125 128 130 133 132 127 126 127 127 126 124 123 123 122 121 120 119 117 117 117 116 115 113 111 109 107 106 104 103 101 103 106 106 106
93 94 94 94 95 97 98 100 102 103 104 105 105 104 105 106 106 107 108 109 109 110 110 111 111 112 112 112 111 111 112 112 113 114 116 117 118 119 120 122 123 123 123 123 123 124 125 127 129 131 130 126 125 126 126 125 124 123 122 122 121 120 119 118 118 119 119 118 117 117 118 116 113 112 110 105 103 103 107 110
94 95 96 96 97 98 100 101 103 105 106 106 105 104 105 106 107 108 109 109 110 111 112 113 113 113 113 113 113 113 114 115 116 117 118 119 120 121 122 123 124 125 124 124 123 124 125 127 129 130 129 126 126 126 124 123 123 123 123 122 122 121 120 119 120 123 123 124 124 126 131 127 122 122 119 109 102 98 106 115
95 95 95 96 97 98 101 103 105 107 108 109 108 105 106 107 108 109 110 111 112 112 113 114 114 115 115 115 115 115 116 116 117 118 119 121 122 123 125 127 127 128 126 125 124 126 128 130 131 130 129 128 127 125 124 124 124 125 125 124 124 123 125 128 132 136 139 141 143 143 143 139 133 127 120 113 106 101 106 113
95 95 95 96 97 99 102 105 108 109 111 112 110 106 107 109 110 111 111 112 113 114 115 115 116 117 117 117 118 118 118 118 118 119 121 122 124 126 128 131 131 130 128 127 127 129 132 132 132 130 129 129 127 125 125 125 126 126 127 126 126 128 131 137 142 146 150 154 156 156 151 148 144 134 125 119 113 106 108 112
96 96 97 98 99 101 104 106 109 111 112 113 112 110 110 111 112 112 113 114 114 115 116 117 118 119 119 119 120 120 120 120 121 121 122 125 127 129 131 134 134 133 132 132 133 134 135 134 132 132 130 129 127 126 126 126 127 128 129 129 131 137 142 145 148 149 150 151 151 151 148 150 153 147 140 133 124 114 114 115
97 98 99 100 101 103 106 109 111 113 114 115 114 114 113 114 114 114 115 115 116 117 118 119 120 121 121 121 121 122 122 122 123 124 124 127 129 131 134 136 136 136 136 136 137 137 137 135 133 133 131 129 127 127 128 128 129 130 132 134 137 145 151 153 154 155 155 155 153 152 151 154 158 155 150 141 131 122 119 119
99 99 100 102 104 106 108 111 114 115 117 117 117 116 116 116 116 117 117 117 118 120 121 121 122 122 123 123 123 124 124 124 125 126 127 128 130 133 135 137 137 138 138 139 140 140 139 136 135 135 133 129 128 129 129 130 131 133 137 141 145 153 159 161 162 163 165 165 160 158 160 160 160 160 156 142 133 128 125 123
101 101 103 105 106 108 110 113 115 117 118 118 118 118 118 118 119 119 119 120 121 122 123 124 124 124 124 124 125 125 125 126 126 127 129 130 132 134 136 138 139 140 141 141 141 140 139 138 136 135 132 130 130 131 131 132 135 138 141 145 149 154 158 161 164 168 172 173 168 167 170 169 166 161 154 144 137 131 127 124
103 104 106 108 109 111 113 115 117 118 119 120 120 120 120 120 121 121 121 122 123 124 125 126 126 126 126 126 127 127 127 127 128 129 130 132 134 135 137 139 141 143 144 144 142 140 138 139 138 134 132 132 133 133 133 135 139 142 146 149 151 153 156 160 165 172 177 180 176 175 180 178 173 160 150 146 140 132 128 124
106 107 108 110 112 114 116 117 119 120 121 121 121 122 122 122 122 123 123 124 125 126 127 128 128 128 128 128 128 128 129 129 130 131 132 133 135 137 139 142 144 145 145 144 143 143 143 142 140 136 134 134 134 134 135 138 146 149 150 152 154 158 161 165 170 174 178 180 178 177 176 172 165 155 146 142 138 133 129 126
107 109 111 112 114 116 118 119 121 122 122 123 123 123 123 123 124 125 125 126 127 128 129 129 130 129 129 129 129 130 130 131 131 132 134 135 136 139 141 144 146 147 146 145 145 146 147 145 143 139 137 137 136 135 137 141 150 153 153 155 158 162 166 170 173 177 178 179 179 176 173 166 159 151 143 140 137 133 130 128
108 110 112 114 115 118 120 121 122 123 124 124 124 125 125 125 125 126 127 128 128 129 130 131 131 131 131 131 131 131 131 132 132 133 135 136 138 140 142 145 146 147 147 147 149 150 151 149 146 142 140 139 138 137 138 142 148 152 155 159 163 168 172 174 177 179 178 178 176 173 168 163 157 150 145 142 139 136 133 130
109 111 113 115 117 119 121 122 123 124 125 125 125 126 126 126 126 127 128 129 130 131 132 133 133 132 132 132 132 132 133 133 134 135 136 138 139 141 143 146 147 147 149 150 153 154 154 152 149 144 141 141 139 137 139 141 147 152 156 161 166 170 173 175 177 178 176 174 173 170 164 159 155 149 145 142 140 137 135 132
111 113 115 117 119 121 122 123 124 125 125 126 126 127 127 127 128 128 129 131 132 133 134 134 134 134 134 134 134 135 135 135 135 136 137 139 140 141 143 146 147 148 151 154 156 157 157 154 150 145 143 142 140 138 139 141 145 151 156 162 167 170 172 174 174 174 172 170 169 165 159 155 152 148 144 141 140 139 137 135
113 114 116 118 120 122 124 124 125 126 126 127 127 127 128 128 129 129 131 132 133 134 135 136 136 136 136 136 136 136 136 137 137 138 140 141 142 143 144 146 148 149 152 155 156 156 156 153 149 145 142 141 140 139 139 141 145 149 153 158 163 165 168 169 170 170 168 166 163 160 156 153 150 147 143 140 139 139 137 136
115 116 117 119 121 123 125 126 126 127 127 128 128 128 129 129 130 131 132 133 134 135 136 137 137 138 138 137 138 138 138 139 139 141 142 143 144 145 146 146 149 151 153 154 155 155 155 151 147 144 142 141 140 140 140 141 144 147 150 154 158 161 163 165 165 165 163 161 157 154 152 150 149 145 142 139 137 138 138 137
117 118 119 120 121 123 125 126 127 128 129 129 129 129 130 130 131 132 133 134 135 136 137 138 139 139 139 138 139 140 140 141 142 143 144 145 146 146 147 148 150 151 152 153 153 152 151 149 147 145 143 142 141 141 140 141 143 145 147 150 153 156 159 160 161 160 158 156 153 151 149 148 147 144 142 139 138 138 138 138
119 120 121 122 122 124 126 127 129 129 130 130 130 130 131 132 132 133 134 135 136 137 138 139 139 140 140 139 140 140 141 142 144 144 145 145 146 147 148 149 150 151 151 151 151 150 149 148 147 145 144 143 142 141 140 140 141 142 143 146 149 152 155 156 156 155 153 151 149 147 146 145 145 143 141 140 139 138 138 138
121 123 123 124 124 125 127 129 130 130 131 131 132 132 132 133 133 134 135 136 138 138 139 139 139 140 140 140 140 140 141 142 143 143 143 145 146 147 148 149 149 149 150 149 149 149 148 148 148 147 146 144 143 141 139 138 138 139 140 143 146 149 151 153 152 151 149 147 145 144 142 142 142 142 141 140 139 137 138 138
124 126 126 126 127 128 129 130 131 131 132 133 133 133 133 134 135 136 136 137 138 139 139 139 140 140 140 140 140 140 140 141 142 142 142 144 145 147 148 149 148 148 148 148 148 148 148 149 149 148 147 145 143 142 140 138 136 136 137 140 143 146 148 150 149 148 146 144 142 141 140 140 141 141 142 142 141 139 138 138
127 129 129 130 130 130 131 131 132 133 133 134 134 135 135 135 136 137 138 138 139 140 140 140 140 140 140 140 140 140 140 140 140 141 141 142 144 147 148 148 148 147 147 147 148 148 149 150 150 149 147 146 145 143 141 138 135 134 135 138 141 143 145 147 147 146 144 143 140 138 137 139 141 142 143 144 143 141 140 139
129 131 132 133 133 133 133 134 134 135 135 136 136 136 136 137 138 139 139 140 140 141 141 141 141 141 140 140 140 139 139 139 139 139 140 142 144 146 147 147 147 147 147 147 148 149 150 149 149 149 148 147 145 143 141 139 136 135 136 137 140 142 143 144 145 144 143 141 139 138 137 139 141 143 144 146 145 143 141 139
130 133 134 135 135 135 135 136 137 137 137 137 137 137 138 139 140 141 141 141 141 142 142 141 141 141 141 140 140 139 138 138 138 138 138 142 144 146 146 147 147 147 147 148 149 149 150 149 149 149 149 148 146 144 142 140 137 136 136 138 139 141 142 143 143 143 142 141 139 138 137 139 141 143 145 147 147 144 141 139
131 134 135 136 137 137 138 138 139 139 139 139 139 139 140 141 143 143 143 143 142 143 143 142 142 142 141 141 140 140 139 138 138 138 138 141 143 145 146 147 148 148 148 148 148 148 149 149 149 149 148 148 146 145 143 141 139 139 138 139 139 141 142 142 142 142 141 140 139 138 138 139 141 142 143 144 143 141 139 137
132 135 136 138 138 139 140 140 141 141 141 141 141 141 142 143 144 145 145 144 143 143 143 142 142 142 142 142 141 140 140 139 139 138 138 141 143 145 146 147 149 150 150 149 149 149 148 149 149 149 148 147 146 146 144 143 142 141 140 140 140 140 141 141 141 141 141 140 139 138 138 139 140 141 141 141 140 138 136 134
134 136 137 139 139 140 141 142 143 143 143 143 143 143 144 145 145 146 146 145 144 143 143 143 143 142 142 143 142 142 141 140 140 140 141 142 144 145 146 149 151 153 153 152 152 150 149 148 148 149 148 147 146 145 146 146 144 143 142 141 141 141 141 140 140 140 140 139 138 138 137 138 138 139 139 138 136 134 132 132
136 137 139 140 140 141 143 144 144 145 145 145 144 144 145 145 146 146 146 145 144 143 143 143 143 142 143 143 143 143 142 142 141 142 142 144 145 146 147 149 151 154 153 153 151 150 148 148 148 148 147 146 145 145 146 146 145 143 143 142 142 141 141 140 139 139 139 138 137 137 137 137 137 137 137 136 134 132 130 130
138 139 140 140 141 143 144 145 146 147 147 147 146 145 146 146 146 146 145 145 144 143 143 142 142 143 143 144 144 144 143 143 143 143 144 145 145 147 148 149 151 153 153 152 150 149 147 147 147 146 145 144 144 145 146 146 144 144 143 143 143 142 141 139 139 138 137 137 136 136 136 136 136 135 135 133 131 130 129 128
141 141 141 141 143 144 145 146 148 148 149 149 148 146 146 146 146 145 145 144 143 143 143 143 143 143 144 145 145 145 144 144 144 145 146 146 146 147 149 150 151 152 151 150 149 148 146 145 145 144 143 143 143 144 145 145 144 144 144 143 143 142 140 139 138 137 137 136 136 135 135 135 135 134 133 131 130 129 128 127
142 142 142 143 144 145 146 148 149 150 150 150 149 147 147 146 145 145 144 143 143 143 143 143 143 143 144 145 145 145 145 145 145 146 147 147 148 148 149 150 151 150 149 148 148 146 145 143 142 142 141 142 142 143 144 145 144 144 144 143 143 142 140 138 137 136 136 135 135 134 134 134 133 132 131 130 129 128 127 126
144 143 144 144 145 146 147 148 149 150 150 150 149 149 148 147 146 144 143 142 142 142 143 144 144 145 146 147 146 146 146 146 146 147 149 149 149 148 148 149 149 149 147 146 145 144 143 142 141 140 139 140 141 142 143 144 144 144 144 143 142 141 140 138 136 135 134 133 132 132 132 132 131 131 130 130 129 127 126 124
145 145 145 146 146 147 148 149 149 150 150 150 150 149 148 147 146 144 143 142 141 142 143 144 145 147 148 149 147 146 146 146 147 148 148 149 149 148 147 147 147 147 146 145 144 143 142 141 140 138 138 138 139 141 142 143 143 143 143 142 141 140 139 137 136 134 132 130 130 130 130 130 130 130 129 129 128 127 125 124
146 146 146 147 148 148 149 149 150 150 150 150 150 149 148 148 146 144 143 142 141 142 143 145 147 148 149 150 148 147 147 147 146 147 147 148 148 147 146 145 145 145 144 143 142 142 141 140 139 137 136 136 138 139 141 141 142 142 141 140 139 139 138 137 135 133 129 126 127 128 129 129 129 129 128 128 127 126 125 124
146 147 148 148 149 149 149 150 150 150 150 150 149 149 149 148 147 145 144 143 142 143 144 146 147 149 150 150 148 147 146 146 145 145 146 146 146 145 144 143 143 143 142 142 141 140 140 138 137 135 134 134 135 137 138 138 139 140 140 139 138 138 137 136 134 132 127 123 125 127 129 129 129 128 128 128 127 126 125 123
