tests/test_data/rstack/jan_temp.asc
ncols         147
nrows         127
xllcorner     -90.06084375
yllcorner     23.864697408444
cellsize      0.096253424
NODATA_value  -9999
[rows 0 to 32 of 127, columns 0 to 73 of 147]
4.212818 4.22738 4.197929 4.145058 4.029554 3.945272 3.88752 3.829768 3.776494 3.776494 3.751417 3.67894 3.61551 3.557759 3.487005 3.418986 3.375959 3.326751 3.268999 3.250996 3.250996 3.250996 3.250996 3.250996 3.279504 3.337256 3.427798 3.526812 3.569839 3.612865 3.655892 3.707274 3.765026 3.846435 3.925044 3.939769 3.916921 3.830868 3.744815 3.658762 3.676742 3.702624 3.71735 3.712857 3.684556 3.593895 3.478391 3.221446 2.932737 2.556774 2.361763 2.333462 2.46327 2.635442 2.808698 2.982328 3.156734 3.19385 3.137248 3.277967 3.444427 3.573506 3.656881 3.671607 3.695402 3.723703 3.698992 3.643987 3.485457 3.374101 3.315199 3.278149 3.247943 3.146014
4.468349 4.515893 4.419736 4.318314 4.20281 4.118527 4.060776 4.003024 3.949749 3.949749 3.913134 3.807303 3.731014 3.673262 3.573062 3.481786 3.472112 3.442255 3.384503 3.3665 3.3665 3.3665 3.3665 3.3665 3.395008 3.45276 3.517884 3.583545 3.593219 3.602892 3.612566 3.649522 3.707274 3.732923 3.755269 3.803347 3.826287 3.80694 3.787593 3.768246 3.731561 3.708568 3.756646 3.800404 3.838808 3.767151 3.651647 3.460311 3.204685 2.762017 2.569738 2.608143 2.646776 2.693194 2.86645 3.083552 3.39137 3.561897 3.638707 3.682632 3.720057 3.749078 3.785715 3.833794 3.82409 3.785685 3.819219 3.824082 3.698905 3.541938 3.349625 3.228656 3.131397 2.92941
4.648057 4.681488 4.542305 4.409566 4.294063 4.222581 4.188509 4.154436 4.123005 4.123005 4.083043 3.967539 3.87297 3.791539 3.680025 3.578419 3.55474 3.526698 3.492625 3.465706 3.442027 3.418347 3.4 3.4 3.428509 3.48626 3.544012 3.600723 3.624403 3.633921 3.610242 3.619335 3.653408 3.658998 3.665026 3.722778 3.776655 3.824013 3.841002 3.841002 3.810004 3.796515 3.877946 3.959377 4.040808 3.964475 3.825292 3.582726 3.307431 2.940133 2.794066 2.851818 2.882688 2.91903 3.163323 3.402345 3.630461 3.777577 3.869402 3.882003 3.885111 3.90879 3.936623 3.970696 3.911776 3.806665 3.787557 3.743601 3.580738 3.329548 2.980144 2.856991 2.810582 2.579574
4.79679 4.796869 4.624332 4.467318 4.351814 4.298365 4.297645 4.296925 4.296261 4.296261 4.256299 4.140794 4.025733 3.910949 3.795529 3.688875 3.631843 3.598451 3.597732 3.558254 3.501222 3.44419 3.4 3.4 3.428509 3.48626 3.544012 3.601742 3.658774 3.681701 3.624669 3.600408 3.601128 3.601246 3.607274 3.665026 3.743773 3.857837 3.898754 3.898754 3.898099 3.917962 4.032746 4.14753 4.262314 4.171632 3.999096 3.657567 3.341055 3.107168 3.025073 3.082825 3.140009 3.213532 3.557884 3.81002 3.871371 3.931011 3.989483 3.997507 4.004991 4.062023 4.096549 4.097268 3.982711 3.810895 3.693843 3.556667 3.327099 2.961825 2.445656 2.353711 2.406319 2.175311
4.945523 4.912128 4.673606 4.468565 4.353061 4.317642 4.350275 4.382908 4.415541 4.448174 4.452135 4.401897 4.271455 4.090685 3.967539 3.860776 3.803024 3.755817 3.723184 3.673262 3.61551 3.526538 3.449157 3.416524 3.4124 3.437519 3.487507 3.546256 3.636641 3.692489 3.667371 3.637988 3.605354 3.6 3.609434 3.699819 3.787402 3.870273 3.9 3.9 3.959375 4.033594 4.149098 4.23545 4.285688 4.059421 3.723 3.505042 3.342845 3.340269 3.301152 3.228372 3.387301 3.609808 3.85842 4.023574 4.016059 4.047334 4.105085 4.141166 4.168531 4.161016 4.065207 3.836775 3.557996 3.254208 2.973945 2.691667 2.395393 2.163264 2.00246 2.028028 2.118125 2.180815
5.100311 5.041734 4.761208 4.523354 4.399616 4.369543 4.419061 4.475241 4.532992 4.590744 4.625666 4.617432 4.482435 4.267896 4.148064 4.048289 3.990537 3.929329 3.863343 3.797357 3.731371 3.61801 3.511802 3.437582 3.404065 3.412299 3.45827 3.517283 3.616319 3.685743 3.685743 3.657643 3.608125 3.6 3.612056 3.727559 3.824602 3.890588 3.919538 3.927772 4.033594 4.144696 4.235498 4.259998 4.20236 3.902653 3.506509 3.418789 3.392394 3.532714 3.548394 3.449244 3.682206 3.993599 4.133918 4.212379 4.162861 4.172201 4.221719 4.271237 4.296955 4.165097 3.94082 3.577726 3.225635 2.87901 2.540096 2.206793 1.893217 1.767216 1.849784 1.877369 1.888321 2.135911
5.273567 5.215113 4.96794 4.745284 4.588193 4.524767 4.540933 4.590744 4.648496 4.706248 4.72963 4.688044 4.581174 4.43334 4.350767 4.279297 4.221545 4.146335 4.046996 3.947657 3.848318 3.733514 3.612285 3.47136 3.420529 3.462116 3.516022 3.572997 3.605327 3.62799 3.62799 3.618817 3.602652 3.6 3.612056 3.727559 3.837037 3.936375 3.998679 4.040266 4.149098 4.24237 4.233113 4.097965 3.806857 3.631446 3.502125 3.550008 3.589779 3.596687 3.70463 3.905656 4.123033 4.332453 4.339362 4.338751 4.322587 4.325635 4.341801 4.357965 4.315318 3.883284 3.545456 3.349127 3.208369 3.095213 3.021007 2.927171 2.747007 2.628077 2.577233 2.248688 1.828832 1.909658
5.489221 5.447952 5.216944 4.996976 4.806532 4.709754 4.692566 4.708197 4.732906 4.77347 4.791912 4.768536 4.699113 4.600797 4.538295 4.480543 4.422791 4.34801 4.249694 4.127718 3.995027 3.862335 3.720509 3.547253 3.488031 3.545783 3.603535 3.660048 3.677236 3.694423 3.711611 3.709292 3.692104 3.703652 3.729307 3.827623 3.925939 4.024255 4.096558 4.15431 4.264602 4.343106 4.250978 4.042464 3.689764 3.589284 3.589284 3.719796 3.804491 3.746739 3.899399 4.24591 4.415053 4.528419 4.505044 4.483684 4.466496 4.428878 4.377315 4.296094 4.15016 3.607016 3.24166 3.143344 3.1222 3.139387 3.130176 3.129467 3.168653 3.110178 2.94311 2.530676 2.037196 1.951257
5.744751 5.736712 5.505704 5.276659 5.052862 4.92273 4.87219 4.827484 4.788073 4.795284 4.814991 4.858321 4.835111 4.770147 4.711551 4.653799 4.596047 4.535268 4.470304 4.33577 4.169726 4.003681 3.836013 3.662757 3.603535 3.661287 3.719039 3.776571 3.827111 3.877652 3.928193 3.921373 3.870833 3.904788 3.956834 4.021797 4.08676 4.151723 4.212062 4.269814 4.380105 4.446723 4.287889 4.087156 3.834514 3.76254 3.76254 3.925856 4.035498 3.977746 4.130406 4.476918 4.567121 4.59 4.633329 4.646071 4.595531 4.484917 4.333295 4.094463 3.812402 3.335963 3.023983 2.959019 2.971228 3.021769 2.88972 2.844505 3.183867 3.236055 2.96893 2.728647 2.497475 2.244771
5.935796 5.93494 5.703933 5.472925 5.241917 5.076309 4.966274 4.89854 4.845265 4.845265 4.865247 4.922998 4.925843 4.894232 4.862622 4.827055 4.769303 4.711551 4.653799 4.534542 4.387428 4.215303 4.053821 3.932848 3.9001 3.957852 3.995682 4.027292 4.058902 4.090513 4.122123 4.132693 4.127224 4.15275 4.187089 4.244841 4.292846 4.324457 4.356067 4.387678 4.376699 4.347305 4.252474 4.1552 4.054901 4.082409 4.160833 4.152547 4.17024 4.269338 4.415573 4.605235 4.645265 4.64858 4.706332 4.700892 4.564715 4.406502 4.233246 4.050554 3.864208 3.663608 3.509653 3.42576 3.296776 3.145395 2.851107 2.708443 3.191131 3.271403 2.904218 2.758505 2.692424 2.874213
6.101736 6.099151 5.869886 5.640146 5.409139 5.209352 5.036097 4.956292 4.903018 4.903018 4.922998 4.980751 5.004088 5.00583 5.006034 4.997293 4.939541 4.882521 4.826512 4.731953 4.619934 4.450995 4.305883 4.251616 4.251786 4.307796 4.319793 4.31805 4.316308 4.315086 4.315086 4.345881 4.400147 4.409052 4.41508 4.472831 4.508402 4.50666 4.503799 4.500315 4.343967 4.204259 4.211229 4.240881 4.298634 4.429015 4.588331 4.372305 4.27837 4.565387 4.703017 4.703017 4.704392 4.709149 4.763416 4.720184 4.475236 4.280144 4.119086 4.051667 4.020733 4.132752 4.154532 4.040771 3.737572 3.340279 2.893791 2.652481 3.219545 3.309239 2.868133 2.803624 2.877143 3.620948
6.134965 6.099275 5.903362 5.697898 5.466891 5.267105 5.093849 5.014044 4.960769 4.960769 4.980751 5.038502 5.082333 5.117428 5.121538 5.112797 5.055045 5.012027 4.98937 4.95112 4.905807 4.771665 4.667416 4.679855 4.697337 4.719994 4.698638 4.663543 4.628448 4.603846 4.603846 4.596787 4.584348 4.582307 4.588335 4.646087 4.669223 4.634128 4.576526 4.506335 4.37431 4.285785 4.426167 4.529641 4.587393 4.526966 4.419459 4.363074 4.385468 4.639132 4.760769 4.760769 4.788457 4.820824 4.808386 4.633239 4.121469 3.956882 4.029294 4.080242 4.127484 4.172797 4.167862 4.087454 3.884461 3.620579 3.401217 3.304471 3.671418 3.845262 3.804391 3.966891 4.204048 4.814442
6.139017 6.080877 5.918318 5.74004 5.519729 5.324856 5.1516 5.08045 5.037042 5.037042 5.053323 5.100378 5.147434 5.194489 5.2 5.194497 5.158137 5.137042 5.137042 5.144404 5.1551 5.065525 5.008018 5.076467 5.105846 5.09515 5.048593 4.990841 4.933089 4.889407 4.878711 4.847382 4.800326 4.792605 4.7964 4.83276 4.838019 4.790964 4.693154 4.566954 4.489408 4.465095 4.664014 4.761659 4.733841 4.550016 4.304042 4.346282 4.442395 4.684099 4.8 4.8 4.870879 4.951635 4.883187 4.628647 3.989105 3.835153 4.012679 4.090553 4.143033 4.132337 4.111383 4.075024 3.982933 3.863158 3.891636 3.96962 4.200628 4.44683 4.709927 5.019041 5.345407 5.790301
6.081265 6.023249 5.894042 5.749118 5.562159 5.382608 5.209352 5.165186 5.152546 5.152546 5.157287 5.17099 5.184692 5.198395 5.2 5.204593 5.23494 5.252546 5.252546 5.282864 5.326913 5.302599 5.304289 5.40609 5.435894 5.391845 5.337353 5.279601 5.221849 5.168194 5.124145 5.097316 5.083613 5.081365 5.078197 5.047851 5.02371 5.010007 4.902773 4.74322 4.784034 4.851528 4.950388 4.873489 4.578847 4.414413 4.30185 4.313478 4.393048 4.668106 4.8 4.8 4.949819 5.122976 5.021175 4.798491 4.325714 4.140307 4.151069 4.062179 3.965401 3.921352 3.907037 3.937383 3.978849 4.025839 4.346033 4.662643 4.893651 5.187231 5.550386 5.835827 6.093751 6.305175
6.003936 5.96562 5.869766 5.758195 5.604589 5.461607 5.327651 5.302075 5.299028 5.259728 5.234025 5.234025 5.234025 5.234025 5.251374 5.276791 5.334543 5.376299 5.395949 5.441823 5.499576 5.483275 5.485209 5.561413 5.590891 5.57244 5.524038 5.466286 5.408534 5.356658 5.318555 5.302075 5.302075 5.318501 5.328021 5.250619 5.202075 5.202075 5.116171 4.982215 5.039451 5.087855 5.008056 4.81844 4.492777 4.344649 4.267247 4.323957 4.440825 4.729585 4.86805 4.86805 5.050301 5.263676 5.187472 5.023579 4.678266 4.468818 4.352116 4.169668 4.007389 4.047887 4.118843 4.235545 4.377704 4.532508 4.919831 5.283588 5.494946 5.797645 6.201908 6.433884 6.605148 6.701002
5.912955 5.907992 5.845491 5.767272 5.647019 5.55542 5.488171 5.475331 5.467112 5.361106 5.291777 5.291777 5.291777 5.291777 5.338573 5.392295 5.450047 5.505805 5.558808 5.615079 5.672831 5.624621 5.585692 5.595191 5.62382 5.672074 5.639541 5.581789 5.524038 5.482134 5.477385 5.475331 5.475331 5.519637 5.555548 5.444793 5.375331 5.375331 5.332204 5.264955 5.267526 5.219506 4.906238 4.647022 4.45477 4.320798 4.210043 4.364619 4.556329 4.845088 4.983554 4.983554 5.165805 5.383009 5.373511 5.287191 5.041936 4.813616 4.596855 4.3719 4.202528 4.409791 4.62085 4.83761 5.057544 5.279054 5.576893 5.854268 6.032273 6.317412 6.721675 6.879413 6.951313 7.013813
5.850471 5.850363 5.821215 5.784134 5.725838 5.667836 5.610084 5.599058 5.590103 5.474599 5.399058 5.399058 5.434208 5.491416 5.52385 5.561657 5.648013 5.710352 5.7395 5.768648 5.797796 5.743805 5.692617 5.664013 5.663917 5.693065 5.677786 5.647765 5.590013 5.549529 5.549529 5.549529 5.549529 5.526073 5.491872 5.404972 5.361135 5.38974 5.399651 5.399107 5.320991 5.204014 4.943315 4.747224 4.631176 4.535972 4.449072 4.674321 4.890641 5.064985 5.178362 5.23557 5.339628 5.45117 5.479774 5.433104 5.2307 5.079295 4.962703 4.821432 4.718094 4.891894 5.088559 5.319567 5.531464 5.733867 5.990361 6.244429 6.474892 6.719931 6.981174 7.070213 7.099957 7.186313
5.807281 5.807281 5.807281 5.807281 5.807281 5.778332 5.724785 5.711159 5.698326 5.582822 5.508736 5.51294 5.588115 5.707824 5.725554 5.746605 5.862109 5.929123 5.929123 5.926229 5.922024 5.86659 5.807891 5.745934 5.714561 5.714561 5.714561 5.712797 5.655046 5.612047 5.603637 5.595228 5.586818 5.492402 5.387569 5.338227 5.33038 5.392337 5.446204 5.495546 5.350032 5.186685 5.030248 4.91789 4.860137 4.811406 4.766269 5.024728 5.236397 5.294149 5.377583 5.484677 5.510598 5.517635 5.571182 5.554935 5.394294 5.331622 5.335827 5.290205 5.258841 5.374345 5.534333 5.761136 5.952162 6.125418 6.348825 6.586608 6.866958 7.069253 7.184757 7.214561 7.215721 7.32702
5.865033 5.865033 5.865033 5.865033 5.865033 5.854115 5.833921 5.799679 5.756078 5.640574 5.578027 5.615585 5.724113 5.877174 5.928257 5.977613 6.093117 6.160131 6.160131 6.134281 6.096724 6.039845 5.973637 5.878327 5.830065 5.830065 5.830065 5.828301 5.770549 5.707606 5.63249 5.557375 5.48226 5.404778 5.33678 5.354143 5.400567 5.495877 5.51893 5.501567 5.410717 5.325963 5.302937 5.264401 5.206649 5.229471 5.284392 5.347666 5.409653 5.467405 5.516119 5.556508 5.594663 5.631224 5.651419 5.645292 5.584709 5.582452 5.620009 5.607741 5.605353 5.720857 5.867514 6.060964 6.240921 6.414177 6.606347 6.803938 7.017582 7.184757 7.300261 7.330065 7.330877 7.408823
5.968354 5.968305 5.955147 5.94557 5.94557 5.94557 5.94557 5.898844 5.837635 5.73529 5.688335 5.746087 5.882895 6.069309 6.153745 6.229414 6.331759 6.385615 6.372456 6.328605 6.270853 6.22569 6.16513 6.049626 5.984643 5.971485 5.968354 5.96659 5.908838 5.837752 5.735407 5.633061 5.530716 5.465648 5.418578 5.463171 5.52439 5.613577 5.608534 5.550782 5.528943 5.524215 5.581967 5.599883 5.568448 5.613861 5.689889 5.621393 5.576276 5.607711 5.629633 5.642792 5.701513 5.769109 5.782268 5.791139 5.791139 5.817641 5.862234 5.89106 5.927353 6.029698 6.155126 6.315223 6.484112 6.657368 6.830624 6.998483 7.145422 7.277476 7.39298 7.432548 7.446171 7.503923
6.14161 6.141438 6.094926 6.061073 6.061073 6.061073 6.061073 6.014348 5.955724 5.886732 5.861591 5.919343 6.076644 6.296411 6.4142 6.513125 6.582118 6.60262 6.556109 6.501861 6.444109 6.430856 6.396137 6.280633 6.199187 6.152675 6.14161 6.139845 6.082094 6.020981 5.951988 5.882996 5.814003 5.754407 5.703856 5.715097 5.730528 5.753009 5.724038 5.666286 5.735474 5.812974 5.870727 5.918437 5.953708 5.946572 5.922541 5.819596 5.732721 5.69745 5.704745 5.751256 5.843331 5.944279 5.990791 6.022146 6.022146 6.028827 6.040067 6.121867 6.211736 6.280729 6.372803 6.499547 6.657368 6.830624 7.00388 7.158061 7.238294 7.335228 7.450732 7.515046 7.561675 7.619427
6.336896 6.314734 6.279094 6.247136 6.225024 6.214866 6.214866 6.16814 6.112103 6.076463 6.073135 6.130888 6.295095 6.526103 6.674655 6.79349 6.807017 6.790621 6.732869 6.690336 6.654696 6.631999 6.588857 6.473353 6.386357 6.328605 6.314866 6.313777 6.278137 6.235886 6.178134 6.120382 6.06263 6.004879 5.953154 5.953154 5.928421 5.862085 5.857975 5.888672 6.016638 6.132142 6.145669 6.159196 6.172723 6.119465 6.039601 5.924683 5.834879 5.821352 5.833416 5.869055 5.950257 6.042872 6.122736 6.183783 6.205895 6.241148 6.285373 6.372017 6.460732 6.518485 6.581643 6.652922 6.777561 6.928705 7.100558 7.254664 7.334529 7.420798 7.51419 7.581138 7.638659 7.674299
6.543381 6.488113 6.485826 6.469067 6.413601 6.388122 6.388122 6.341396 6.287944 6.285657 6.304143 6.361895 6.526103 6.757111 6.93511 7.072154 7.018975 6.963877 6.906125 6.886548 6.884261 6.831097 6.762113 6.646608 6.559613 6.501861 6.488122 6.488051 6.485765 6.466894 6.409142 6.35139 6.293638 6.235886 6.184162 6.184162 6.122124 5.955729 6.001281 6.16539 6.335741 6.466766 6.413588 6.36041 6.307231 6.211118 6.097901 5.982434 5.909443 5.962621 5.989312 5.991598 6.039448 6.102539 6.215756 6.310154 6.36562 6.454048 6.564979 6.632001 6.69174 6.749492 6.78599 6.790564 6.870781 6.988571 7.15831 7.319255 7.432472 7.520509 7.580548 7.63889 7.696064 7.698351
6.8265 6.768847 6.737781 6.699452 6.6417 6.598375 6.567308 6.514652 6.458969 6.427903 6.438314 6.527133 6.684229 6.884171 7.060552 7.203546 7.17686 7.137133 7.079381 7.039995 7.008929 6.952332 6.888571 6.804133 6.732869 6.675117 6.661377 6.662326 6.693393 6.697902 6.64015 6.582398 6.524646 6.466894 6.405442 6.312243 6.235527 6.186536 6.260147 6.402336 6.544526 6.656622 6.629936 6.561623 6.441739 6.324986 6.209483 6.15509 6.114066 6.109685 6.107585 6.107585 6.202166 6.323582 6.470152 6.597904 6.686722 6.754474 6.807845 6.838193 6.868956 6.926707 6.961377 6.961377 7.017793 7.102231 7.240758 7.377476 7.49298 7.581138 7.63889 7.673592 7.7 7.7
7.110358 7.045939 6.98152 6.917101 6.852682 6.791867 6.734115 6.676363 6.618611 6.560859 6.563051 6.678555 6.825448 6.992036 7.158625 7.301009 7.307676 7.290099 7.239014 7.18334 7.125588 7.067836 7.013087 6.968669 6.914378 6.849959 6.834633 6.836194 6.887279 6.907814 6.85673 6.798078 6.733659 6.674813 6.606397 6.446476 6.367709 6.425461 6.524524 6.646695 6.756735 6.844989 6.838323 6.760225 6.593637 6.463579 6.348075 6.33962 6.321758 6.270673 6.253118 6.266452 6.400694 6.567666 6.740921 6.891014 6.993184 7.034633 7.034633 7.040385 7.052881 7.103966 7.134633 7.134633 7.173219 7.230971 7.336568 7.446773 7.562276 7.647277 7.698362 7.706597 7.700069 7.706737
7.374595 7.276823 7.179051 7.081279 6.983508 6.907371 6.849619 6.791867 6.734115 6.676363 6.678555 6.794059 6.920458 7.053694 7.18693 7.306057 7.346077 7.361852 7.344121 7.298844 7.241092 7.18334 7.143611 7.165899 7.128922 7.031149 7.007889 7.00843 7.026163 7.03329 7.015559 6.952407 6.854635 6.790317 6.728863 6.635647 6.598717 6.656469 6.776921 6.932445 7.015152 7.070054 7.030034 6.948378 6.815143 6.694587 6.579083 6.537823 6.50342 6.485688 6.518845 6.598885 6.720893 6.856425 7.029681 7.158038 7.193501 7.207889 7.207889 7.242417 7.279512 7.297244 7.307889 7.307889 7.346475 7.404227 7.478586 7.562276 7.67778 7.746989 7.764721 7.739603 7.700417 7.740437
7.596221 7.480717 7.365213 7.249709 7.134205 7.041478 6.968105 6.907371 6.85083 6.808699 6.810298 6.89456 6.98842 7.088304 7.201978 7.311105 7.384478 7.427048 7.427048 7.398051 7.35592 7.298844 7.267101 7.324853 7.312502 7.22824 7.196288 7.180667 7.165047 7.154097 7.154097 7.097417 6.997534 6.932869 6.875117 6.817365 6.814324 6.903318 7.016295 7.142689 7.206636 7.238238 7.149244 7.041432 6.910307 6.846207 6.808807 6.75139 6.708193 6.708193 6.776441 6.907566 7.038691 7.17044 7.312454 7.403103 7.387482 7.381145 7.381145 7.417494 7.454096 7.454096 7.466583 7.497825 7.525905 7.552415 7.608186 7.674577 7.77446 7.834445 7.850066 7.822837 7.781583 7.823715
7.769477 7.653973 7.538469 7.422965 7.307461 7.196703 7.089977 7.022875 6.96892 6.960142 6.960475 6.978031 7.025679 7.092209 7.201978 7.316154 7.422879 7.4848 7.4848 7.478758 7.46998 7.414348 7.382605 7.440357 7.460934 7.443377 7.401878 7.352904 7.303931 7.2696 7.2696 7.231847 7.165317 7.106124 7.048373 6.990621 7.01245 7.168149 7.240889 7.267224 7.32214 7.341855 7.186155 7.026535 6.862058 6.907711 7.037075 6.982398 6.939201 6.939201 7.024808 7.189286 7.353764 7.513123 7.588431 7.623242 7.574269 7.5544 7.5544 7.561974 7.5696 7.5696 7.608747 7.706695 7.712345 7.672149 7.72369 7.783242 7.849772 7.90799 7.956963 7.963087 7.954492 7.96327
7.875697 7.784677 7.669173 7.553669 7.438165 7.322661 7.207157 7.118496 7.042552 7.042552 7.051054 7.075629 7.135689 7.218016 7.307938 7.398867 7.489796 7.552869 7.577444 7.56819 7.543616 7.534322 7.540661 7.598413 7.639787 7.664362 7.626196 7.567694 7.485367 7.427656 7.427656 7.40883 7.375652 7.321932 7.26931 7.260708 7.292421 7.391953 7.443416 7.46799 7.433321 7.373505 7.224824 7.109072 7.034115 7.101511 7.225617 7.146682 7.091298 7.115872 7.217833 7.391089 7.544957 7.687008 7.720186 7.739749 7.731146 7.727656 7.727656 7.706454 7.688329 7.712903 7.763999 7.854928 7.895776 7.911747 7.943834 7.977011 8.010188 8.043365 8.076543 8.085104 8.085104 8.085104
7.958146 7.90018 7.784677 7.669125 7.553445 7.437956 7.322628 7.207299 7.100898 7.100723 7.120589 7.178341 7.271686 7.387366 7.451746 7.509349 7.567101 7.624779 7.682355 7.660676 7.6031 7.65586 7.713613 7.771365 7.829204 7.887131 7.8569 7.797389 7.682061 7.601163 7.600988 7.600812 7.600637 7.552332 7.506636 7.564388 7.600608 7.600608 7.637418 7.694819 7.542861 7.380424 7.265446 7.227463 7.284863 7.34239 7.399966 7.287479 7.215727 7.273304 7.390997 7.564077 7.691595 7.800314 7.80049 7.819427 7.877179 7.900504 7.900328 7.850933 7.808794 7.866547 7.924298 7.98205 8.078271 8.193599 8.200747 8.200572 8.200397 8.200304 8.200304 8.200434 8.200611 8.200963
8.07365 8.015684 7.90018 7.775551 7.626519 7.513739 7.431764 7.349788 7.271569 7.23804 7.236094 7.293845 7.407683 7.556716 7.595555 7.624853 7.682605 7.726281 7.750505 7.741384 7.71716 7.771365 7.829116 7.886868 7.961171 8.052451 8.030156 7.971664 7.889688 7.822199 7.788671 7.755142 7.721613 7.667836 7.62214 7.679892 7.716112 7.716112 7.710145 7.70084 7.633888 7.571509 7.556591 7.54418 7.534875 7.549546 7.57377 7.493539 7.438329 7.462553 7.546894 7.686621 7.780786 7.859981 7.893509 7.934931 7.992682 7.996186 7.962657 7.995011 8.039803 8.097554 8.155306 8.213058 8.286994 8.36897 8.342766 8.309237 8.275708 8.258056 8.258056 8.282932 8.31681 8.383867
8.19825 8.131188 8.015684 7.886948 7.722821 7.611267 7.544385 7.48489 7.428554 7.389061 7.383213 7.440965 7.552859 7.698726 7.739989 7.771973 7.829725 7.855567 7.837308 7.831616 7.831616 7.886868 7.946676 8.013557 8.099934 8.206308 8.187604 8.13041 8.090917 8.045963 7.988212 7.925279 7.858398 7.791516 7.736691 7.785314 7.819212 7.828341 7.80629 7.766796 7.754926 7.757715 7.815467 7.825706 7.777083 7.750175 7.731916 7.674813 7.631616 7.631616 7.686982 7.793356 7.875776 7.950214 7.998837 8.050434 8.108187 8.102719 8.054096 8.1392 8.239194 8.296947 8.358347 8.425228 8.48601 8.543761 8.501884 8.449518 8.382637 8.351747 8.360876 8.406081 8.464339 8.570714
8.346983 8.246693 8.131188 8.011529 7.880755 7.766491 7.666257 7.600394 7.54923 7.576442 7.614221 7.671973 7.722386 7.768196 7.886083 8.00298 8.060733 8.058571 7.973606 7.94712 7.94712 8.002373 8.069691 8.169925 8.256725 8.329747 8.303107 8.247952 8.275164 8.276971 8.219219 8.137361 8.037127 7.936892 7.848713 7.863983 7.889399 7.931881 7.964571 7.991784 7.955592 7.930971 7.988723 8.01386 7.99859 7.93348 7.848516 7.790317 7.74712 7.74712 7.785126 7.858148 7.986155 8.121556 8.136826 8.165938 8.22369 8.238045 8.222775 8.28368 8.354697 8.41245 8.487181 8.587415 8.659266 8.717017 8.706378 8.673687 8.573453 8.540795 8.583278 8.637089 8.695 8.768022
