tests/test_data/rstack/jul_temp.asc
ncols         147
nrows         127
xllcorner     -90.06084375
yllcorner     23.864697408444
cellsize      0.096253424
NODATA_value  -9999
[rows 0 to 32 of 127, columns 0 to 73 of 147]
31.24671 31.17445 31.15972 31.13329 31.07553 31.00248 30.91643 30.85327 30.79333 30.70728 30.61103 30.49553 30.40646 30.33398 30.24851 30.15925 30.05847 29.95151 29.83601 29.77039 29.72736 29.71141 29.687 29.62924 29.57149 29.51374 29.53279 29.5745 29.5745 29.60023 29.68629 29.74792 29.79095 29.83397 29.86956 29.84126 29.78593 29.68516 29.51031 29.29402 29.11688 28.96401 28.9051 28.79564 28.62353 28.43037 28.22881 27.94148 27.5945 27.07474 26.78071 26.69466 26.81227 26.98445 27.1577 27.35495 27.60183 27.62596 27.49803 27.71591 27.96606 28.06569 28.08522 27.98444 27.9699 27.99821 27.9597 27.89879 27.76857 27.67854 27.63321 27.48204 27.293 27.00309
31.22219 31.11657 31.06849 31.01778 30.96003 30.92304 30.90369 30.85327 30.7985 30.77915 30.72654 30.61103 30.50147 30.39564 30.24736 30.10655 30.03912 29.95151 29.83601 29.79334 29.78367 29.73725 29.687 29.62924 29.57149 29.51374 29.50737 29.51675 29.51675 29.52254 29.54188 29.55574 29.56541 29.57509 29.58776 29.62617 29.62511 29.55769 29.41619 29.23326 29.05913 28.88248 28.69017 28.56647 28.52777 28.42032 28.28547 27.99923 27.65225 27.13249 26.87318 26.85383 26.88028 26.92669 27.09995 27.35154 27.76519 27.99572 28.10126 28.2073 28.29069 28.22355 28.1563 28.08888 28.04084 28.00244 27.99094 27.94971 27.78613 27.56799 27.28919 27.05303 26.82959 26.40627
31.21508 31.0997 31.01827 30.94328 30.88553 30.859 30.859 30.85059 30.841 30.841 30.80104 30.68554 30.54093 30.37807 30.22694 30.09126 30.03351 29.96145 29.86963 29.8247 29.80102 29.72209 29.64066 29.55923 29.50118 29.4671 29.47704 29.5 29.5 29.48584 29.43848 29.418 29.418 29.3982 29.38302 29.44077 29.45546 29.39771 29.28107 29.1315 28.96038 28.78527 28.60162 28.5 28.5 28.40047 28.26129 27.97498 27.65187 27.22682 27.023 27.023 27.023 27.0411 27.35644 27.66555 27.96181 28.15682 28.28272 28.3294 28.34695 28.25513 28.16745 28.08602 27.94131 27.76516 27.6431 27.50375 27.28313 26.87957 26.27259 26.01484 25.87565 25.46099
31.21508 31.09958 30.98479 30.88553 30.82778 30.80124 30.80124 30.84681 30.89875 30.89875 30.85879 30.74329 30.5577 30.32813 30.19863 30.09126 30.03351 29.97545 29.91698 29.8595 29.80247 29.69018 29.5754 29.46062 29.40214 29.40142 29.44471 29.5 29.5 29.46589 29.35183 29.30249 29.30249 29.25482 29.20977 29.26752 29.28221 29.22446 29.12921 29.01298 28.84488 28.68165 28.56471 28.5 28.5 28.37662 28.20408 27.91723 27.62775 27.33611 27.19626 27.19626 27.19626 27.22585 27.74129 28.10924 28.17204 28.23269 28.29188 28.30062 28.29357 28.2351 28.15412 28.03934 27.77213 27.42922 27.1404 26.8548 26.56748 25.95507 24.98121 24.72778 24.7213 24.37335
31.32809 31.21246 31.06433 30.94079 30.88304 30.8565 30.8565 30.87683 30.90253 30.93516 30.93912 30.88889 30.70753 30.44388 30.31103 30.19933 30.10895 30.03226 29.97451 29.8943 29.80391 29.65827 29.51748 29.40198 29.31128 29.24601 29.2745 29.33048 29.33048 29.32522 29.30761 29.28148 29.24885 29.19522 29.14612 29.17124 29.16546 29.10771 28.99199 28.84385 28.70255 28.58385 28.56625 28.51278 28.41488 28.16975 27.86596 27.64115 27.47522 27.48016 27.43157 27.33367 27.51898 27.78178 28.07311 28.25644 28.21629 28.21493 28.24005 28.24349 28.23163 28.14125 27.89736 27.42289 26.88129 26.30634 25.81606 25.33819 24.88626 24.47704 24.11528 24.04615 24.07891 24.12399
31.4639 31.35636 31.17487 31.02481 30.95883 30.91961 30.90314 30.9 30.90448 30.96223 30.9943 30.97783 30.80924 30.54518 30.41955 30.31103 30.19553 30.09736 30.02314 29.9205 29.805 29.62636 29.45788 29.33414 29.2226 29.12356 29.13146 29.17149 29.17149 29.18629 29.23581 29.22445 29.1667 29.10895 29.05809 29.06632 29.05302 29.00351 28.87992 28.7149 28.60241 28.51721 28.53379 28.45087 28.24468 27.93806 27.59144 27.44773 27.39477 27.60107 27.6484 27.54924 27.86034 28.26177 28.34434 28.36505 28.25778 28.20447 28.188 28.17154 28.12695 27.89616 27.48388 26.79898 26.13058 25.47038 24.91836 24.37537 23.83902 23.58403 23.6419 23.60193 23.53181 23.82891
31.66168 31.58724 31.3724 31.18899 31.08965 30.99905 30.91588 30.9 30.90448 30.96223 30.97122 30.88805 30.75521 30.59122 30.50675 30.42654 30.31103 30.18486 30.04393 29.9205 29.805 29.59445 29.39262 29.23553 29.14002 29.10769 29.08063 29.05598 29.05598 29.06081 29.07698 29.0512 28.99345 28.9357 28.88831 28.9299 28.94995 28.93379 28.84355 28.71189 28.63276 28.54525 28.39507 28.16028 27.82067 27.64301 27.52985 27.5212 27.5428 27.64905 27.80463 28.00566 28.24854 28.48512 28.43428 28.37591 28.302 28.22258 28.13941 28.05623 27.89242 27.1947 26.60874 26.19066 25.85594 25.56262 25.37748 25.16034 24.79076 24.51302 24.33742 23.84126 23.24096 23.33795
31.8297 31.78843 31.55742 31.34849 31.19861 31.05803 30.92533 30.88609 30.87338 30.91395 30.91835 30.85441 30.75879 30.64329 30.57877 30.50968 30.37699 30.23448 30.07841 29.93843 29.80574 29.57899 29.35711 29.16667 29.07024 29.07024 29.03933 29 29 29.00514 29.02233 28.99699 28.93924 28.89585 28.86196 28.88534 28.9 28.9 28.83695 28.73864 28.67722 28.5886 28.35759 28.05687 27.6698 27.55952 27.55952 27.66704 27.7547 27.77808 27.99648 28.39455 28.54746 28.62412 28.5258 28.4239 28.31459 28.15052 27.94908 27.73281 27.42838 26.55591 25.93048 25.67609 25.5145 25.39899 25.31118 25.22947 25.16415 24.95234 24.57764 23.97849 23.3069 23.1694
31.96972 31.96169 31.73068 31.5036 31.28701 31.09775 30.9317 30.85911 30.81305 30.82026 30.83747 30.87359 30.81654 30.70104 30.63652 30.56238 30.39634 30.24848 30.12577 29.97323 29.80718 29.57899 29.34961 29.12581 29.01249 29.01249 29.00699 29 29 29.01511 29.06565 29.05474 28.99699 28.98149 28.9705 28.92717 28.9 28.9 28.85834 28.79338 28.73497 28.64635 28.41534 28.12952 27.7758 27.67503 27.67503 27.88096 28.02665 27.98332 28.22181 28.71994 28.7624 28.68379 28.61882 28.5068 28.29743 27.99366 27.62545 27.21364 26.74849 25.97607 25.43737 25.24969 25.11024 24.99473 24.75073 24.62535 24.99362 24.93113 24.38967 24.01969 23.70838 23.30406
32.02604 31.99905 31.7419 31.48475 31.2276 31.0158 30.84255 30.76274 30.7115 30.73764 30.77472 30.83247 30.79983 30.71046 30.64901 30.57773 30.43062 30.29678 30.18127 30.00803 29.80863 29.55398 29.31449 29.13577 29.05817 29.08431 29.11045 29.135 29.10886 29.09998 29.13159 29.14216 29.13669 29.09209 29.04197 29.01035 28.98078 28.95464 28.8747 28.76467 28.60707 28.44648 28.2939 28.13643 27.97291 28.0198 28.15051 28.17417 28.23527 28.41279 28.63239 28.89074 28.83352 28.69519 28.61129 28.43687 28.07515 27.68815 27.28389 26.96512 26.64608 26.23514 25.89831 25.67277 25.36355 25.01277 24.54869 24.27913 24.79343 24.76599 24.13619 23.86046 23.71119 23.87657
32.0472 31.98687 31.69985 31.41283 31.12582 30.89936 30.72436 30.64563 30.59844 30.65619 30.71395 30.7717 30.76062 30.70636 30.65055 30.58554 30.47003 30.35453 30.23902 30.04402 29.81301 29.53009 29.28343 29.16967 29.14058 29.19833 29.25343 29.30432 29.24831 29.20957 29.21132 29.24089 29.29167 29.2049 29.10302 29.10302 29.08019 29.01895 28.88476 28.70976 28.43444 28.19095 28.14017 28.13942 28.20066 28.41089 28.68048 28.46627 28.41644 28.87846 29.06903 29.00954 28.86167 28.69317 28.57418 28.31835 27.77942 27.33191 26.94681 26.79582 26.69653 26.69304 26.57693 26.29166 25.77836 25.1518 24.47605 24.05212 24.61744 24.59849 23.92986 23.72611 23.69407 24.61462
31.84943 31.75599 31.50232 31.24866 30.99499 30.76582 30.55747 30.49936 30.48294 30.54069 30.59844 30.65619 30.68611 30.69854 30.68 30.64329 30.52778 30.41228 30.29678 30.10177 29.87077 29.65166 29.4642 29.38379 29.37159 29.42934 29.4336 29.42085 29.39819 29.3928 29.4279 29.39619 29.31356 29.23278 29.16077 29.16077 29.11307 28.98512 28.80562 28.59727 28.37962 28.21473 28.29735 28.40022 28.52817 28.49504 28.39775 28.34154 28.41644 28.87846 29.05168 28.95883 28.83023 28.68934 28.50365 28.0833 27.17748 26.79918 26.78096 26.70909 26.63002 26.55983 26.43034 26.21177 25.83203 25.37223 24.95696 24.69728 25.02913 25.10835 24.90666 25.04612 25.31043 26.16427
31.65951 31.54362 31.32331 31.09718 30.85547 30.62533 30.40502 30.37161 30.38679 30.45523 30.51628 30.56334 30.61696 30.67472 30.68148 30.664 30.54849 30.43299 30.31749 30.13721 29.92759 29.763 29.62404 29.56629 29.58139 29.67123 29.64044 29.57376 29.56306 29.56324 29.5889 29.51989 29.37873 29.31623 29.27074 29.23865 29.15792 28.99535 28.7889 28.55789 28.40862 28.32157 28.48413 28.59892 28.65451 28.4608 28.16777 28.20924 28.35818 28.8095 28.97136 28.86656 28.78707 28.70526 28.47425 27.97003 26.90056 26.55312 26.69856 26.61333 26.49084 26.36463 26.22818 26.07631 25.83728 25.55494 25.43088 25.37411 25.53666 25.6972 25.85549 26.21533 26.64841 27.38207
31.48626 31.37049 31.18353 30.9726 30.69754 30.47011 30.28315 30.28309 30.33162 30.43342 30.50474 30.51844 30.55921 30.61696 30.62373 30.60625 30.49074 30.37524 30.25973 30.12537 29.98246 29.85266 29.73954 29.68179 29.74629 29.93619 29.90378 29.80375 29.7597 29.70657 29.63218 29.57667 29.53556 29.51736 29.4913 29.35915 29.2281 29.09889 28.9044 28.6734 28.61515 28.60439 28.7336 28.66605 28.35477 28.17579 28.04953 28.06093 28.17652 28.59449 28.75772 28.68626 28.71906 28.76301 28.53201 28.11473 27.31208 26.91432 26.79293 26.49842 26.1977 26.03815 25.90833 25.82317 25.73998 25.65776 25.89 26.11804 26.24725 26.4534 26.7451 27.06512 27.39676 27.89694
31.313 31.19728 31.02403 30.84073 30.63057 30.46161 30.32765 30.317 30.34146 30.43731 30.5 30.5 30.52341 30.56151 30.54863 30.52042 30.44421 30.35976 30.26391 30.15453 30.03902 29.90472 29.79142 29.75332 29.82866 30.02037 29.99293 29.89763 29.82023 29.74319 29.66699 29.64518 29.66483 29.65162 29.61594 29.44269 29.29829 29.20243 29.01991 28.7889 28.76805 28.75712 28.69577 28.49935 28.13558 27.9766 27.8992 27.95591 28.10188 28.50615 28.65971 28.58231 28.68811 28.82302 28.63131 28.30186 27.68744 27.25417 26.94456 26.55329 26.19739 26.16168 26.14858 26.16943 26.17635 26.17635 26.48136 26.76393 26.87944 27.11363 27.47979 27.75936 28.00982 28.35513
31.13975 31.02403 30.85077 30.70378 30.62703 30.55542 30.48817 30.43629 30.39662 30.45912 30.5 30.5 30.50292 30.50767 30.46143 30.41501 30.40551 30.37376 30.31126 30.21228 30.09678 29.93056 29.79893 29.79418 29.85348 29.97848 29.96059 29.89662 29.78586 29.70538 29.69589 29.72186 29.77486 29.73925 29.67369 29.50044 29.36847 29.30597 29.13541 28.9044 28.88355 28.81913 28.45761 28.16957 27.97257 27.83724 27.72649 27.88107 28.10188 28.50615 28.64235 28.5316 28.68298 28.8846 28.7596 28.51859 28.03758 27.57915 27.13613 26.72655 26.40128 26.59904 26.77942 26.93368 26.98488 26.98488 27.16494 27.34145 27.45696 27.70694 28.10645 28.34514 28.52855 28.7738
31.01602 30.90051 30.78447 30.68428 30.62653 30.56878 30.51103 30.47642 30.45179 30.48094 30.4901 30.4615 30.46805 30.49665 30.47427 30.44953 30.44953 30.42528 30.36753 30.25034 30.10624 29.96161 29.84309 29.81448 29.81466 29.84435 29.8292 29.79916 29.74087 29.7 29.7 29.66785 29.61118 29.5297 29.43726 29.29261 29.18035 29.1226 29.04546 28.95747 28.84544 28.69976 28.40991 28.18492 28.04027 27.95737 27.89907 28.15293 28.39812 28.60216 28.68455 28.65485 28.718 28.7976 28.7393 28.56809 28.16329 27.80947 27.49048 27.22131 27.01715 27.19095 27.34167 27.45772 27.49623 27.49623 27.6585 27.83751 28.03883 28.25497 28.48761 28.65497 28.80052 29.03153
30.91198 30.79251 30.73475 30.67815 30.6246 30.57105 30.5175 30.50388 30.49967 30.49547 30.47419 30.42064 30.43807 30.50002 30.50728 30.50728 30.50728 30.48127 30.41931 30.28365 30.1146 29.99677 29.89333 29.83137 29.77149 29.71374 29.7 29.69987 29.69567 29.68895 29.67633 29.57256 29.39931 29.27432 29.1597 29.0526 28.96704 28.9177 28.92895 28.97408 28.77948 28.57137 28.41073 28.27213 28.16083 28.14115 28.15797 28.47012 28.70622 28.70202 28.72568 28.77502 28.74319 28.69272 28.69272 28.58529 28.2556 28.02387 27.85903 27.74401 27.66392 27.7626 27.84492 27.90268 27.93027 27.94288 28.10596 28.30117 28.58152 28.75846 28.82042 28.91586 29.02416 29.24676
30.88746 30.73475 30.677 30.62947 30.60928 30.58908 30.56889 30.53465 30.49709 30.45953 30.42798 30.40779 30.45856 30.55387 30.56503 30.56503 30.56503 30.52502 30.42971 30.3066 30.17091 30.05453 29.94357 29.84826 29.77149 29.71374 29.7 29.69885 29.66129 29.60128 29.4886 29.34155 29.1683 29.04332 28.93565 28.89526 28.87641 28.89377 28.86478 28.80986 28.69725 28.5892 28.52862 28.46028 28.38234 28.46756 28.61779 28.7025 28.75557 28.71801 28.69096 28.6736 28.654 28.63497 28.63497 28.57101 28.37473 28.23677 28.13863 28.09032 28.05067 28.01595 28.01818 28.07593 28.17038 28.28305 28.45247 28.634 28.84765 29.00526 29.10057 29.15513 29.19672 29.35261
30.90507 30.74531 30.6744 30.61562 30.58931 30.57722 30.57722 30.54114 30.49654 30.45195 30.41823 30.40507 30.47906 30.60772 30.62279 30.62279 30.62279 30.5743 30.45879 30.35234 30.25 30.13507 30.01956 29.90406 29.81706 29.75931 29.74557 29.7434 29.67249 29.57491 29.41482 29.26219 29.11525 28.99459 28.88839 28.86207 28.86219 28.90679 28.84871 28.73321 28.69419 28.6707 28.68386 28.6771 28.64566 28.75485 28.92007 28.82715 28.73988 28.68212 28.63807 28.60663 28.61038 28.62354 28.6367 28.61222 28.50987 28.43403 28.37628 28.357 28.33387 28.24468 28.20896 28.25356 28.3929 28.57932 28.74108 28.90388 29.07714 29.21681 29.31916 29.3651 29.39207 29.48125
30.98735 30.86069 30.75642 30.65522 30.5622 30.51946 30.51946 30.51037 30.49913 30.48789 30.46445 30.41793 30.49955 30.66156 30.68054 30.68054 30.68054 30.63205 30.51654 30.43305 30.36406 30.25057 30.13507 30.01956 29.93256 29.87481 29.86107 29.85789 29.75363 29.64264 29.5159 29.41554 29.33531 29.2256 29.11244 29.01941 28.96526 28.97651 28.90647 28.79096 28.81262 28.8499 28.89641 28.9379 28.97317 28.98211 28.98056 28.78649 28.62437 28.56662 28.55729 28.59256 28.6367 28.68321 28.72972 28.73859 28.6696 28.60729 28.54954 28.50148 28.45812 28.43564 28.42664 28.43788 28.58844 28.80821 28.94085 29.07714 29.25039 29.37428 29.44327 29.53009 29.62238 29.64486
31.03711 30.89965 30.80626 30.71287 30.61948 30.56462 30.54251 30.53829 30.53829 30.53829 30.52596 30.49032 30.55586 30.68489 30.71952 30.73494 30.71283 30.66079 30.5674 30.48332 30.40346 30.31065 30.22224 30.15096 30.07544 29.99558 29.97658 29.97372 29.88033 29.78033 29.66483 29.56955 29.48968 29.38003 29.26452 29.14902 29.0436 28.95515 28.90607 28.87902 28.96935 29.05556 29.06909 29.07274 29.06416 29.0046 28.92473 28.71796 28.55273 28.51709 28.50704 28.52057 28.56898 28.62928 28.73125 28.79559 28.78206 28.76854 28.75501 28.70333 28.65025 28.62814 28.61487 28.61487 28.73966 28.92645 29.04647 29.17835 29.37372 29.50392 29.56167 29.62946 29.70023 29.72234
31.07034 30.89978 30.83974 30.7797 30.71966 30.6621 30.60663 30.59604 30.59604 30.59604 30.59525 30.59296 30.63038 30.6927 30.74897 30.78765 30.73218 30.6748 30.61476 30.51812 30.4049 30.34256 30.29501 30.29044 30.23223 30.11902 30.09208 30.09025 30.03021 29.95358 29.83808 29.72388 29.61066 29.49553 29.38003 29.26452 29.10937 28.8875 28.87612 28.98248 29.14554 29.27468 29.22151 29.14355 29.03491 28.923 28.80978 28.63526 28.50338 28.5011 28.47232 28.41914 28.45348 28.5176 28.68628 28.81733 28.87051 28.92369 28.97686 28.93434 28.87688 28.82142 28.78812 28.78812 28.86835 28.98843 29.10422 29.24294 29.47166 29.61943 29.67718 29.69547 29.70058 29.75604
31.1802 31.00737 30.94962 30.88341 30.79459 30.72257 30.66482 30.62866 30.59759 30.56653 30.56771 30.62984 30.68928 30.74703 30.80478 30.84975 30.82307 30.7703 30.68148 30.59568 30.51124 30.45233 30.39359 30.33146 30.25832 30.17388 30.17747 30.20677 30.18008 30.11755 29.97098 29.84204 29.72654 29.637 29.53635 29.29658 29.10641 28.99967 29.01553 29.09996 29.20868 29.30078 29.30516 29.24212 29.09555 28.92676 28.74913 28.63691 28.54596 28.5149 28.46994 28.41219 28.49458 28.61575 28.75793 28.90298 29.05393 29.13103 29.15771 29.11155 29.0538 28.99605 28.94896 28.91789 28.964 29.04844 29.16197 29.29479 29.49473 29.62735 29.6851 29.67695 29.64649 29.67317
31.28416 31.11131 31.04689 30.96856 30.85306 30.76517 30.70076 30.64173 30.5845 30.53341 30.54227 30.66444 30.74703 30.80478 30.85665 30.89899 30.89232 30.84276 30.73393 30.66484 30.61376 30.54991 30.47699 30.37482 30.29458 30.23683 30.25694 30.3 30.3 30.25218 30.09226 29.95754 29.84204 29.76367 29.66592 29.33941 29.13215 29.12548 29.16012 29.21788 29.26956 29.32065 29.37173 29.32559 29.159 28.95588 28.73821 28.67127 28.60853 28.55078 28.49997 28.45555 28.57235 28.7301 28.85227 29.00339 29.2144 29.30792 29.32126 29.27901 29.22705 29.1693 29.11155 29.0538 29.06431 29.10873 29.21972 29.3457 29.51229 29.62735 29.6851 29.6522 29.58853 29.59519
31.34191 31.16894 31.07116 30.96856 30.85306 30.74714 30.64937 30.58398 30.52933 30.5116 30.55381 30.70933 30.80478 30.86253 30.88495 30.89394 30.85392 30.79902 30.72353 30.6878 30.67006 30.57576 30.49201 30.45655 30.41008 30.35233 30.32161 30.3 30.3 30.27213 30.17891 30.07305 29.95754 29.82341 29.67636 29.44991 29.29297 29.25295 29.27563 29.33338 29.35472 29.37246 29.39019 29.34049 29.20725 29.06134 28.91037 28.81172 28.72404 28.66629 28.65019 28.67248 28.75073 28.84752 29.00304 29.14404 29.25499 29.34757 29.42761 29.42329 29.40031 29.34256 29.28481 29.22705 29.193 29.17071 29.27748 29.39662 29.52985 29.62735 29.6851 29.62746 29.53112 29.57114
31.37261 31.19957 31.08407 30.97282 30.87293 30.75616 30.62504 30.55327 30.5 30.5 30.55454 30.71217 30.80844 30.86619 30.87295 30.86894 30.84243 30.8028 30.74505 30.70555 30.6743 30.59234 30.52705 30.52705 30.51396 30.48745 30.41332 30.32657 30.31095 30.2874 30.24527 30.1615 30.046 29.88222 29.7106 29.55296 29.44421 29.4177 29.41518 29.42607 29.39863 29.36738 29.33614 29.26029 29.12916 29.05389 29.00087 28.91712 28.8356 28.76223 28.77337 28.86236 28.93903 29.01455 29.12532 29.22391 29.29728 29.38641 29.48629 29.48652 29.46947 29.44296 29.41645 29.38994 29.34256 29.28481 29.38932 29.49522 29.56386 29.62735 29.6851 29.62589 29.52749 29.56962
31.37261 31.19957 31.08407 30.98189 30.91536 30.79588 30.6314 30.55327 30.5 30.5 30.543 30.66728 30.75068 30.80844 30.8152 30.82128 30.86148 30.86056 30.8028 30.71739 30.61944 30.5984 30.5848 30.5848 30.60464 30.64484 30.53574 30.3833 30.33433 30.29737 30.2886 30.21926 30.10375 29.93997 29.77183 29.64755 29.58459 29.62478 29.58202 29.49285 29.39569 29.29774 29.1998 29.07213 28.90766 28.91829 28.99868 28.98273 28.9427 28.83598 28.86584 29.02154 29.1386 29.2379 29.21526 29.23478 29.3415 29.42434 29.49087 29.45775 29.42047 29.46067 29.50087 29.54106 29.51581 29.45806 29.56258 29.64796 29.61654 29.62735 29.6851 29.65064 29.58489 29.59367
31.34813 31.19957 31.08407 30.97759 30.89527 30.76378 30.59053 30.49084 30.4149 30.4149 30.45486 30.57036 30.66548 30.74781 30.77914 30.80874 30.86649 30.87576 30.818 30.73742 30.64649 30.64255 30.64809 30.67266 30.70148 30.73466 30.62924 30.48184 30.37494 30.3 30.3 30.2484 30.15747 30.01827 29.87818 29.81182 29.77342 29.78202 29.71103 29.59553 29.41296 29.23686 29.12136 29.02397 28.94901 29.01025 29.12576 29.07932 29.02583 28.95947 29.01783 29.19109 29.28001 29.33924 29.28148 29.27218 29.36311 29.43432 29.49207 29.47138 29.45013 29.50788 29.56563 29.62339 29.6368 29.6282 29.6898 29.74079 29.73219 29.73173 29.74033 29.6997 29.64255 29.64255
31.31477 31.19927 31.08394 30.96852 30.85284 30.70613 30.53305 30.40655 30.29997 30.29962 30.33935 30.45486 30.57058 30.68643 30.75114 30.80902 30.86659 30.87576 30.818 30.76037 30.7028 30.70014 30.71297 30.77054 30.79978 30.79996 30.71211 30.59502 30.42212 30.30081 30.30046 30.26753 30.20978 30.1039 30.00061 30.00061 29.97901 29.92108 29.82601 29.71015 29.43748 29.18012 29.06514 29.02716 29.08456 29.18338 29.29871 29.18735 29.10122 29.10122 29.19121 29.36411 29.40047 29.39699 29.33924 29.31912 29.37687 29.43452 29.4921 29.5 29.5076 29.56553 29.62346 29.68139 29.73931 29.79724 29.80058 29.81211 29.86969 29.87274 29.81516 29.75745 29.70031 29.70048
31.25702 31.14164 31.05967 30.95944 30.81041 30.6664 30.52668 30.40655 30.2948 30.22774 30.22385 30.33935 30.49606 30.67862 30.78059 30.86172 30.88595 30.87576 30.818 30.78333 30.7591 30.72598 30.70546 30.72968 30.7585 30.79202 30.73753 30.65481 30.54861 30.45412 30.38706 30.32528 30.26753 30.18953 30.11611 30.11611 30.08208 29.9908 29.84098 29.65842 29.47075 29.31345 29.29853 29.28612 29.27682 29.33279 29.41476 29.36846 29.33222 29.33222 29.3875 29.4937 29.48966 29.45474 29.39699 29.37687 29.43463 29.47245 29.49668 29.5 29.51198 29.60326 29.69454 29.78582 29.8771 29.96838 29.91136 29.86302 29.88725 29.88853 29.86431 29.81521 29.75841 29.79193
31.20598 31.09975 31.03287 30.93952 30.7754 30.63756 30.52205 30.40655 30.29317 30.20505 30.18423 30.2906 30.45673 30.66035 30.80229 30.91442 30.9053 30.87959 30.83097 30.80952 30.80039 30.74475 30.70206 30.71119 30.7353 30.7748 30.74018 30.68327 30.6529 30.59708 30.48158 30.39884 30.34109 30.27571 30.21581 30.21581 30.17615 30.06977 29.89518 29.68243 29.54985 29.45771 29.51547 29.52571 29.47708 29.49147 29.53097 29.52264 29.51811 29.52724 29.55692 29.60555 29.57025 29.51197 29.44509 29.41584 29.46447 29.48962 29.49875 29.51575 29.54557 29.65195 29.76562 29.89025 30.00269 30.10906 30.02473 29.94368 29.92542 29.92013 29.92926 29.90231 29.86355 29.89391
31.17275 31.09963 30.9994 30.89085 30.76008 30.63756 30.52205 30.40655 30.30092 30.31287 30.34594 30.41897 30.51075 30.61431 30.80343 30.96713 30.92465 30.89359 30.87832 30.84432 30.80184 30.74475 30.70957 30.75205 30.76013 30.73291 30.68243 30.62857 30.69826 30.71258 30.59708 30.51435 30.4566 30.36333 30.27356 30.27356 30.24633 30.17331 30.05346 29.90742 29.75051 29.63097 29.68872 29.71386 29.69859 29.67478 29.64757 29.60534 29.58427 29.62675 29.65507 29.67034 29.628 29.56781 29.46757 29.40498 29.42024 29.45169 29.49417 29.57331 29.6567 29.72972 29.8367 29.99469 30.09591 30.16893 30.14496 30.10326 30.01829 29.99368 30.03616 30.06731 30.09351 30.02382
