tests/test_data/rstack/jul_temp.asc
ncols         147
nrows         127
xllcorner     -90.06084375
yllcorner     23.864697408444
cellsize      0.096253424
NODATA_value  -9999
[rows 33 to 65 of 127, columns 0 to 73 of 147]
31.17555 31.09957 30.98407 30.86856 30.75306 30.63756 30.52205 30.42118 30.33579 30.39354 30.44504 30.4847 30.56882 30.68082 30.84999 30.99673 30.97515 30.94744 30.91127 30.8727 30.83303 30.75876 30.71301 30.77076 30.77149 30.71374 30.66977 30.63374 30.71307 30.73956 30.64214 30.57749 30.53782 30.44988 30.36073 30.34265 30.32326 30.30168 30.21986 30.10436 29.93632 29.80423 29.86198 29.87778 29.84161 29.79001 29.73226 29.6923 29.67718 29.73493 29.78145 29.81761 29.76542 29.68731 29.5718 29.48804 29.46996 29.50769 29.58353 29.69359 29.80151 29.85927 29.94873 30.08582 30.19406 30.28798 30.29394 30.27025 30.15475 30.10416 30.12574 30.17416 30.23049 30.15115
31.20878 31.09957 30.98407 30.86856 30.75306 30.63756 30.52205 30.44816 30.39354 30.45129 30.49125 30.49756 30.6303 30.84236 30.93491 31.00683 31.05195 31.03494 30.93207 30.89565 30.88934 30.7846 30.71301 30.77076 30.77149 30.71374 30.69519 30.68945 30.70208 30.69178 30.62771 30.59642 30.5901 30.53551 30.47276 30.42132 30.40589 30.45101 30.39312 30.27762 30.10957 29.97748 30.03523 30.02124 29.91837 29.84776 29.79001 29.78285 29.79268 29.85043 29.93167 30.03454 29.97011 29.86056 29.74506 29.65043 29.599 29.64302 29.75221 29.86684 29.97477 30.03252 30.09532 30.16571 30.29638 30.45701 30.46719 30.44351 30.328 30.24583 30.20071 30.23191 30.28893 30.2763
31.18814 31.09957 30.98407 30.86856 30.75306 30.63756 30.52205 30.45327 30.40448 30.46223 30.51871 30.57278 30.70235 30.87928 31.0226 31.141 31.14468 31.10968 31.02121 30.95641 30.90234 30.81536 30.75373 30.78445 30.78484 30.75412 30.74682 30.74682 30.74682 30.73763 30.70692 30.69363 30.69363 30.64536 30.5876 30.52985 30.50508 30.5358 30.52476 30.49037 30.32965 30.18792 30.1916 30.15412 30.06565 29.99915 29.94139 29.94045 29.96181 30.0466 30.17552 30.3451 30.33243 30.26634 30.1238 29.99127 29.87945 29.83845 29.84581 29.94647 30.06149 30.17332 30.25272 30.28344 30.37326 30.49244 30.5 30.47632 30.36081 30.28546 30.25474 30.2696 30.30028 30.32732
31.16017 31.09956 30.98142 30.86328 30.74514 30.62985 30.51698 30.45297 30.40904 30.4668 30.54362 30.65648 30.76935 30.88222 31.09473 31.27835 31.22588 31.17119 31.11344 31.01775 30.90488 30.84727 30.80397 30.80133 30.8 30.8 30.8 30.80008 30.80272 30.80536 30.80799 30.80914 30.80914 30.76086 30.70311 30.64536 30.61012 30.61276 30.64905 30.70416 30.55392 30.40388 30.34877 30.2913 30.23091 30.17429 30.11918 30.11827 30.14738 30.26288 30.43713 30.6655 30.7137 30.70376 30.5305 30.35553 30.177 30.03749 29.92462 30.00879 30.13118 30.29916 30.4 30.4 30.43859 30.49634 30.50247 30.48088 30.36538 30.30457 30.30457 30.30652 30.30971 30.36482
31.1934 31.09944 30.94794 30.79645 30.64495 30.53238 30.45286 30.44919 30.4668 30.52455 30.58983 30.66934 30.74886 30.82837 30.97808 31.11519 31.12943 31.11344 31.05568 30.98295 30.90344 30.87918 30.85421 30.81822 30.8 30.8 30.8 30.8011 30.83709 30.87308 30.90907 30.92464 30.92464 30.87636 30.81861 30.76086 30.73806 30.77405 30.80091 30.82268 30.69976 30.58308 30.56132 30.50741 30.41367 30.3714 30.34964 30.34928 30.37839 30.49389 30.65078 30.8458 30.88696 30.87701 30.70376 30.50705 30.26181 30.11506 30.03555 30.12429 30.23793 30.3392 30.4 30.4 30.43859 30.49634 30.53371 30.53864 30.42313 30.36232 30.36232 30.38902 30.42487 30.44663
31.21508 31.09932 30.91447 30.73593 30.57427 30.46878 30.41103 30.44673 30.50538 30.57472 30.63604 30.6822 30.72836 30.77452 30.86144 30.95028 31.01962 31.04535 31.01078 30.96025 30.9025 30.9 30.887 30.82924 30.79428 30.78269 30.78876 30.80141 30.84757 30.8972 30.95495 30.97335 30.96176 30.92127 30.87511 30.82895 30.81721 30.86337 30.87249 30.8609 30.77587 30.69794 30.68634 30.63352 30.5296 30.5 30.5 30.5114 30.54918 30.66469 30.79818 30.94825 30.97993 30.96998 30.79673 30.59717 30.34318 30.20582 30.14807 30.22979 30.32765 30.3854 30.42007 30.42007 30.45091 30.49707 30.55409 30.58345 30.50272 30.44924 30.42605 30.46292 30.52007 30.52007
31.21508 31.09919 30.88099 30.68726 30.55894 30.46878 30.41103 30.44673 30.50796 30.61066 30.68225 30.69506 30.70787 30.72068 30.74479 30.78207 30.88477 30.95784 30.98998 30.96025 30.9025 30.9 30.887 30.82924 30.77781 30.73287 30.75643 30.80039 30.8132 30.83944 30.8972 30.89667 30.85173 30.83365 30.82084 30.80803 30.80477 30.81758 30.79335 30.74841 30.72105 30.69199 30.64705 30.59066 30.5201 30.5 30.5 30.54421 30.60693 30.72244 30.82121 30.90458 30.92218 30.91223 30.73898 30.57202 30.41809 30.32132 30.26357 30.31652 30.3854 30.44315 30.47782 30.47782 30.48638 30.49919 30.55409 30.60396 30.62329 30.59091 30.50102 30.52067 30.57782 30.57782
31.19461 31.0993 30.90938 30.74531 30.65035 30.5755 30.51775 30.55345 30.6109 30.66477 30.7 30.7 30.71262 30.73317 30.71744 30.71126 30.78568 30.86172 30.94002 30.93882 30.90161 30.86069 30.81585 30.75809 30.72062 30.70396 30.74401 30.79937 30.77883 30.76941 30.78607 30.77216 30.73495 30.71167 30.69542 30.71596 30.72119 30.70064 30.66941 30.63221 30.61016 30.58298 30.52523 30.47666 30.43945 30.42885 30.42885 30.52607 30.62911 30.74461 30.83006 30.88781 30.86758 30.82008 30.66737 30.54018 30.46576 30.40125 30.3435 30.36768 30.40758 30.46533 30.50821 30.52876 30.52185 30.5013 30.53485 30.58048 30.65878 30.66477 30.59035 30.58351 30.6 30.6
31.16138 31.09954 30.97633 30.86989 30.80828 30.74876 30.69101 30.72671 30.7764 30.73021 30.7 30.7 30.73312 30.78702 30.74574 30.70117 30.70887 30.76022 30.87187 30.90402 30.90017 30.79687 30.70034 30.64259 30.63805 30.6881 30.74401 30.79835 30.74446 30.69171 30.64166 30.61783 30.61398 30.56829 30.52564 30.57954 30.59325 30.53935 30.51755 30.51369 30.46431 30.40973 30.35197 30.3183 30.31444 30.31334 30.31334 30.47617 30.62911 30.74461 30.83006 30.88781 30.81495 30.7065 30.58714 30.50416 30.49645 30.45901 30.40125 30.39665 30.40758 30.46533 30.52154 30.57544 30.55732 30.50342 30.50361 30.52957 30.64122 30.69635 30.68864 30.64952 30.6 30.6
31.17923 31.15065 31.03515 30.94339 30.91514 30.88688 30.85863 30.8761 30.89768 30.83993 30.79195 30.76245 30.76844 30.79669 30.74901 30.70447 30.73396 30.7748 30.83131 30.84892 30.84892 30.73841 30.63592 30.57817 30.57743 30.63518 30.67045 30.69518 30.60793 30.53831 30.51006 30.49784 30.49784 30.42491 30.34971 30.37796 30.38515 30.3569 30.34676 30.34676 30.32106 30.29806 30.29931 30.3 30.3 30.3 30.3 30.41238 30.53439 30.67939 30.77898 30.83673 30.7578 30.64399 30.55798 30.5 30.5 30.48321 30.45496 30.45108 30.45866 30.51641 30.56237 30.59062 30.56141 30.50366 30.5 30.51764 30.60364 30.67686 30.73586 30.68634 30.60031 30.62981
31.20508 31.19961 31.09431 31.01766 31.01766 31.02042 31.02552 31.02237 31.01319 30.95543 30.89592 30.83306 30.80256 30.79236 30.74468 30.70797 30.76062 30.79117 30.79117 30.79468 30.79978 30.6895 30.58585 30.52299 30.51716 30.56981 30.58234 30.57912 30.47382 30.39542 30.38013 30.37351 30.37351 30.28548 30.1917 30.1968 30.2 30.2 30.2 30.2 30.20464 30.21821 30.27086 30.30228 30.30738 30.30883 30.30883 30.36062 30.44109 30.60415 30.71505 30.7779 30.70407 30.59669 30.53893 30.5 30.5 30.5 30.5 30.5044 30.51574 30.56839 30.6 30.6 30.56141 30.50366 30.5 30.51184 30.56959 30.64986 30.75517 30.70421 30.6006 30.65835
31.23831 31.19986 31.16126 31.13317 31.13317 31.15396 31.19241 31.16864 31.12869 31.07094 30.99988 30.90368 30.81933 30.74242 30.71638 30.70292 30.72222 30.73342 30.73342 30.75988 30.79834 30.6895 30.57834 30.48213 30.44294 30.46224 30.46683 30.46565 30.42706 30.36551 30.25015 30.20025 30.20025 30.16799 30.13743 30.17588 30.2 30.2 30.2 30.2 30.23498 30.27002 30.28932 30.31717 30.35563 30.36658 30.36658 30.38556 30.42428 30.52063 30.61691 30.71311 30.67263 30.59669 30.53893 30.5 30.5 30.5 30.5 30.53318 30.56912 30.58842 30.6 30.6 30.56141 30.50366 30.5 30.51184 30.56959 30.61828 30.65687 30.6382 30.6006 30.65835
31.30621 31.24867 31.24867 31.24867 31.24867 31.27229 31.31599 31.27761 31.21986 31.16211 31.08437 30.96887 30.85336 30.73786 30.72433 30.72433 30.72433 30.71844 30.70438 30.73975 30.7975 30.6895 30.57399 30.45849 30.40694 30.42099 30.40291 30.37481 30.3467 30.27519 30.10193 30.03497 30.04902 30.06308 30.08169 30.13944 30.17566 30.17566 30.18468 30.19873 30.25254 30.3025 30.31656 30.34385 30.38755 30.4 30.4 30.41382 30.43535 30.47905 30.5528 30.65425 30.64119 30.59749 30.55379 30.52434 30.52434 30.52434 30.52434 30.54991 30.57751 30.59156 30.59438 30.58033 30.53708 30.47933 30.48883 30.51184 30.56959 30.6 30.6 30.6 30.60046 30.64415
31.42171 31.36417 31.36417 31.36417 31.36417 31.36977 31.38011 31.33536 31.27761 31.21986 31.14212 31.02662 30.91112 30.79561 30.78209 30.78209 30.78209 30.76218 30.71478 30.73975 30.7975 30.6895 30.57399 30.45849 30.4234 30.47081 30.40983 30.31502 30.2202 30.10193 29.92868 29.88064 29.92805 29.97545 30.02394 30.08169 30.11791 30.11791 30.14832 30.19572 30.25254 30.30845 30.35585 30.38671 30.39705 30.4 30.4 30.44663 30.48469 30.49504 30.53544 30.60354 30.60975 30.59941 30.58906 30.58209 30.58209 30.58209 30.58209 30.55011 30.52413 30.57154 30.58105 30.53365 30.47933 30.42158 30.46231 30.51184 30.56959 30.6 30.6 30.6 30.60011 30.61045
31.46845 31.47959 31.45658 31.43358 31.41057 31.4 31.4 31.37189 31.33536 31.27761 31.19988 31.08437 30.98301 30.89051 30.85936 30.83287 30.78686 30.75523 30.7435 30.76375 30.7985 30.71151 30.61383 30.49833 30.44563 30.45737 30.33707 30.17766 30.08516 29.98228 29.85504 29.81972 29.85446 29.90844 29.96619 30.02394 30.06874 30.09175 30.12228 30.15703 30.23363 30.30619 30.34093 30.37044 30.39344 30.41645 30.43946 30.47401 30.5 30.5 30.54203 30.62279 30.62169 30.6 30.6 30.6 30.6 30.6 30.6 30.57002 30.54138 30.55312 30.53708 30.47933 30.45232 30.44058 30.47238 30.50712 30.54187 30.57106 30.59406 30.6 30.6 30.6
31.48426 31.59497 31.53861 31.48225 31.42589 31.4 31.4 31.39887 31.39311 31.33536 31.25763 31.14212 31.06125 31.00211 30.94542 30.88053 30.76781 30.72549 30.78045 30.79855 30.79994 30.74342 30.67158 30.55608 30.47046 30.41549 30.22848 30.00542 29.94628 29.88672 29.82618 29.80079 29.80218 29.85069 29.90844 29.96619 30.02342 30.07978 30.10089 30.10228 30.20622 30.30025 30.30164 30.32758 30.38394 30.4403 30.49666 30.49896 30.5 30.5 30.55939 30.67351 30.65313 30.6 30.6 30.6 30.6 30.6 30.6 30.5988 30.59038 30.53541 30.47933 30.42158 30.43914 30.4941 30.49889 30.50029 30.50168 30.5291 30.58546 30.6 30.6 30.6
31.37424 31.48934 31.49551 31.48428 31.42653 31.4 31.4 31.4 31.398 31.37221 31.32644 31.2429 31.15556 31.06585 31.00435 30.9427 30.85916 30.82151 30.8473 30.85534 30.85534 30.80009 30.72933 30.61383 30.49528 30.3736 30.19296 29.99726 29.90755 29.81783 29.72812 29.70745 29.73941 29.81965 29.90603 29.96378 30.02153 30.07928 30.1205 30.15246 30.26042 30.35534 30.35534 30.39541 30.48513 30.50627 30.5001 30.5 30.50805 30.54002 30.59883 30.68237 30.67965 30.65534 30.65534 30.65534 30.65534 30.65534 30.65534 30.62777 30.59242 30.53467 30.47692 30.41917 30.43859 30.49634 30.52994 30.55534 30.55534 30.55242 30.54625 30.56837 30.6 30.6
31.27183 31.38715 31.45246 31.48428 31.42653 31.39591 31.38835 31.38691 31.38691 31.38691 31.36692 31.30917 31.22523 31.12485 31.06211 31.00435 30.9466 30.90992 30.90236 30.9 30.9 30.85198 30.78538 30.66232 30.51447 30.34122 30.17373 30.00933 29.88627 29.7632 29.64014 29.62397 29.68928 29.79655 29.90682 29.97213 30.03463 30.09238 30.15013 30.20788 30.31817 30.41444 30.422 30.47102 30.5714 30.56411 30.51392 30.52053 30.53884 30.58903 30.64315 30.70091 30.71309 30.71309 30.71309 30.71309 30.71309 30.7086 30.70104 30.65018 30.59242 30.53467 30.47994 30.42975 30.44663 30.49682 30.55409 30.59845 30.59089 30.56672 30.52409 30.55033 30.6 30.6
31.21408 31.32952 31.42819 31.48428 31.42653 31.37788 31.33696 31.32915 31.32915 31.32915 31.30917 31.25142 31.20846 31.17479 31.11986 31.06211 31.00435 30.95367 30.91275 30.9 30.9 30.88389 30.83562 30.6792 30.51447 30.34122 30.19914 30.06607 29.90965 29.75323 29.59681 29.58514 29.68381 29.79655 29.9103 30.00897 30.09238 30.15013 30.20788 30.26563 30.37593 30.47814 30.51905 30.55673 30.59041 30.58796 30.57112 30.61109 30.64594 30.66277 30.70091 30.75866 30.77085 30.77085 30.77085 30.77085 30.77085 30.74653 30.70562 30.65018 30.59242 30.53467 30.49327 30.47643 30.4821 30.49893 30.55409 30.59161 30.5507 30.54055 30.56463 30.58334 30.6 30.6
31.17278 31.27183 31.38733 31.45119 31.37692 31.31158 31.25383 31.2428 31.2428 31.2428 31.23425 31.20953 31.2 31.2 31.14901 31.09626 31.07154 31.03295 30.9752 30.9572 30.9572 30.94139 30.88587 30.69609 30.51447 30.34122 30.22456 30.12432 29.98409 29.83399 29.66074 29.64197 29.74096 29.85375 29.96753 30.06652 30.15013 30.20788 30.26563 30.32339 30.41865 30.51324 30.5875 30.6286 30.6286 30.6286 30.6286 30.6854 30.7286 30.7286 30.75006 30.7913 30.8 30.8 30.8 30.8 30.8 30.76568 30.70793 30.63593 30.56599 30.52476 30.5 30.5 30.51104 30.52755 30.55175 30.56633 30.54161 30.54812 30.58936 30.6 30.59983 30.58331
31.14826 31.21408 31.32958 31.38436 31.27674 31.19608 31.13832 31.1273 31.1273 31.1273 31.14183 31.18381 31.2 31.2 31.14901 31.10636 31.14834 31.14846 31.0907 31.0727 31.0727 31.02499 30.93611 30.71298 30.51447 30.34122 30.24998 30.1841 30.11059 30.00725 29.83399 29.7963 29.86193 29.96925 30.07955 30.14519 30.20788 30.26563 30.32339 30.38114 30.44606 30.51918 30.6268 30.68635 30.68635 30.68635 30.68635 30.74315 30.78635 30.78635 30.79045 30.79834 30.8 30.8 30.8 30.8 30.8 30.76568 30.70793 30.60715 30.51262 30.50473 30.5 30.5 30.53332 30.58319 30.54703 30.52226 30.56425 30.59008 30.59797 30.6 30.59948 30.54961
31.09836 31.15614 31.2207 31.25012 31.18556 31.12468 31.06693 31.0559 31.05787 31.08334 31.11998 31.17773 31.2 31.2 31.1715 31.14899 31.18127 31.18645 31.15417 31.12657 31.1011 31.02038 30.90961 30.70408 30.53962 30.4173 30.3636 30.33132 30.29904 30.23222 30.08443 30.03883 30.07111 30.13038 30.19423 30.25199 30.30974 30.36749 30.40891 30.44119 30.49664 30.56469 30.68019 30.7441 30.7441 30.7441 30.7441 30.77585 30.8 30.8 30.8 30.8 30.82009 30.84264 30.81717 30.7917 30.76623 30.72157 30.66382 30.60019 30.5441 30.5441 30.53392 30.50845 30.53859 30.59634 30.56977 30.55072 30.583 30.6 30.6 30.6 30.59966 30.56738
31.03982 31.09629 31.09629 31.096 31.09493 31.0638 31.00711 30.99716 31.00262 31.06038 31.11813 31.17588 31.19749 31.19642 31.19629 31.19629 31.19629 31.19674 31.19781 31.15913 31.10245 30.98745 30.85776 30.68665 30.57255 30.51694 30.50452 30.5056 30.50667 30.4732 30.35877 30.30866 30.30759 30.30652 30.31148 30.36816 30.42524 30.48299 30.50371 30.50371 30.55625 30.6241 30.73853 30.80185 30.80185 30.80109 30.80002 30.79895 30.79841 30.79949 30.8 30.8 30.84387 30.89298 30.83522 30.77782 30.72114 30.66446 30.60778 30.6 30.6 30.6 30.57735 30.52066 30.54044 30.59819 30.60185 30.60185 30.60185 30.60185 30.60185 30.60106 30.59999 30.59892
30.95755 30.98079 30.98079 30.97142 30.93699 30.90857 30.88524 30.90864 30.94487 31.00262 31.06038 31.11813 31.11924 31.08482 31.08079 31.08079 31.08079 31.09524 31.12966 31.12434 31.10101 30.92363 30.75728 30.65287 30.60548 30.61657 30.64545 30.67987 30.71429 30.71418 30.6331 30.5785 30.54407 30.50965 30.48125 30.50458 30.54074 30.5985 30.61921 30.61921 30.67175 30.73366 30.81474 30.85961 30.85961 30.83499 30.80057 30.76614 30.74907 30.78349 30.8 30.8 30.79125 30.77747 30.71972 30.67319 30.64986 30.62653 30.6032 30.6 30.6 30.6 30.59068 30.56735 30.59819 30.65594 30.65961 30.65961 30.65961 30.65961 30.65961 30.63407 30.59964 30.56522
30.90999 30.9 30.9 30.88155 30.81378 30.77722 30.7672 30.81201 30.87132 30.94912 31.02345 31.09123 31.07571 31.00794 30.9823 30.96377 30.95374 30.97217 31.02992 31.04793 31.04793 30.85569 30.68925 30.64153 30.64092 30.68865 30.75165 30.81912 30.87687 30.90309 30.85536 30.80194 30.74419 30.68644 30.63472 30.63472 30.65251 30.70024 30.71736 30.71736 30.76078 30.81029 30.86804 30.89552 30.8855 30.84851 30.80078 30.7432 30.71203 30.75976 30.78786 30.79788 30.75444 30.69726 30.64953 30.61736 30.61736 30.6114 30.60138 30.60865 30.61736 30.61736 30.60934 30.5893 30.62123 30.67898 30.69203 30.7 30.7 30.7 30.7 30.65715 30.5994 30.54165
30.94322 30.9 30.9 30.87248 30.77135 30.70144 30.65806 30.6965 30.76098 30.90549 31.03499 31.13612 31.11297 31.01184 30.9234 30.84321 30.79984 30.79891 30.85667 30.87467 30.87467 30.77816 30.69676 30.68239 30.68221 30.69658 30.77707 30.87687 30.93463 30.97081 30.95644 30.91745 30.8597 30.80194 30.75022 30.75022 30.75558 30.76995 30.77511 30.77511 30.78819 30.81029 30.86804 30.88062 30.83725 30.81461 30.80024 30.7432 30.70362 30.718 30.74747 30.79084 30.75444 30.69917 30.6848 30.67511 30.67511 30.64933 30.60595 30.63742 30.67511 30.67511 30.64044 30.55368 30.56348 30.62123 30.66552 30.7 30.7 30.7 30.7 30.65715 30.5994 30.54165
30.96484 30.93272 30.89476 30.8357 30.7202 30.62566 30.54893 30.5957 30.71343 30.88669 31.03996 31.15547 31.12903 31.01353 30.89802 30.79126 30.73351 30.72425 30.782 30.8 30.8 30.74475 30.70599 30.72573 30.74223 30.76121 30.81211 30.90176 30.95952 31 31 30.96723 30.90948 30.85172 30.8 30.8 30.8 30.8 30.8 30.8 30.8 30.81459 30.87603 30.88268 30.84391 30.81929 30.80031 30.7432 30.7 30.7 30.73006 30.78781 30.75444 30.7 30.7 30.69382 30.67484 30.64409 30.60532 30.64983 30.7 30.7 30.66901 30.59146 30.59163 30.6304 30.6514 30.66714 30.66714 30.66714 30.66714 30.63837 30.599 30.50329
-9999 30.99023 30.88556 30.77795 30.66245 30.54987 30.43979 30.44016 -9999 -9999 -9999 -9999 -9999 -9999 -9999 -9999 -9999 -9999 -9999 -9999 -9999 -9999 -9999 -9999 -9999 -9999 -9999 -9999 -9999 -9999 -9999 -9999 -9999 -9999 -9999 -9999 -9999 -9999 -9999 -9999 -9999 -9999 -9999 30.89758 30.89216 30.85319 30.80086 30.7432 30.7 30.7 30.73006 30.78781 30.75444 30.7 30.7 30.68295 30.63062 30.60616 30.60074 30.64983 30.7 30.7 30.69567 30.68483 30.68485 30.69027 30.64668 30.60939 30.60939 30.60939 30.60939 30.60536 30.59831 30.43589
-9999 30.99968 30.9121 30.82655 -9999 -9999 -9999 -9999 -9999 -9999 -9999 -9999 -9999 -9999 -9999 -9999 -9999 -9999 -9999 -9999 -9999 -9999 -9999 -9999 -9999 -9999 -9999 -9999 -9999 -9999 -9999 -9999 -9999 -9999 -9999 -9999 -9999 -9999 -9999 -9999 -9999 -9999 -9999 -9999 -9999 -9999 30.80049 30.77067 30.74837 30.74837 30.76389 30.7937 30.75444 30.7 30.7 30.68118 30.62343 30.6 30.6 30.62573 30.65163 30.65163 30.65163 30.65163 30.65163 30.65163 30.6237 30.59427 30.56634 30.55163 30.55163 30.55163 30.55012 30.4048
-9999 31.00589 30.9446 30.89774 -9999 -9999 -9999 -9999 -9999 -9999 -9999 -9999 -9999 -9999 -9999 -9999 -9999 -9999 -9999 -9999 -9999 -9999 -9999 -9999 -9999 -9999 -9999 -9999 -9999 -9999 -9999 -9999 -9999 -9999 -9999 -9999 -9999 -9999 -9999 -9999 -9999 -9999 -9999 -9999 -9999 -9999 -9999 -9999 -9999 30.79388 30.79388 30.79388 30.75111 30.7 30.7 30.68233 30.62811 30.60402 30.60048 -9999 -9999 -9999 -9999 -9999 -9999 30.6 30.59669 30.58204 30.52429 30.49388 30.49388 30.49126 30.48664 30.3782
31.17342 31.06352 30.96888 30.87871 30.77224 30.66878 30.61103 30.57909 -9999 -9999 -9999 -9999 -9999 -9999 -9999 -9999 -9999 -9999 -9999 -9999 -9999 -9999 -9999 -9999 -9999 -9999 -9999 -9999 -9999 -9999 -9999 -9999 -9999 -9999 -9999 -9999 -9999 -9999 -9999 -9999 -9999 -9999 -9999 -9999 -9999 -9999 -9999 -9999 -9999 30.73613 30.73613 30.73613 30.71967 30.7 30.7 30.6932 30.67234 30.64195 30.60506 -9999 -9999 -9999 -9999 -9999 -9999 30.6 30.56545 30.52429 30.46654 30.43613 30.43613 30.40876 30.37182 30.33009
31.18101 31.078 30.97498 30.86856 -9999 -9999 -9999 -9999 -9999 -9999 -9999 -9999 -9999 -9999 -9999 -9999 -9999 -9999 -9999 -9999 -9999 -9999 -9999 -9999 -9999 -9999 -9999 -9999 -9999 -9999 -9999 -9999 -9999 -9999 -9999 -9999 -9999 -9999 -9999 -9999 -9999 -9999 -9999 -9999 -9999 -9999 -9999 -9999 -9999 30.68337 30.67838 30.67838 -9999 -9999 -9999 -9999 -9999 -9999 -9999 -9999 -9999 -9999 -9999 -9999 -9999 -9999 -9999 30.4856 30.41536 30.37838 30.37838 30.34479 30.29987 30.28738
31.09003 31.02037 30.9507 30.86856 -9999 -9999 -9999 -9999 -9999 -9999 -9999 -9999 -9999 -9999 -9999 -9999 -9999 -9999 -9999 -9999 -9999 -9999 -9999 -9999 -9999 -9999 -9999 -9999 -9999 -9999 -9999 -9999 -9999 -9999 -9999 -9999 -9999 -9999 -9999 -9999 -9999 -9999 -9999 -9999 -9999 -9999 -9999 -9999 -9999 30.62644 30.62063 30.62063 -9999 -9999 -9999 -9999 -9999 -9999 -9999 -9999 -9999 -9999 -9999 -9999 -9999 -9999 -9999 30.47876 30.37517 30.32063 30.32063 30.31179 30.29952 30.25368
