tests/test_data/rstack/mar_temp.asc
ncols         147
nrows         127
xllcorner     -90.06084375
yllcorner     23.864697408444
cellsize      0.096253424
NODATA_value  -9999
[rows 0 to 32 of 127, columns 0 to 73 of 147]
11.86567 11.85073 11.77825 11.68235 11.52382 11.41977 11.36202 11.31618 11.27535 11.26063 11.23101 11.17326 11.11551 11.05776 11.00001 10.94225 10.8845 10.84481 10.83009 10.81536 10.80064 10.81409 10.81249 10.75474 10.7255 10.7255 10.8023 10.90086 10.92917 10.949 10.949 10.98178 11.03953 11.12094 11.19801 11.19801 11.14988 11.0208 10.91932 10.83326 10.8255 10.83317 10.87619 10.89394 10.88036 10.7939 10.67839 10.46377 10.19639 9.777407 9.554099 9.511072 9.603827 9.731282 9.83206 9.95683 10.13124 10.14278 10.04315 10.17797 10.34443 10.47351 10.5338 10.49077 10.4954 10.5237 10.47141 10.38997 10.21672 10.09761 10.03871 9.958806 9.870694 9.696289
12.0144 11.96611 11.86028 11.74918 11.624 11.53528 11.47753 11.45867 11.44602 11.39794 11.34652 11.28877 11.23101 11.17326 11.11551 11.05776 11.00001 10.94632 10.89824 10.85016 10.80208 10.846 10.87024 10.81249 10.78325 10.78325 10.83463 10.89883 10.86042 10.8335 10.8335 10.86627 10.92402 10.94967 10.967 10.967 10.95618 10.92716 10.90434 10.885 10.88325 10.88497 10.89465 10.93863 11.02511 10.96715 10.85165 10.66983 10.419 9.966656 9.744715 9.735041 9.755895 9.78712 9.854545 10.0003 10.30812 10.4729 10.54003 10.58263 10.62006 10.64908 10.66263 10.65296 10.62409 10.58569 10.52916 10.44772 10.27447 10.09219 9.899876 9.736057 9.580545 9.272728
12.13954 12.08149 11.9423 11.80312 11.66394 11.58158 11.54751 11.56016 11.57936 11.54529 11.50302 11.44527 11.37297 11.29154 11.21011 11.13226 11.07451 11.01676 10.959 10.90125 10.8435 10.85095 10.84599 10.78824 10.77069 10.79437 10.82597 10.85796 10.82388 10.79292 10.76924 10.7649 10.77529 10.7572 10.73846 10.76214 10.79465 10.84201 10.87418 10.89786 10.92154 10.94522 10.9689 11.03359 11.1491 11.09941 10.9839 10.76501 10.50146 10.11049 9.93533 9.959009 9.945326 9.935833 10.15934 10.37663 10.58107 10.70451 10.77265 10.80243 10.823 10.823 10.81354 10.78986 10.68013 10.52767 10.3752 10.21361 10.01667 9.702696 9.258574 9.0857 9.004618 8.681785
12.25505 12.19687 12.02433 11.8518 11.67926 11.59961 11.59889 11.6449 11.69745 11.69673 11.67628 11.61853 11.52573 11.41095 11.29616 11.19001 11.13226 11.07451 11.01676 10.959 10.90125 10.84488 10.78824 10.73049 10.7294 10.78643 10.80055 10.80122 10.8005 10.78295 10.72591 10.66929 10.61298 10.55607 10.51094 10.56797 10.64627 10.76033 10.83782 10.89485 10.95188 11.00892 11.06595 11.1491 11.2646 11.21491 11.09941 10.81491 10.52668 10.23576 10.12595 10.18298 10.15002 10.12249 10.57947 10.88894 10.89326 10.89587 10.89731 10.94671 10.99626 10.99626 10.97347 10.91643 10.7065 10.42062 10.13474 9.860258 9.629971 9.156298 8.412001 8.260655 8.311941 8.022462
12.40306 12.31213 12.07361 11.86173 11.72111 11.65651 11.65651 11.70323 11.75904 11.79167 11.81561 11.82312 11.71495 11.53418 11.43985 11.35584 11.26545 11.18877 11.13101 11.0508 10.96042 10.87003 10.77965 10.68926 10.63978 10.63227 10.65535 10.68799 10.72062 10.72623 10.66847 10.61072 10.55297 10.49522 10.45293 10.54331 10.6309 10.71377 10.78053 10.83828 10.92572 11.02192 11.14494 11.22087 11.23848 11.04421 10.76555 10.57324 10.4235 10.39581 10.34465 10.27187 10.39116 10.56732 10.83354 10.99174 10.92648 10.9 10.9 10.94983 10.99572 10.96308 10.80303 10.45158 10.0548 9.635509 9.216217 8.808767 8.447227 8.133161 7.871881 7.847311 7.904852 7.942423
12.5639 12.45596 12.1672 11.92559 11.81009 11.74813 11.73166 11.77524 11.83299 11.89074 11.9428 11.98408 11.87324 11.66693 11.58451 11.51228 11.40501 11.31507 11.24908 11.14902 11.03351 10.90226 10.77214 10.6484 10.5613 10.51178 10.54401 10.60126 10.64254 10.65668 10.60716 10.55297 10.49522 10.43747 10.39866 10.5224 10.6246 10.69059 10.75129 10.80904 10.91934 11.03926 11.17958 11.21304 11.11412 10.83806 10.49144 10.40453 10.37814 10.51846 10.52985 10.42247 10.65369 10.96224 11.05304 11.0793 10.97203 10.92362 10.91539 10.94988 10.96628 10.81795 10.52112 10.00124 9.52545 9.071554 8.625371 8.183109 7.75403 7.567216 7.649784 7.62841 7.574064 7.821653
12.76168 12.68697 12.39821 12.1566 12.0411 11.94307 11.8599 11.89074 11.9485 12.00625 12.03522 12.0098 11.93472 11.82847 11.72832 11.63283 11.55891 11.47433 11.37499 11.26452 11.14902 10.95394 10.76463 10.60754 10.52001 10.50385 10.54401 10.59922 10.5738 10.55115 10.53498 10.49522 10.43747 10.37971 10.34439 10.50148 10.63704 10.73638 10.80904 10.8668 10.97709 11.07324 11.08015 10.9653 10.69961 10.543 10.42985 10.478 10.51777 10.52468 10.61098 10.77041 10.97901 11.18751 11.17825 11.14792 11.07401 11.0193 10.97772 10.95008 10.86038 10.34518 9.921414 9.635003 9.414963 9.227891 9.079768 8.903488 8.60782 8.428077 8.377234 7.974983 7.456823 7.537648
12.9297 12.88828 12.61671 12.38293 12.25024 12.11755 11.98486 11.97844 12.00448 12.06223 12.09191 12.06854 12.02404 11.96629 11.87272 11.77794 11.703 11.61825 11.51993 11.38613 11.23625 11.00875 10.79075 10.61749 10.53825 10.55543 10.60354 10.65828 10.61772 10.58928 10.58928 10.55651 10.49876 10.45538 10.43534 10.5914 10.72594 10.82426 10.89656 10.95431 11.04897 11.11641 11.04147 10.85291 10.52358 10.44205 10.45924 10.59003 10.67473 10.61698 10.75747 11.08061 11.23125 11.32743 11.28687 11.2295 11.13738 11.03503 10.92572 10.78674 10.57548 9.916833 9.459055 9.302986 9.224091 9.183527 9.116563 9.053308 9.011367 8.8939 8.692457 8.210959 7.636838 7.516524
13.06973 13.06166 12.82344 12.60486 12.43882 12.27277 12.10673 12.03997 12.00448 12.06223 12.11499 12.15832 12.13954 12.08179 12.01767 11.94615 11.83786 11.74775 11.68279 11.51347 11.29689 11.0665 10.8485 10.67524 10.61246 10.663 10.71904 10.77481 10.7676 10.76254 10.76254 10.72977 10.67202 10.65651 10.66286 10.78558 10.88676 10.95172 11.01206 11.06981 11.13413 11.16822 11.05992 10.8678 10.57183 10.52366 10.5742 10.73834 10.84799 10.79023 10.96545 11.35529 11.41476 11.3871 11.37989 11.32327 11.16444 10.97557 10.76619 10.46961 10.12222 9.530277 9.125874 9.003159 8.957615 8.950403 8.760603 8.666521 8.99146 8.988193 8.619986 8.342919 8.096422 7.742637
13.14527 13.14441 12.9134 12.69811 12.52486 12.33747 12.13807 12.07443 12.04772 12.07933 12.11998 12.17773 12.19664 12.19117 12.13954 12.07701 11.98764 11.91155 11.8538 11.6768 11.44579 11.2398 11.04793 10.90082 10.86774 10.95163 10.97576 10.98106 10.98106 10.98106 10.98106 10.97796 10.97249 10.94974 10.93293 10.99615 11.05733 11.11508 11.15607 11.18768 11.12416 11.05294 10.98972 10.90749 10.80172 10.85028 10.96031 10.95255 10.97683 11.10207 11.26368 11.45882 11.45444 11.4 11.4 11.30947 11.03165 10.78165 10.55064 10.33275 10.10722 9.817254 9.586571 9.444925 9.258189 9.049057 8.672533 8.463178 8.945866 8.959067 8.450238 8.267974 8.201507 8.346216
13.20174 13.19914 12.96814 12.7519 12.57516 12.37002 12.14076 12.09698 12.09712 12.09886 12.12058 12.18008 12.2385 12.29625 12.25357 12.19729 12.13954 12.08179 12.02404 11.85064 11.62486 11.451 11.29288 11.18086 11.17943 11.29145 11.27409 11.21805 11.21631 11.21509 11.21509 11.24588 11.30015 11.26223 11.21207 11.21207 11.2323 11.28657 11.30268 11.29745 11.09 10.90426 10.91123 10.9659 11.07966 11.226 11.38531 11.16929 11.09035 11.43686 11.57205 11.51256 11.45719 11.40583 11.40235 11.26316 10.84321 10.54384 10.32677 10.25016 10.21014 10.26441 10.22843 10.05692 9.695969 9.240923 8.684226 8.351766 8.915345 8.923642 8.314509 8.207933 8.283778 9.085336
13.23497 13.19914 12.96814 12.73374 12.4903 12.27255 12.07664 12.03923 12.04195 12.07705 12.13212 12.22497 12.29625 12.35401 12.34077 12.3128 12.25505 12.19729 12.13954 12.03501 11.90929 11.77166 11.65441 11.6091 11.60852 11.65383 11.6206 11.56354 11.52845 11.50385 11.50385 11.49679 11.48435 11.46337 11.44308 11.44308 11.43844 11.426 11.35402 11.24873 11.09293 10.98578 11.12617 11.23976 11.32017 11.2662 11.15869 11.10231 11.1481 11.49461 11.61244 11.5196 11.50981 11.51751 11.44732 11.16535 10.44523 10.18265 10.2324 10.24996 10.25914 10.2467 10.18401 10.04585 9.785106 9.463471 9.165137 8.990078 9.286835 9.391541 9.2827 9.453699 9.726188 10.39433
13.23902 13.18062 12.94962 12.7058 12.42774 12.20634 12.03308 12.00865 12.023 12.08075 12.15478 12.25959 12.33549 12.39324 12.4 12.39288 12.34582 12.29877 12.25171 12.20466 12.1576 12.06553 11.99501 12.00571 12.01113 12.01113 11.95896 11.89084 11.83309 11.78941 11.77871 11.74738 11.70033 11.69261 11.69037 11.66898 11.63802 11.59096 11.45612 11.27217 11.17968 11.14848 11.3581 11.45688 11.41837 11.23149 10.98552 11.02776 11.15029 11.4968 11.61397 11.51986 11.56244 11.6298 11.5036 11.14182 10.29267 10.04732 10.21415 10.24073 10.23546 10.16701 10.08403 9.979218 9.832973 9.666142 9.637546 9.648129 9.77433 9.965351 10.22845 10.57248 10.9459 11.43785
13.18126 13.12287 12.89186 12.65713 12.41242 12.20634 12.03308 12.03564 12.08075 12.1385 12.201 12.27245 12.33549 12.39324 12.4 12.39793 12.38422 12.37052 12.35682 12.34311 12.32941 12.3026 12.29128 12.33533 12.35764 12.35764 12.28006 12.1796 12.12185 12.06819 12.02415 11.99732 11.98361 11.98137 11.97217 11.88407 11.82371 11.81001 11.66574 11.44843 11.44396 11.4831 11.62601 11.55381 11.21512 11.03814 10.92558 10.9372 11.03478 11.3813 11.53319 11.50578 11.61507 11.74339 11.58384 11.27565 10.65996 10.3904 10.35711 10.21235 10.05782 9.956021 9.866349 9.794894 9.793421 9.826708 10.09194 10.34799 10.50754 10.7635 11.12666 11.42227 11.69389 11.91902
13.06991 13.03117 12.81981 12.6138 12.42209 12.26161 12.12765 12.1329 12.171 12.20911 12.25401 12.31176 12.35744 12.39554 12.41735 12.437 12.45665 12.46805 12.46805 12.46805 12.46805 12.46805 12.47221 12.49066 12.5194 12.5587 12.48003 12.36629 12.30853 12.25666 12.21856 12.20208 12.20208 12.20208 12.19002 12.07452 12.00207 12.00207 11.87914 11.68743 11.70479 11.72517 11.66382 11.4674 11.10363 10.94465 10.86725 10.92396 11.05538 11.40189 11.56805 11.56805 11.70474 11.86149 11.74718 11.51997 11.05915 10.75684 10.56274 10.33679 10.13384 10.11658 10.11456 10.13541 10.2195 10.335 10.66574 10.97578 11.14903 11.43167 11.83593 12.06791 12.23938 12.35488
12.92118 12.91579 12.73778 12.5742 12.4492 12.35542 12.28817 12.27917 12.28392 12.28867 12.31176 12.36951 12.39469 12.39944 12.4468 12.4998 12.5528 12.58355 12.58355 12.58355 12.58355 12.58355 12.57269 12.52443 12.55233 12.65833 12.59553 12.48179 12.42404 12.38213 12.37738 12.37533 12.37533 12.37533 12.36327 12.24777 12.17533 12.17533 12.09517 11.97017 11.96321 11.90268 11.54116 11.25312 11.05612 10.9208 10.81004 10.96462 11.17088 11.5174 11.68355 11.68355 11.82024 11.98274 11.96849 11.84133 11.48057 11.13957 10.81205 10.5678 10.38673 10.53624 10.68765 10.84191 10.97027 11.08578 11.3228 11.5533 11.72655 12.00919 12.41345 12.57119 12.64364 12.75914
12.80841 12.75109 12.66365 12.57635 12.48945 12.41831 12.36056 12.37267 12.39906 12.39906 12.40914 12.43829 12.48468 12.54189 12.59958 12.65733 12.71508 12.74859 12.74859 12.7289 12.7003 12.67169 12.63652 12.57877 12.57831 12.6366 12.60604 12.54776 12.49001 12.44953 12.44953 12.4333 12.40469 12.35218 12.29187 12.20497 12.15047 12.15047 12.13143 12.10174 11.99497 11.84929 11.55944 11.34722 11.23118 11.13597 11.04907 11.30245 11.54031 11.7152 11.84372 11.92953 11.99407 12.05117 12.07977 11.99547 11.67756 11.42765 11.22416 11.07096 10.9638 11.10845 11.2531 11.39775 11.50382 11.59072 11.81259 12.03762 12.23948 12.483 12.77285 12.86927 12.89932 13.01482
12.71089 12.6 12.6 12.58543 12.53188 12.47833 12.42478 12.45788 12.50696 12.50275 12.50145 12.50566 12.58083 12.70054 12.76926 12.83058 12.88834 12.92184 12.92184 12.8792 12.81724 12.75931 12.70156 12.64381 12.61249 12.60828 12.60728 12.60552 12.54776 12.50477 12.49636 12.45756 12.3956 12.2924 12.18713 12.13358 12.10314 12.11155 12.14351 12.18865 11.99404 11.78668 11.63025 11.51789 11.46014 11.41441 11.37348 11.68468 11.9229 11.92711 12.01273 12.17338 12.16835 12.12467 12.17402 12.11867 11.84673 11.70458 11.65103 11.59749 11.56502 11.67211 11.78257 11.89807 11.98061 12.04677 12.25945 12.48205 12.70465 12.90189 13.07094 13.11456 13.11576 13.23127
12.67766 12.6 12.6 12.5945 12.57431 12.55412 12.53392 12.5464 12.56212 12.52456 12.51299 12.55055 12.65908 12.81214 12.91421 13.00384 13.06159 13.0951 13.0951 13.0295 12.93419 12.87481 12.81706 12.75931 12.71153 12.67397 12.66503 12.66327 12.60552 12.54257 12.46746 12.38088 12.28557 12.20478 12.13286 12.11267 12.12801 12.20312 12.19485 12.13992 12.02731 11.92596 11.90294 11.8644 11.80665 11.85633 11.94881 12.03256 12.10456 12.14212 12.19166 12.25225 12.27873 12.2941 12.27674 12.21989 12.08136 12.01316 11.99297 11.97277 11.96053 12.00092 12.07133 12.18683 12.31394 12.4468 12.60124 12.75713 12.91302 13.05935 13.19505 13.23007 13.23127 13.34677
12.71622 12.64557 12.64557 12.64557 12.64557 12.64557 12.64557 12.64557 12.64211 12.59752 12.58378 12.62838 12.76011 12.94652 13.08195 13.19789 13.24248 13.26283 13.24967 13.17513 13.07278 13.0131 12.95535 12.8976 12.83985 12.78209 12.76835 12.76659 12.70884 12.63775 12.53541 12.43306 12.33072 12.26565 12.21255 12.19939 12.22439 12.31358 12.27994 12.17759 12.13976 12.12422 12.18197 12.19988 12.16845 12.24575 12.36637 12.29861 12.25681 12.3014 12.32963 12.34279 12.40151 12.46579 12.4212 12.37232 12.31457 12.29114 12.29114 12.29114 12.29286 12.30602 12.34957 12.43876 12.58411 12.75737 12.87653 12.98934 13.09169 13.19403 13.29638 13.34231 13.36942 13.47177
12.86495 12.76107 12.76107 12.76107 12.76107 12.76107 12.76107 12.76107 12.7602 12.74896 12.7455 12.75674 12.89611 13.11587 13.28465 13.42385 13.43509 13.42208 13.37557 13.31359 13.2446 13.18636 13.1286 13.07085 13.0131 12.95535 12.94161 12.93985 12.88209 12.82098 12.75199 12.683 12.614 12.55441 12.49783 12.45132 12.43053 12.45301 12.41683 12.34784 12.3737 12.41297 12.47073 12.51844 12.55371 12.55461 12.54182 12.43906 12.36391 12.37515 12.40475 12.45126 12.54333 12.64096 12.62972 12.60333 12.54558 12.52215 12.52215 12.52215 12.52825 12.57476 12.61167 12.63415 12.75737 12.93062 13.04979 13.15576 13.22475 13.29374 13.36273 13.44956 13.54233 13.61132
13.0462 12.95315 12.95315 12.94714 12.92502 12.91487 12.91487 12.89698 12.87829 12.9004 12.92252 12.94463 13.09509 13.3261 13.50612 13.64981 13.6277 13.59062 13.53287 13.47512 13.41737 13.35961 13.30186 13.24411 13.18636 13.1286 13.11487 13.11378 13.07814 13.03589 12.97813 12.92038 12.86263 12.78639 12.71115 12.67551 12.62018 12.53173 12.51969 12.55038 12.62581 12.69779 12.73343 12.74932 12.74073 12.68118 12.60131 12.50814 12.44386 12.46597 12.49513 12.53077 12.61197 12.70254 12.74676 12.76496 12.72932 12.72801 12.75012 12.75315 12.75783 12.79347 12.81487 12.81487 12.91585 13.06699 13.16405 13.25466 13.33453 13.40392 13.46167 13.54587 13.63866 13.6743
13.24398 13.18416 13.18416 13.16907 13.1136 13.08812 13.08812 13.04325 12.99638 13.05185 13.10731 13.16278 13.3261 13.55711 13.73713 13.87577 13.8203 13.76388 13.70612 13.64837 13.59062 13.53287 13.47512 13.41737 13.35961 13.30186 13.28812 13.28805 13.28576 13.26689 13.20914 13.15139 13.09364 12.98952 12.88788 12.8856 12.80145 12.57958 12.60524 12.76935 12.88716 12.98061 12.9829 12.93564 12.82699 12.71508 12.60186 12.54095 12.51002 12.56549 12.59327 12.59556 12.64341 12.70637 12.8173 12.89134 12.88905 12.92108 12.97655 12.98416 12.98446 12.98675 12.98812 12.98812 13.06682 13.18461 13.24831 13.31925 13.43247 13.51943 13.57718 13.63663 13.69606 13.69835
13.50366 13.41505 13.38399 13.34566 13.28791 13.26138 13.26138 13.21465 13.16345 13.19013 13.23831 13.32713 13.48423 13.68417 13.86055 13.99884 13.94109 13.88334 13.82559 13.76784 13.71008 13.65233 13.59458 13.53683 13.47908 13.42132 13.43126 13.46043 13.42936 13.39032 13.33256 13.27481 13.21706 13.137 13.04841 12.92414 12.81799 12.74232 12.80635 12.94854 13.03819 13.10758 13.10758 13.02824 12.85061 12.7174 12.6019 12.60431 12.62214 12.67989 12.70759 12.70759 12.77766 12.86801 12.98351 13.08162 13.14375 13.18482 13.21151 13.18837 13.16138 13.16138 13.16138 13.16138 13.21779 13.30223 13.36167 13.4249 13.50934 13.56643 13.59311 13.6198 13.64621 13.64621
13.76125 13.64592 13.57483 13.50737 13.44962 13.41948 13.41282 13.36482 13.31206 13.31873 13.36305 13.47855 13.62135 13.78127 13.94708 14.08173 14.03732 13.9873 13.92955 13.8718 13.81404 13.75629 13.70004 13.64896 13.59458 13.53683 13.55694 13.59864 13.55423 13.50582 13.44807 13.39032 13.33257 13.26924 13.18952 12.97851 12.86771 12.92546 13.02025 13.13575 13.19265 13.23345 13.22678 13.12289 12.89855 12.7568 12.64797 12.68987 12.73596 12.78705 12.81848 12.83182 12.92576 13.04203 13.17087 13.28884 13.38434 13.42309 13.42309 13.37901 13.33551 13.34218 13.34351 13.33685 13.36431 13.40873 13.46563 13.52339 13.58114 13.61154 13.61154 13.6066 13.60007 13.60674
13.99226 13.87667 13.73888 13.62288 13.56512 13.51696 13.47694 13.42257 13.3724 13.41242 13.47855 13.59406 13.69587 13.78908 13.91763 14.03408 14.05637 14.04505 13.9873 13.92955 13.8718 13.81404 13.7653 13.74757 13.71008 13.65233 13.62161 13.60068 13.62297 13.62132 13.56357 13.50582 13.44807 13.35686 13.25772 13.14677 13.09872 13.15647 13.25126 13.36676 13.39332 13.40076 13.36074 13.25329 13.0623 12.95391 12.87843 12.85526 12.84306 12.86079 12.91096 12.991 13.09901 13.21911 13.41466 13.545 13.54044 13.53859 13.53859 13.52329 13.51314 13.55316 13.56119 13.52117 13.493 13.47071 13.52339 13.58114 13.63889 13.6693 13.6693 13.6396 13.60042 13.64044
14.18474 14.05351 13.89588 13.76118 13.6878 13.62288 13.56512 13.50737 13.45736 13.49949 13.56701 13.68251 13.75294 13.79507 13.90198 14.00874 14.06649 14.08231 14.04018 13.9873 13.92955 13.8718 13.83057 13.84619 13.8333 13.79117 13.73713 13.68195 13.70846 13.71445 13.67232 13.62132 13.56357 13.4706 13.37512 13.31736 13.31432 13.40332 13.47926 13.5479 13.5541 13.53545 13.43084 13.29557 13.12231 13.06516 13.05428 13.01266 12.97721 12.96159 13.03047 13.17722 13.31164 13.44581 13.62996 13.74037 13.69824 13.67186 13.65624 13.64062 13.63463 13.69238 13.71021 13.66808 13.61551 13.55776 13.59356 13.63569 13.67782 13.7 13.7 13.66874 13.62749 13.66962
14.33347 14.16914 14.04486 13.92535 13.81863 13.73838 13.68063 13.62288 13.57028 13.57906 13.62476 13.74027 13.79019 13.79897 13.90198 14.00874 14.06649 14.09632 14.08754 14.04505 13.9873 13.92955 13.89583 13.9448 13.96527 13.95649 13.91039 13.85317 13.81298 13.78218 13.7734 13.73683 13.67908 13.61399 13.54837 13.49062 13.51245 13.66815 13.70385 13.67244 13.6696 13.63313 13.42845 13.23781 13.06456 13.07897 13.16813 13.16097 13.14206 13.09308 13.1807 13.39415 13.56896 13.72883 13.81291 13.86674 13.85796 13.82529 13.77632 13.72735 13.69238 13.75013 13.78129 13.77251 13.73101 13.67326 13.67782 13.6866 13.69538 13.7 13.7 13.69349 13.68489 13.69367
14.41517 14.24212 14.12662 14.01112 13.89561 13.81133 13.75358 13.69583 13.64446 13.66903 13.71656 13.80749 13.87275 13.9219 13.98624 14.04757 14.08075 14.11032 14.13489 14.11972 14.08654 14.05336 14.03513 14.0683 14.09723 14.12181 14.08364 14.02514 13.94281 13.8851 13.8851 13.86628 13.8331 13.75884 13.68421 13.6756 13.71648 13.84059 13.84807 13.79032 13.71803 13.62066 13.41423 13.26652 13.19156 13.23523 13.32616 13.27931 13.24038 13.23178 13.34789 13.5789 13.74496 13.88701 13.92019 13.95056 13.97513 13.95078 13.89303 13.83528 13.79268 13.85043 13.8851 13.8851 13.86294 13.82976 13.80464 13.7851 13.7851 13.77347 13.74889 13.74255 13.74281 13.76738
14.47305 14.30018 14.18468 14.06913 13.95345 13.86908 13.81133 13.75372 13.70507 13.76265 13.82029 13.87804 13.97127 14.08678 14.10046 14.10061 14.10061 14.12485 14.1826 14.20061 14.20061 14.20061 14.20061 14.20061 14.2292 14.28713 14.25677 14.19709 14.08194 14.00116 14.00099 14.00081 14.00064 13.9042 13.80692 13.8645 13.92207 13.97965 13.96304 13.90494 13.74256 13.56983 13.3971 13.32716 13.38456 13.44209 13.49966 13.38717 13.31547 13.37322 13.52087 13.75135 13.89113 14.00001 14.00019 14.01912 14.07687 14.06598 14.00823 13.95063 13.90816 13.96574 14.00044 14.0008 14.00091 14.00091 13.94666 13.90057 13.9004 13.87288 13.81495 13.80013 13.80091 13.85901
14.55532 14.41568 14.30018 14.17555 14.02652 13.92683 13.86908 13.83846 13.81799 13.84221 13.87804 13.93579 14.02903 14.14453 14.18766 14.21611 14.21611 14.24036 14.29811 14.31611 14.31611 14.31611 14.31611 14.31611 14.36117 14.45245 14.4046 14.31463 14.26618 14.2222 14.18867 14.15514 14.12161 14.04759 13.9767 14.00092 14.02514 14.04937 13.97802 13.85321 13.77583 13.70316 13.63049 13.58612 13.57682 13.59149 13.61571 13.53548 13.48872 13.54647 13.64205 13.77247 13.89113 14.00192 14.03545 14.07687 14.13463 14.12373 14.06598 14.03716 14.01929 14.04351 14.08486 14.15191 14.17417 14.17417 14.08868 14.00924 13.97571 13.91483 13.82355 13.82488 13.85936 13.98416
14.6376 14.53115 14.40652 14.27114 14.10701 14.00039 13.94264 13.92423 13.91652 13.92564 13.9516 14.00935 14.08576 14.17387 14.2513 14.31719 14.32632 14.35586 14.41361 14.43162 14.43162 14.43162 14.43367 14.4428 14.49543 14.59267 14.53474 14.43189 14.44102 14.43016 14.3724 14.30947 14.24259 14.17571 14.11486 14.10573 14.1034 14.11253 14.02227 13.8764 13.85493 13.84742 13.84742 13.82163 13.76388 13.7409 13.73177 13.66583 13.63036 13.68812 13.74587 13.80362 13.89973 14.00331 14.06107 14.11882 14.17657 14.1711 14.12248 14.12368 14.13162 14.13162 14.17778 14.29328 14.33772 14.34684 14.23924 14.13371 14.06683 13.98557 13.88832 13.91286 13.98056 14.12643
14.71987 14.64653 14.48855 14.33797 14.2072 14.1159 14.05815 14.01275 13.97685 14.01934 14.0671 14.12485 14.13978 14.12784 14.25244 14.37999 14.42247 14.47136 14.52912 14.54712 14.54712 14.54712 14.55669 14.59917 14.63575 14.66629 14.61791 14.54842 14.5909 14.60341 14.54566 14.4638 14.36357 14.26333 14.16913 14.12664 14.11584 14.15832 14.14418 14.09837 14.05559 14.02068 14.02068 13.99488 13.93713 13.8903 13.84782 13.74853 13.68812 13.74587 13.80362 13.86137 13.93117 14.00331 14.06107 14.11882 14.17657 14.19092 14.17566 14.21021 14.24712 14.24712 14.29328 14.40879 14.4755 14.51799 14.4125 14.30013 14.19989 14.13266 14.10212 14.16861 14.26828 14.31409
