tests/test_data/rstack/mar_temp.asc
ncols         147
nrows         127
xllcorner     -90.06084375
yllcorner     23.864697408444
cellsize      0.096253424
NODATA_value  -9999
[rows 33 to 65 of 127, columns 0 to 73 of 147]
14.80687 14.73067 14.55741 14.39988 14.28437 14.20009 14.14234 14.09922 14.0657 14.10537 14.15129 14.20905 14.21805 14.19646 14.33094 14.47136 14.52912 14.58687 14.64462 14.67507 14.69315 14.69394 14.70694 14.76469 14.79393 14.79393 14.74992 14.6957 14.75345 14.77126 14.69543 14.60734 14.50992 14.39738 14.28791 14.23016 14.21547 14.27322 14.29393 14.29393 14.2414 14.19394 14.19394 14.16006 14.08423 14.02132 13.96357 13.84902 13.77718 13.83493 13.91151 14.00542 14.07081 14.12752 14.16719 14.21275 14.27051 14.29393 14.29393 14.35936 14.42525 14.42525 14.45696 14.53629 14.61329 14.68913 14.61963 14.52917 14.39558 14.32525 14.32525 14.39753 14.49412 14.51221
14.89785 14.78842 14.61517 14.45763 14.34212 14.25784 14.20009 14.18395 14.17862 14.18493 14.20905 14.2668 14.31679 14.36191 14.47475 14.58687 14.64462 14.70237 14.76012 14.81353 14.86496 14.86719 14.8802 14.93795 14.96719 14.96719 14.92318 14.86896 14.92671 14.93454 14.82536 14.74177 14.6777 14.57064 14.46116 14.40341 14.38872 14.44648 14.46719 14.46719 14.41465 14.36719 14.36719 14.31842 14.20923 14.13683 14.07908 13.96452 13.89268 13.95043 14.06173 14.22235 14.30182 14.35662 14.36293 14.38601 14.44376 14.46719 14.46719 14.56139 14.65625 14.65625 14.6613 14.67393 14.75108 14.86027 14.85536 14.81109 14.64415 14.55626 14.55626 14.60379 14.66773 14.71916
14.96189 14.84617 14.67292 14.51538 14.39988 14.31559 14.25784 14.24682 14.24682 14.24682 14.27615 14.36094 14.42912 14.48687 14.61948 14.7451 14.77581 14.81788 14.87563 14.91477 14.94549 14.97268 15.00664 15.06439 15.09363 15.09363 15.07022 15.04138 15.0721 15.07526 15.01383 14.95449 14.89674 14.79071 14.68123 14.62348 14.59871 14.62943 14.67512 14.7292 14.65694 14.58244 14.55541 14.48886 14.37335 14.29915 14.2414 14.15343 14.10182 14.15957 14.29151 14.4918 14.60097 14.67934 14.6523 14.63528 14.63896 14.62438 14.59734 14.64663 14.7071 14.76117 14.79363 14.79363 14.85274 14.94121 14.94682 14.92238 14.8032 14.72764 14.70061 14.73648 14.79451 14.8793
15.01508 14.89937 14.72875 14.57313 14.45763 14.37335 14.31559 14.3067 14.30934 14.31198 14.35275 14.46562 14.543 14.59811 14.75288 14.89623 14.90151 14.92881 14.98656 15.00638 15.00902 15.06439 15.12155 15.17666 15.20457 15.20457 15.20658 15.20922 15.21185 15.21449 15.21713 15.187 15.13188 15.02629 14.91681 14.85906 14.82284 14.82284 14.89353 15.00375 14.91102 14.80751 14.74712 14.66329 14.55042 14.47697 14.41922 14.36147 14.33349 14.39388 14.5417 14.77007 14.9094 15.01496 14.9572 14.89773 14.83471 14.77481 14.71706 14.71141 14.72851 14.84138 14.90913 14.90913 14.94596 15.00107 15.00457 14.99327 14.93815 14.88304 14.82792 14.85851 14.91945 15.03231
15.01508 14.89949 14.76223 14.63088 14.51538 14.4311 14.37335 14.39144 14.42743 14.46342 14.51447 14.59398 14.63801 14.65977 14.75173 14.84857 14.92056 14.98656 15.04432 15.08709 15.12308 15.17989 15.22954 15.2513 15.26232 15.26232 15.28975 15.32574 15.36173 15.39772 15.43371 15.43693 15.41517 15.31505 15.20557 15.14782 15.1116 15.1116 15.13951 15.18303 15.11462 15.03257 14.93883 14.85144 14.77193 14.70798 14.65023 14.59247 14.5729 14.66665 14.8131 15.00812 15.1404 15.24596 15.18821 15.107 14.97727 14.89032 14.83256 14.85569 14.89739 14.97691 15.02464 15.02464 15.03918 15.06094 15.06232 15.05786 15.0361 15.01434 14.99257 15.05651 15.15011 15.22962
15.0467 14.91964 14.80414 14.68864 14.57313 14.49512 14.44896 14.48687 14.54462 14.60237 14.66012 14.71788 14.74014 14.74014 14.7809 14.83755 14.95306 15.04918 15.11853 15.17989 15.23764 15.28431 15.32007 15.32007 15.32007 15.32007 15.35525 15.40212 15.47146 15.53387 15.58003 15.59342 15.58183 15.50276 15.41404 15.35629 15.32007 15.32007 15.32007 15.32007 15.26753 15.19949 15.08399 14.99428 14.93652 14.87877 14.82102 14.78607 14.78932 14.90483 15.03832 15.1884 15.30205 15.39668 15.33893 15.24732 15.08566 14.99264 14.94648 14.97997 15.02765 15.0854 15.1247 15.1363 15.14014 15.14014 15.14014 15.14252 15.15411 15.17119 15.19438 15.26886 15.3607 15.40686
15.13768 14.9774 14.86189 14.74639 14.63088 14.5709 14.55809 14.60237 14.66012 14.71788 14.77563 14.83338 14.85565 14.85565 14.86695 14.89531 15.01081 15.12094 15.22363 15.2954 15.35315 15.3679 15.37782 15.37782 15.37782 15.37782 15.38758 15.40314 15.50583 15.58165 15.59446 15.5745 15.52955 15.50076 15.4718 15.41404 15.37782 15.37782 15.37782 15.37782 15.32528 15.25724 15.14174 15.05203 14.99428 14.93652 14.87877 14.90943 14.96258 15.07808 15.17686 15.26023 15.33349 15.39668 15.33893 15.25819 15.12988 15.07021 15.0574 15.0667 15.0854 15.14315 15.19579 15.24073 15.25565 15.25565 15.25565 15.26486 15.30981 15.37603 15.46592 15.50812 15.5336 15.54641
15.2384 15.10637 15.01142 14.91087 14.79536 14.7423 14.7423 14.78903 14.84519 14.88239 14.93382 15.01211 15.05492 15.07547 15.05974 15.05356 15.12798 15.21102 15.30597 15.38946 15.46776 15.43184 15.4 15.4 15.41014 15.43069 15.45123 15.47342 15.54784 15.6 15.6 15.57889 15.54168 15.5184 15.49612 15.45891 15.42792 15.40737 15.38682 15.36628 15.31188 15.2475 15.15254 15.06503 14.98673 14.93782 14.90061 14.99722 15.10026 15.21576 15.30121 15.35896 15.3843 15.39668 15.33893 15.27575 15.20134 15.18336 15.20391 15.20673 15.21161 15.24881 15.29423 15.35198 15.35742 15.33688 15.35482 15.38721 15.4655 15.55169 15.64665 15.68639 15.70673 15.70673
15.3452 15.27975 15.21815 15.14187 15.02637 14.97331 14.97331 15.02003 15.07361 15.07746 15.11861 15.23026 15.30643 15.36032 15.31905 15.27448 15.28218 15.31252 15.37412 15.47017 15.58182 15.48352 15.4 15.4 15.42661 15.4805 15.5344 15.58689 15.5946 15.6 15.6 15.59781 15.59396 15.54827 15.4996 15.49574 15.47323 15.41933 15.36544 15.31154 15.25413 15.19569 15.13409 15.05013 14.93848 14.90392 14.90006 15.06283 15.21576 15.33127 15.41671 15.47447 15.44717 15.39668 15.33893 15.29749 15.28978 15.31869 15.37259 15.37998 15.38049 15.38434 15.40974 15.46749 15.45064 15.39674 15.44381 15.50955 15.6212 15.70915 15.77076 15.82664 15.87998 15.87998
15.4597 15.40195 15.34419 15.28678 15.23027 15.20432 15.20432 15.25104 15.3066 15.3361 15.37495 15.43145 15.48872 15.54647 15.52829 15.50432 15.50432 15.51618 15.54443 15.59213 15.64863 15.54057 15.43779 15.3788 15.39199 15.47924 15.54401 15.5991 15.5696 15.54892 15.54892 15.54892 15.54892 15.50064 15.44584 15.41634 15.38731 15.35906 15.3308 15.30255 15.2743 15.24605 15.21779 15.16374 15.07774 15.05324 15.05324 15.1366 15.22911 15.34461 15.43006 15.48781 15.45444 15.40007 15.40132 15.40216 15.40216 15.41895 15.4472 15.47653 15.50216 15.50216 15.52524 15.58299 15.56357 15.50582 15.52862 15.57476 15.69027 15.79239 15.87964 15.92312 15.95139 15.98089
15.5752 15.51747 15.46482 15.42788 15.43298 15.43808 15.44318 15.48675 15.5398 15.59755 15.63533 15.63533 15.66768 15.72033 15.731 15.73455 15.72945 15.72649 15.72649 15.72298 15.71788 15.60716 15.49165 15.37615 15.36964 15.47495 15.54401 15.59839 15.54574 15.50578 15.49558 15.49406 15.49916 15.45599 15.40334 15.35068 15.31766 15.31766 15.31766 15.31766 15.31766 15.31766 15.31766 15.29415 15.24149 15.22285 15.21775 15.21766 15.24549 15.35589 15.44154 15.5044 15.47612 15.42922 15.47677 15.51049 15.51559 15.51766 15.51766 15.56749 15.61766 15.61766 15.63871 15.69136 15.67365 15.621 15.61766 15.6403 15.7507 15.86111 15.97151 16.00757 16.01821 16.07086
15.6907 15.63309 15.6138 15.61021 15.64867 15.68712 15.72557 15.74853 15.77081 15.82856 15.86633 15.86633 15.87819 15.89749 15.9337 15.96051 15.92206 15.89975 15.89975 15.87328 15.83483 15.72266 15.60716 15.49165 15.45222 15.49082 15.54401 15.59941 15.58011 15.54359 15.46668 15.45524 15.49369 15.48387 15.46457 15.44527 15.43317 15.43317 15.43317 15.43317 15.43317 15.43317 15.43317 15.42455 15.40525 15.37225 15.3338 15.33317 15.35258 15.42964 15.51666 15.61286 15.61794 15.59865 15.5795 15.57911 15.61757 15.63317 15.63317 15.68299 15.73317 15.73317 15.74088 15.76018 15.75369 15.73439 15.73317 15.74897 15.82602 15.90307 15.98012 16.05706 16.13337 16.15267
15.84088 15.79734 15.79734 15.81306 15.87081 15.92096 15.96466 15.97301 15.97748 16.03523 16.07301 16.07301 16.07301 16.07301 16.11159 16.13993 16.08218 16.04867 16.04867 16.01859 15.9749 15.84905 15.72266 15.60716 15.55561 15.56966 15.58489 15.59957 15.58552 15.54533 15.44388 15.43277 15.49052 15.51175 15.52433 15.52433 15.52433 15.52433 15.53335 15.5474 15.54867 15.54867 15.54867 15.54867 15.54867 15.50737 15.44962 15.46249 15.48402 15.52772 15.60147 15.70292 15.72433 15.72183 15.67813 15.66749 15.72524 15.74867 15.74867 15.78637 15.82434 15.82434 15.82434 15.82434 15.82434 15.82434 15.8375 15.86051 15.91826 15.97602 16.03377 16.12394 16.22433 16.22433
16.03865 16.02835 16.02835 16.04407 16.10182 16.13394 16.14429 16.14626 16.15074 16.20849 16.24626 16.24626 16.24626 16.24626 16.25539 16.25543 16.19768 16.16418 16.16418 16.15705 16.14671 15.9904 15.83816 15.72266 15.68758 15.73498 15.68189 15.59855 15.55115 15.49755 15.42945 15.43277 15.49052 15.53963 15.58209 15.58209 15.58209 15.58209 15.61249 15.65989 15.66417 15.66417 15.66417 15.66417 15.66417 15.62288 15.56512 15.6108 15.64887 15.65921 15.69962 15.76771 15.78209 15.78149 15.77115 15.78299 15.84074 15.86417 15.86417 15.8731 15.88209 15.88209 15.88209 15.88209 15.88209 15.88209 15.92649 15.97602 16.03377 16.09152 16.14927 16.2147 16.28209 16.28209
16.19059 16.25936 16.25936 16.26881 16.30356 16.30708 16.28407 16.27968 16.28237 16.31712 16.33984 16.33984 16.33984 16.33984 16.36015 16.37094 16.31318 16.27968 16.27968 16.27968 16.27968 16.15794 16.03335 15.91784 15.85379 15.84252 15.73428 15.59824 15.54048 15.48961 15.45487 15.45955 15.4943 15.54828 15.6024 15.62541 15.64842 15.67142 15.70196 15.7367 15.76077 15.77968 15.77968 15.78995 15.81296 15.79467 15.75993 15.7709 15.77968 15.77968 15.80974 15.86749 15.87968 15.87968 15.87968 15.8985 15.95625 15.97968 15.97968 15.95983 15.93984 15.93984 15.93064 15.90763 15.93074 15.97676 16.03377 16.09152 16.14927 16.20702 16.26478 16.32253 16.37968 16.37968
16.32191 16.49036 16.49036 16.49074 16.49213 16.4623 16.40594 16.39518 16.39529 16.39668 16.39759 16.39759 16.39759 16.39759 16.44735 16.48644 16.42869 16.39518 16.39518 16.39518 16.39518 16.33727 16.26435 16.14885 16.03541 15.92408 15.76661 15.59824 15.54048 15.49958 15.49819 15.49838 15.49977 15.54828 15.60588 15.66224 15.7186 15.77496 15.79607 15.79747 15.84886 15.89518 15.89518 15.92036 15.97672 15.99178 15.99039 15.9363 15.89518 15.89518 15.92524 15.98299 15.99518 15.99518 15.99518 16.014 16.07175 16.09518 16.09518 16.04656 15.99759 15.99759 15.97507 15.9187 15.97531 16.08803 16.14927 16.20702 16.26477 16.32253 16.38028 16.43803 16.49518 16.49518
16.46992 16.61092 16.67484 16.70397 16.64005 16.57946 16.52171 16.51068 16.51068 16.51068 16.51068 16.51068 16.51068 16.51068 16.53346 16.55144 16.52565 16.51068 16.51068 16.51068 16.51068 16.45543 16.38468 16.26917 16.13789 15.99043 15.84766 15.70892 15.65117 15.60113 15.56917 15.55534 15.55534 15.63034 15.71671 15.77447 15.83222 15.88997 15.93118 15.96314 16.01857 16.06603 16.06603 16.07755 16.10334 16.11069 16.11069 16.05388 16.01874 16.0507 16.07945 16.10524 16.11069 16.11252 16.14448 16.17443 16.20022 16.21069 16.21069 16.18843 16.16183 16.12987 16.10038 16.07459 16.1432 16.25871 16.35005 16.43321 16.49096 16.54872 16.60647 16.64051 16.6657 16.63373
16.61111 16.72662 16.84212 16.89475 16.77925 16.69497 16.63722 16.62007 16.61251 16.60495 16.6 16.6 16.60465 16.61221 16.61309 16.61309 16.61309 16.61309 16.61309 16.61309 16.61309 16.56508 16.49848 16.37541 16.22757 16.05431 15.93083 15.82443 15.76667 15.70892 15.65117 15.63048 15.63804 15.72952 15.83222 15.88997 15.95054 16.01586 16.07147 16.12166 16.18561 16.23928 16.23928 16.23591 16.22834 16.22619 16.22619 16.17682 16.15193 16.20212 16.22619 16.22619 16.23216 16.24216 16.29235 16.32619 16.32619 16.32619 16.32619 16.32619 16.3196 16.26941 16.24231 16.24987 16.3245 16.43244 16.54038 16.63958 16.7049 16.76305 16.81324 16.8318 16.83876 16.78857
16.72662 16.84212 16.95762 17.01026 16.89475 16.81047 16.75272 16.70859 16.66768 16.62676 16.6 16.6 16.62514 16.66606 16.67085 16.67085 16.67085 16.67085 16.67085 16.67085 16.67085 16.65474 16.60647 16.45005 16.28532 16.11207 16.014 15.93993 15.88218 15.82442 15.76667 15.76491 15.80583 15.87489 15.94772 16.00547 16.07848 16.17715 16.22334 16.24017 16.33146 16.41254 16.41254 16.39427 16.35335 16.34169 16.34169 16.32513 16.31678 16.33362 16.34169 16.34169 16.37397 16.41351 16.43034 16.44169 16.44169 16.44169 16.44169 16.44169 16.43948 16.42265 16.42889 16.46981 16.53322 16.60781 16.6824 16.76192 16.86059 16.92051 16.93735 16.97205 17.01237 16.99553
16.84212 16.95756 17.05655 17.10166 17.00267 16.90812 16.81733 16.75327 16.69552 16.63777 16.6 16.6 16.63549 16.69324 16.7 16.705 16.73803 16.7572 16.7572 16.7572 16.7572 16.7414 16.68958 16.51633 16.35938 16.21916 16.1292 16.05594 16.0147 15.96359 15.88932 15.88997 15.94772 16.01928 16.09182 16.14958 16.21654 16.29902 16.33919 16.35571 16.44725 16.53154 16.54806 16.53878 16.49754 16.47399 16.45747 16.4572 16.4572 16.4572 16.4572 16.4572 16.50276 16.5572 16.5572 16.56258 16.5791 16.5858 16.5858 16.57155 16.55936 16.57588 16.60888 16.66663 16.72438 16.78214 16.83989 16.90948 17.02498 17.09362 17.11013 17.14499 17.18562 17.16911
16.95762 17.07294 17.13858 17.16849 17.10285 16.98756 16.83007 16.75327 16.69552 16.63777 16.6 16.6 16.63549 16.69324 16.7 16.7151 16.81483 16.8727 16.8727 16.8727 16.8727 16.82499 16.74734 16.57408 16.45006 16.37654 16.27703 16.17246 16.16458 16.12687 16.01925 16.00547 16.06322 16.16266 16.26508 16.32283 16.36493 16.3807 16.41833 16.4682 16.53241 16.59524 16.64511 16.66918 16.6613 16.62339 16.57352 16.5727 16.5727 16.5727 16.5727 16.5727 16.61827 16.6727 16.6727 16.68895 16.73882 16.75905 16.75905 16.71603 16.67924 16.72911 16.78213 16.83989 16.89764 16.95539 17.01314 17.08274 17.19824 17.28267 17.33253 17.35125 17.35853 17.30866
17.0544 17.14422 17.1765 17.18428 17.12653 17.02011 16.87232 16.75616 16.65339 16.62111 16.6 16.6 16.63549 16.69324 16.7 16.71748 16.83298 16.92138 16.97232 16.9882 16.9882 16.90858 16.81082 16.66304 16.5597 16.50195 16.41959 16.33231 16.33231 16.313 16.24844 16.23883 16.27111 16.33038 16.39423 16.45198 16.4977 16.52317 16.56934 16.62709 16.66168 16.6985 16.75625 16.78821 16.78821 16.74691 16.68915 16.68821 16.68821 16.68821 16.68821 16.68821 16.73377 16.78967 16.81514 16.83453 16.84134 16.8441 16.8441 16.83823 16.83989 16.89764 16.95539 17.01314 17.08791 17.17113 17.2305 17.30009 17.4156 17.50376 17.56151 17.55751 17.53171 17.47395
17.14353 17.2 17.2 17.18399 17.12517 17.0357 16.9202 16.75883 16.59992 16.59885 16.59815 16.59815 16.63297 16.68965 16.69724 16.71563 16.83113 16.94663 17.06214 17.09888 17.09995 16.98949 16.87399 16.75849 16.67202 16.61534 16.55947 16.5056 16.50667 16.50742 16.50742 16.50742 16.50742 16.50652 16.51148 16.56816 16.62524 16.68299 16.74075 16.7985 16.80371 16.81381 16.87049 16.90185 16.90185 16.86056 16.8028 16.8008 16.80027 16.80134 16.80185 16.80185 16.84742 16.90511 16.96179 16.98153 16.92485 16.90249 16.90356 16.95354 17.01129 17.06904 17.12722 17.18604 17.28345 17.40003 17.46351 17.53503 17.65161 17.73881 17.79334 17.76457 17.70681 17.64798
17.17676 17.2 17.2 17.17491 17.08274 16.97795 16.86245 16.72807 16.59733 16.56291 16.54039 16.54039 16.55473 16.57806 16.61118 16.65788 16.77338 16.88888 17.00439 17.06409 17.09851 16.98949 16.87399 16.75849 16.68848 16.66516 16.66806 16.67987 16.71429 16.73843 16.73843 16.73843 16.73843 16.70965 16.68125 16.70458 16.74074 16.7985 16.85625 16.914 16.91921 16.92337 16.9467 16.95961 16.95961 16.91831 16.86056 16.82575 16.80868 16.8431 16.85961 16.85961 16.90517 16.96095 16.98427 16.9924 16.96907 16.98006 17.01449 17.06904 17.12679 17.18454 17.25605 17.34823 17.47899 17.62892 17.757 17.88838 18.03831 18.09569 18.05017 17.99558 17.93747 17.84529
17.24471 17.23464 17.21459 17.16584 17.04031 16.91478 16.78925 16.67994 16.57972 16.54202 16.51389 16.50386 16.5 16.5 16.53329 16.58125 16.68673 16.80062 16.92615 17.01193 17.07971 16.98173 16.87625 16.77077 16.71736 16.71736 16.76137 16.81912 16.87687 16.92335 16.9434 16.94639 16.93636 16.89482 16.85207 16.85207 16.86987 16.9176 16.97175 17.0295 17.03472 17.03472 17.03472 17.03024 17.02021 16.98323 16.9355 16.87791 16.84674 16.89447 16.92257 16.9326 16.97237 17.01736 17.01736 17.02062 17.03065 17.06308 17.11081 17.17583 17.24361 17.31139 17.39423 17.49971 17.65047 17.82373 17.99699 18.17024 18.3435 18.38477 18.27929 18.20923 18.15087 18.03537
17.39344 17.3499 17.26314 17.15676 16.99788 16.83899 16.68011 16.59142 16.52714 16.55614 16.5601 16.51673 16.5 16.5 16.47439 16.4607 16.53282 16.64137 16.80025 16.91938 17.02051 16.95588 16.88376 16.81163 16.77511 16.77511 16.81912 16.87687 16.93463 17.00105 17.08781 17.10072 17.05734 17.0382 17.02533 17.02533 17.03069 17.04506 17.08726 17.14501 17.15022 17.15022 17.15022 17.13085 17.08747 17.06483 17.05046 16.99342 16.95384 16.96822 16.99769 17.04107 17.06156 17.07511 17.07511 17.08924 17.13262 17.15876 17.17314 17.26236 17.36349 17.46462 17.55416 17.62629 17.76598 17.93923 18.11249 18.28575 18.459 18.51607 18.44394 18.38248 18.32413 18.20862
17.48205 17.46523 17.33074 17.18571 17.01245 16.82894 16.6367 16.56294 16.50448 16.56223 16.58002 16.52227 16.5 16.5 16.44901 16.40874 16.46649 16.57273 16.74599 16.8795 16.995 16.94475 16.89376 16.87317 16.85636 16.83738 16.85605 16.90176 16.95952 17.03454 17.15004 17.16723 17.10948 17.1 17.1 17.1 17.1 17.1 17.13704 17.19479 17.2 17.2048 17.22499 17.21554 17.17677 17.15215 17.13317 17.09473 17.06094 17.04196 17.06292 17.12067 17.13286 17.13395 17.15293 17.17836 17.21713 17.24414 17.26312 17.36538 17.48088 17.59638 17.69639 17.77312 17.90166 18.05594 18.21022 18.3645 18.51877 18.58164 18.54287 18.49001 18.43166 18.31615
-9999 17.58061 17.41277 17.24346 17.07021 16.86866 16.64307 16.59239 -9999 -9999 -9999 -9999 -9999 -9999 -9999 -9999 -9999 -9999 -9999 -9999 -9999 -9999 -9999 -9999 -9999 -9999 -9999 -9999 -9999 -9999 -9999 -9999 -9999 -9999 -9999 -9999 -9999 -9999 -9999 -9999 -9999 -9999 -9999 17.28819 17.28277 17.2438 17.19147 17.18528 17.16804 17.11571 17.12067 17.17842 17.19061 17.19362 17.24595 17.28299 17.28841 17.32171 17.37405 17.48088 17.59638 17.71189 17.82523 17.93531 18.05264 18.17356 18.29449 18.41541 18.53633 18.59743 18.59201 18.54777 18.48941 18.37391
-9999 17.69609 17.52283 17.36189 -9999 -9999 -9999 -9999 -9999 -9999 -9999 -9999 -9999 -9999 -9999 -9999 -9999 -9999 -9999 -9999 -9999 -9999 -9999 -9999 -9999 -9999 -9999 -9999 -9999 -9999 -9999 -9999 -9999 -9999 -9999 -9999 -9999 -9999 -9999 -9999 -9999 -9999 -9999 -9999 -9999 -9999 17.24862 17.24837 17.24085 17.21103 17.21225 17.24207 17.2704 17.29844 17.32826 17.35747 17.3854 17.44765 17.53334 17.62065 17.71189 17.82739 17.9429 18.0584 18.1739 18.28941 18.37875 18.46632 18.55389 18.6 18.6 18.57788 18.54745 18.45988
-9999 17.81159 17.63834 17.51097 -9999 -9999 -9999 -9999 -9999 -9999 -9999 -9999 -9999 -9999 -9999 -9999 -9999 -9999 -9999 -9999 -9999 -9999 -9999 -9999 -9999 -9999 -9999 -9999 -9999 -9999 -9999 -9999 -9999 -9999 -9999 -9999 -9999 -9999 -9999 -9999 -9999 -9999 -9999 -9999 -9999 -9999 -9999 -9999 -9999 17.30612 17.30612 17.30612 17.34889 17.40041 17.40747 17.43106 17.48881 17.57878 17.69075 -9999 -9999 -9999 -9999 -9999 -9999 18.39902 18.46021 18.51796 18.57571 18.60612 18.60612 18.6035 18.59944 18.54522
18.14684 17.9271 17.75384 17.6035 17.48225 17.33756 17.22205 17.04246 -9999 -9999 -9999 -9999 -9999 -9999 -9999 -9999 -9999 -9999 -9999 -9999 -9999 -9999 -9999 -9999 -9999 -9999 -9999 -9999 -9999 -9999 -9999 -9999 -9999 -9999 -9999 -9999 -9999 -9999 -9999 -9999 -9999 -9999 -9999 -9999 -9999 -9999 -9999 -9999 -9999 17.36387 17.36387 17.36387 17.38033 17.40423 17.47801 17.54656 17.60431 17.67446 17.75308 -9999 -9999 -9999 -9999 -9999 -9999 18.46029 18.51796 18.57571 18.63346 18.66387 18.66387 18.6365 18.59978 18.57892
18.22689 18.02098 17.84772 17.67787 -9999 -9999 -9999 -9999 -9999 -9999 -9999 -9999 -9999 -9999 -9999 -9999 -9999 -9999 -9999 -9999 -9999 -9999 -9999 -9999 -9999 -9999 -9999 -9999 -9999 -9999 -9999 -9999 -9999 -9999 -9999 -9999 -9999 -9999 -9999 -9999 -9999 -9999 -9999 -9999 -9999 -9999 -9999 -9999 -9999 17.41663 17.42162 17.42162 -9999 -9999 -9999 -9999 -9999 -9999 -9999 -9999 -9999 -9999 -9999 -9999 -9999 -9999 -9999 18.6309 18.67617 18.70591 18.7184 18.67877 18.62162 18.62162
18.21819 18.07873 17.90548 17.7447 -9999 -9999 -9999 -9999 -9999 -9999 -9999 -9999 -9999 -9999 -9999 -9999 -9999 -9999 -9999 -9999 -9999 -9999 -9999 -9999 -9999 -9999 -9999 -9999 -9999 -9999 -9999 -9999 -9999 -9999 -9999 -9999 -9999 -9999 -9999 -9999 -9999 -9999 -9999 -9999 -9999 -9999 -9999 -9999 -9999 17.47356 17.47937 17.47937 -9999 -9999 -9999 -9999 -9999 -9999 -9999 -9999 -9999 -9999 -9999 -9999 -9999 -9999 -9999 18.68182 18.69373 18.72171 18.76755 18.73652 18.67937 18.67937
