tests/test_data/rstack/may_temp.asc
ncols         147
nrows         127
xllcorner     -90.06084375
yllcorner     23.864697408444
cellsize      0.096253424
NODATA_value  -9999
[rows 33 to 65 of 127, columns 0 to 73 of 147]
24.23309 24.09936 23.9261 23.76856 23.65306 23.57855 23.53889 23.51668 23.5014 23.51949 23.55129 23.60905 23.64242 23.66051 23.79963 23.93405 23.95213 23.95503 23.93695 23.90401 23.86434 23.86262 23.87563 23.93338 23.96262 23.96262 23.96262 23.96318 23.98126 23.98853 23.97045 23.90734 23.80992 23.69738 23.58602 23.51019 23.46937 23.48745 23.43146 23.33404 23.25626 23.201 23.24067 23.23683 23.17908 23.12132 23.06357 23.00582 22.96718 22.98526 23.03341 23.10924 23.15654 23.19166 23.15199 23.13228 23.15387 23.17337 23.19145 23.30919 23.43045 23.47012 23.55595 23.71113 23.81329 23.88913 23.87372 23.82917 23.69558 23.5979 23.54015 23.55468 23.59394 23.59394
24.26632 24.09936 23.9261 23.76856 23.65306 23.59659 23.59027 23.54745 23.50399 23.55542 23.60905 23.6668 23.72067 23.7721 23.88568 23.99685 24.04828 24.05653 24.0051 23.98472 23.9784 23.97813 23.99113 24.04888 24.07813 24.07813 24.07813 24.0797 24.13114 24.15181 24.10038 24.04177 23.9777 23.87064 23.75579 23.64661 23.59731 23.64874 23.62611 23.56204 23.45692 23.36832 23.37463 23.35233 23.29458 23.23683 23.17908 23.12132 23.09109 23.14253 23.22402 23.33321 23.36124 23.36683 23.36051 23.34155 23.29643 23.30869 23.36013 23.51122 23.65708 23.6634 23.71588 23.8377 23.95108 24.06027 24.10945 24.11109 23.94415 23.82891 23.77116 23.76094 23.76719 23.76719
24.27261 24.09946 23.95324 23.81538 23.69988 23.6322 23.60516 23.57515 23.5492 23.57991 23.62934 23.71412 23.7823 23.84005 23.99653 24.141 24.14468 24.13392 24.10321 24.07502 24.04799 24.07268 24.10664 24.16439 24.19363 24.19363 24.19363 24.19539 24.25315 24.28445 24.25373 24.20767 24.14992 24.0439 23.93121 23.84275 23.79871 23.82943 23.83809 23.83441 23.7044 23.58245 23.55541 23.51465 23.4569 23.41848 23.38777 23.33046 23.30863 23.39342 23.52234 23.69192 23.74904 23.77142 23.71735 23.65326 23.56848 23.53626 23.53994 23.64327 23.75391 23.80799 23.865 23.92643 24.04205 24.18459 24.24772 24.26365 24.11743 24.0003 23.91551 23.89363 23.89391 23.92095
24.27455 24.10413 23.98599 23.86785 23.74971 23.66564 23.61052 23.6 23.6002 23.60284 23.64362 23.75648 23.8371 23.8975 24.10154 24.28292 24.23045 24.2 24.2 24.16388 24.11141 24.16187 24.21698 24.27209 24.3 24.3 24.30201 24.30633 24.36408 24.40615 24.41142 24.38243 24.32731 24.22172 24.11224 24.05449 24.01827 24.01827 24.05361 24.10873 23.95848 23.80798 23.75023 23.69248 23.63472 23.61638 23.61375 23.56209 23.55195 23.66745 23.8417 24.07007 24.16383 24.21164 24.09614 23.97891 23.85813 23.77481 23.71706 23.76124 23.82886 23.94436 24.01265 24.01001 24.12137 24.28935 24.35409 24.37686 24.26399 24.15237 24.04215 24.0137 24.01428 24.06939
24.29908 24.16176 24.01026 23.85877 23.70728 23.62592 23.60415 23.6 23.60279 23.63878 23.68983 23.76934 23.8576 23.95134 24.07095 24.17752 24.19174 24.2 24.2 24.20979 24.22402 24.24546 24.26722 24.28898 24.3 24.3 24.32743 24.36408 24.42183 24.48384 24.55582 24.57461 24.55285 24.45273 24.34325 24.2855 24.24928 24.24928 24.26323 24.28499 24.16208 24.03899 23.98124 23.92348 23.86573 23.82354 23.78755 23.80095 23.84071 23.95621 24.1131 24.30812 24.39484 24.44265 24.32714 24.18818 24.0007 23.89032 23.83257 23.90552 24.00212 24.11762 24.17257 24.13658 24.1923 24.29358 24.35409 24.3837 24.30418 24.24171 24.19819 24.18696 24.18719 24.20895
24.32663 24.1994 24.03774 23.87292 23.69966 23.61381 23.60221 23.60938 23.62455 23.6823 23.74005 23.7978 23.8768 23.96912 24.03092 24.09042 24.15977 24.20487 24.21646 24.25184 24.298 24.31109 24.31746 24.30587 24.3 24.3 24.34401 24.40212 24.47146 24.55114 24.65505 24.68685 24.66366 24.58269 24.49518 24.44902 24.42007 24.42007 24.41264 24.40105 24.30547 24.20978 24.15203 24.09428 24.03652 23.98706 23.9409 23.99695 24.06925 24.18476 24.31825 24.46832 24.54556 24.59337 24.47787 24.33228 24.12446 24.01271 23.96655 24.03987 24.13523 24.25073 24.29699 24.23924 24.25091 24.29707 24.35409 24.39054 24.34437 24.32556 24.33715 24.34014 24.34002 24.32843
24.35985 24.19953 24.07121 23.93067 23.75742 23.65353 23.60858 23.63636 23.6823 23.74005 23.7978 23.85556 23.89356 23.91918 23.97317 24.03772 24.14042 24.21887 24.26381 24.28664 24.29944 24.343 24.3677 24.32276 24.3 24.3 24.34401 24.40314 24.50583 24.59892 24.66948 24.64899 24.5591 24.52294 24.49866 24.48586 24.47782 24.47782 24.449 24.40406 24.33581 24.26753 24.20978 24.15203 24.09428 24.06866 24.05586 24.11245 24.18476 24.30026 24.39904 24.4824 24.54556 24.59337 24.47787 24.35402 24.2129 24.14804 24.13523 24.15557 24.19298 24.30848 24.35474 24.29699 24.28638 24.29919 24.35409 24.39737 24.38457 24.39911 24.44405 24.45565 24.45518 24.41023
24.38772 24.23522 24.14027 24.02959 23.87688 23.78661 23.7494 23.7724 23.80961 23.84682 23.89113 23.94888 23.98377 24.00432 24.03958 24.08241 24.15683 24.23287 24.31117 24.34972 24.37026 24.36743 24.35605 24.31884 24.31014 24.33069 24.37959 24.43785 24.51226 24.57555 24.61276 24.58662 24.51221 24.48283 24.46442 24.46442 24.46442 24.46442 24.42739 24.36964 24.31188 24.25047 24.17217 24.10305 24.0453 24.05823 24.09933 24.17701 24.26468 24.38019 24.46563 24.52339 24.54872 24.55898 24.46402 24.37575 24.30134 24.25894 24.2384 24.2533 24.28361 24.37857 24.4207 24.3835 24.35742 24.33688 24.37042 24.40842 24.44952 24.48877 24.52597 24.53558 24.53497 24.47722
24.41224 24.2931 24.23149 24.15417 24.03481 23.9779 23.97404 23.97643 23.98028 23.98413 24.00664 24.06439 24.11977 24.17367 24.18339 24.18782 24.19553 24.24687 24.35852 24.43042 24.48432 24.38721 24.3058 24.30195 24.3266 24.3805 24.43734 24.49356 24.50127 24.50783 24.51168 24.50897 24.50126 24.45494 24.40667 24.40667 24.40667 24.40667 24.36964 24.31188 24.25413 24.18678 24.07513 23.98755 23.9298 23.99043 24.09823 24.20982 24.32244 24.43794 24.52339 24.58114 24.55384 24.50314 24.44153 24.39749 24.38978 24.35462 24.30072 24.33983 24.39474 24.45634 24.49179 24.48793 24.45064 24.39674 24.39694 24.4221 24.5299 24.58848 24.59233 24.59333 24.59273 24.53497
24.48784 24.40183 24.31458 24.2357 24.1792 24.15324 24.15324 24.15324 24.15324 24.15324 24.15281 24.15156 24.18657 24.24432 24.25108 24.25554 24.28504 24.32588 24.38239 24.43975 24.4975 24.41772 24.34444 24.31494 24.31395 24.3422 24.39293 24.44802 24.41852 24.39784 24.39784 24.39784 24.39784 24.34957 24.29784 24.29784 24.29784 24.29784 24.27972 24.25147 24.22322 24.18468 24.09867 24.03846 24.01021 24.06366 24.14967 24.23567 24.32911 24.44461 24.53006 24.58781 24.55444 24.49838 24.47013 24.45108 24.45108 24.43429 24.40604 24.45198 24.502 24.50075 24.51179 24.54129 24.51249 24.45474 24.42345 24.41763 24.50364 24.57686 24.63586 24.65108 24.65048 24.59273
24.55754 24.49961 24.39431 24.31905 24.32415 24.32649 24.32649 24.32649 24.32649 24.32649 24.30651 24.24876 24.25571 24.30326 24.30883 24.3168 24.36945 24.40214 24.40724 24.44858 24.50633 24.45358 24.39468 24.33183 24.3 24.3 24.34401 24.39824 24.34048 24.29695 24.28675 24.28523 24.29033 24.24716 24.20053 24.20563 24.20883 24.20883 24.20883 24.20883 24.20883 24.19945 24.1468 24.11766 24.11766 24.15167 24.19922 24.26182 24.33665 24.44706 24.53271 24.59557 24.56327 24.50883 24.50883 24.50883 24.50883 24.50883 24.50883 24.55426 24.59309 24.54044 24.52987 24.58253 24.56141 24.50366 24.45546 24.42846 24.48111 24.55869 24.664 24.69495 24.6994 24.64165
24.55754 24.49986 24.46126 24.44363 24.48208 24.49975 24.49975 24.49975 24.49975 24.49975 24.47977 24.42202 24.38798 24.36883 24.36658 24.3695 24.3888 24.41614 24.4546 24.50633 24.56408 24.51133 24.44492 24.34871 24.3 24.3 24.34401 24.39824 24.34048 24.277 24.2001 24.18865 24.22711 24.21729 24.20401 24.24247 24.26658 24.26658 24.26658 24.26658 24.26658 24.26314 24.24384 24.23317 24.23317 24.21947 24.20032 24.29462 24.386 24.46305 24.55007 24.64628 24.62102 24.56658 24.56658 24.56658 24.56658 24.56658 24.56658 24.58323 24.59747 24.57817 24.5743 24.5936 24.56141 24.50366 24.51794 24.53712 24.55642 24.58486 24.62346 24.66195 24.6994 24.64165
24.60254 24.57306 24.58711 24.60923 24.65293 24.67301 24.67301 24.67301 24.67192 24.65786 24.62869 24.57094 24.51319 24.45543 24.44867 24.44867 24.44867 24.47292 24.53067 24.57875 24.62244 24.55564 24.47716 24.37571 24.33127 24.34533 24.36055 24.37347 24.30166 24.22099 24.11955 24.10844 24.16619 24.18741 24.20456 24.24826 24.2809 24.29496 24.3 24.3 24.31278 24.32434 24.32434 24.32434 24.32434 24.29309 24.24939 24.34845 24.43535 24.47905 24.56012 24.67562 24.66553 24.62434 24.62434 24.62434 24.62434 24.61598 24.60193 24.6 24.60184 24.6159 24.61872 24.60466 24.56141 24.50366 24.55409 24.6 24.6 24.6 24.6 24.63242 24.67521 24.63151
24.70934 24.74644 24.79384 24.83116 24.84151 24.84626 24.84626 24.84626 24.84258 24.79518 24.74419 24.68644 24.62869 24.57094 24.56417 24.56417 24.56417 24.58842 24.64617 24.6713 24.68164 24.58148 24.48467 24.41657 24.40549 24.4529 24.3998 24.3147 24.20954 24.11547 24.04737 24.05069 24.10844 24.15754 24.20108 24.21143 24.23559 24.28299 24.3 24.3 24.34313 24.38209 24.38209 24.38209 24.38209 24.37469 24.36434 24.43115 24.48469 24.49504 24.56012 24.67562 24.69184 24.68209 24.68209 24.68209 24.68209 24.65391 24.60651 24.6 24.60622 24.65363 24.66314 24.61573 24.56141 24.50366 24.55409 24.6 24.6 24.6 24.6 24.60768 24.61781 24.60746
24.81613 24.91973 24.97748 25.01326 24.99025 24.97968 24.97968 24.96106 24.93715 24.9024 24.8597 24.80194 24.74419 24.68644 24.67968 24.6762 24.65319 24.66408 24.72184 24.73984 24.73984 24.65135 24.56667 24.50892 24.48547 24.49721 24.37691 24.2175 24.125 24.04289 23.98514 23.99293 24.05069 24.10844 24.16256 24.18557 24.22153 24.27928 24.3 24.3 24.37347 24.43984 24.43984 24.43984 24.43984 24.45629 24.4793 24.51385 24.54564 24.56865 24.62782 24.72032 24.73984 24.73984 24.73984 24.73984 24.73984 24.70552 24.64776 24.63984 24.64138 24.65312 24.63708 24.57933 24.55232 24.54058 24.59393 24.63984 24.63984 24.65073 24.67374 24.66261 24.63984 24.63984
24.92293 25.09299 25.15074 25.17743 25.12107 25.09518 25.09518 25.04958 24.99748 24.99609 24.9752 24.91745 24.8597 24.80194 24.79518 24.78665 24.73029 24.72184 24.77959 24.79759 24.79759 24.74101 24.68218 24.62443 24.56805 24.51308 24.32607 24.10301 24.04387 23.98514 23.92739 23.93518 23.99293 24.05069 24.10829 24.16465 24.22153 24.27928 24.3 24.3 24.40381 24.49759 24.49759 24.49759 24.49759 24.5379 24.59426 24.59655 24.6118 24.66816 24.72597 24.78511 24.79759 24.79759 24.79759 24.79759 24.79759 24.76327 24.70552 24.69759 24.69038 24.63541 24.57933 24.52158 24.53914 24.5941 24.65168 24.69759 24.69759 24.72428 24.78064 24.75336 24.69759 24.69759
25.03807 25.21102 25.30073 25.35031 25.29256 25.23147 25.16755 25.13448 25.11069 25.11069 25.0907 25.03295 24.9752 24.91745 24.91068 24.90678 24.88099 24.87686 24.90265 24.91068 24.91068 24.85543 24.79768 24.73993 24.63485 24.48121 24.31732 24.1526 24.06289 23.98273 23.92498 23.91463 23.94043 24.04637 24.16137 24.21912 24.27687 24.33463 24.37584 24.4078 24.48669 24.55534 24.55534 24.56962 24.60158 24.62913 24.65492 24.65534 24.6699 24.72765 24.7854 24.84315 24.85534 24.85534 24.85534 24.85534 24.85534 24.84002 24.81422 24.78311 24.74776 24.69001 24.63226 24.57451 24.59393 24.65168 24.70943 24.75534 24.75534 24.76756 24.79334 24.78086 24.75534 24.75534
25.14801 25.31352 25.42903 25.49738 25.43962 25.35474 25.2468 25.22007 25.21309 25.21309 25.19573 25.14554 25.09535 25.04516 25.03261 25.02619 25.02619 25.02301 25.01545 25.01309 25.01309 24.96508 24.90978 24.8369 24.6897 24.46625 24.31931 24.1967 24.08876 23.9913 23.91843 23.89549 23.91061 24.0516 24.20682 24.27213 24.33463 24.39238 24.45013 24.50788 24.57251 24.62619 24.62619 24.64861 24.6988 24.71309 24.71309 24.72053 24.74075 24.7985 24.85231 24.9025 24.91309 24.91353 24.92109 24.92373 24.91616 24.91309 24.91309 24.85674 24.79242 24.73467 24.68296 24.64034 24.65972 24.70991 24.76719 24.81309 24.81309 24.81309 24.81309 24.81309 24.81309 24.81309
25.239 25.37127 25.48678 25.55513 25.49738 25.43052 25.35593 25.30859 25.27085 25.27085 25.26502 25.24818 25.23135 25.21451 25.17642 25.14169 25.14169 25.12452 25.0836 25.07085 25.07085 25.05474 25.01026 24.87068 24.70616 24.51607 24.35164 24.19772 24.12313 24.02911 23.88953 23.87559 23.95742 24.08147 24.2103 24.30897 24.39238 24.45013 24.50788 24.56563 24.66061 24.74169 24.74169 24.74921 24.76605 24.77085 24.77085 24.81109 24.85625 24.914 24.95046 24.96729 24.97085 24.97319 25.01411 25.02836 24.98745 24.97085 24.97085 24.88572 24.79242 24.73467 24.70962 24.7337 24.75294 24.76978 24.82494 24.87085 24.87085 24.87085 24.87085 24.87085 24.87085 24.87085
25.30138 25.40043 25.51593 25.58878 25.54754 25.49738 25.43962 25.38187 25.3286 25.3286 25.3286 25.3286 25.3286 25.3286 25.27761 25.2311 25.24762 25.23989 25.19865 25.17443 25.15791 25.1414 25.08959 24.91633 24.74307 24.56982 24.42174 24.28403 24.22628 24.13893 23.98219 23.97057 24.06955 24.16854 24.26753 24.36652 24.45013 24.50788 24.56563 24.62339 24.71865 24.80589 24.83892 24.8572 24.8572 24.8572 24.8572 24.89775 24.94315 25.00091 25.0286 25.0286 25.0286 25.03191 25.08967 25.11516 25.07393 25.03757 25.00453 24.9146 24.82319 24.78195 24.77368 24.81491 24.8286 24.8286 24.88269 24.93199 24.9485 24.9572 24.9572 24.9572 24.95703 24.94051
25.33461 25.40043 25.51593 25.59785 25.58997 25.55513 25.49738 25.43962 25.38635 25.38635 25.38635 25.38635 25.38635 25.38635 25.33536 25.2939 25.34377 25.36939 25.36151 25.32473 25.27486 25.22499 25.14734 24.97408 24.80083 24.62757 24.53032 24.45729 24.39954 24.32216 24.19877 24.18265 24.24828 24.31392 24.37955 24.44519 24.50788 24.56563 24.62339 24.68114 24.74606 24.81777 24.91751 24.9727 24.9727 24.9727 24.9727 24.98045 25.00091 25.05866 25.08635 25.08635 25.08635 25.08967 25.14742 25.18378 25.1759 25.11343 25.01369 24.94337 24.88531 24.87743 24.87585 24.88373 24.88635 24.88635 24.94044 24.99658 25.04645 25.0727 25.0727 25.0727 25.07218 25.02231
25.36119 25.44444 25.53447 25.59307 25.5676 25.53845 25.50616 25.45327 25.40197 25.42744 25.4441 25.4441 25.4441 25.4441 25.4156 25.39695 25.4547 25.4882 25.4882 25.46599 25.4337 25.30395 25.16099 24.98773 24.85219 24.75535 24.6883 24.63132 24.59904 24.54949 24.45946 24.43883 24.47111 24.5034 24.53834 24.59609 24.64434 24.67662 24.72524 24.78299 24.84074 24.90425 24.99428 25.0441 25.0441 25.0441 25.0441 25.0441 25.05866 25.11641 25.1441 25.1441 25.1441 25.14596 25.17824 25.1917 25.16623 25.10239 25.01236 24.97215 24.9441 24.9441 24.9441 24.9441 24.96112 24.98659 25.0423 25.10527 25.18849 25.22025 25.19478 25.18821 25.18734 25.10412
25.38599 25.50021 25.55689 25.58272 25.52604 25.49942 25.49835 25.45315 25.40633 25.46408 25.50185 25.50185 25.5012 25.50013 25.5 25.50858 25.56526 25.59859 25.59967 25.59926 25.59819 25.37714 25.15961 24.9885 24.90238 24.90345 24.86133 24.80745 24.80852 24.79232 24.73564 24.70991 24.70777 24.70652 24.71148 24.76816 24.80411 24.80518 24.84191 24.89859 24.95527 25.01196 25.06864 25.1 25.1 25.1 25.1 25.09895 25.1127 25.17045 25.19815 25.19815 25.19815 25.19808 25.19701 25.17782 25.12114 25.0651 25.00949 25.00185 25.002 25.00307 25.00371 25.00371 25.04301 25.10183 25.16066 25.2311 25.34661 25.37956 25.32074 25.30397 25.30065 25.18515
25.41922 25.50009 25.52341 25.53404 25.51072 25.48139 25.44697 25.44937 25.46408 25.52184 25.55961 25.55961 25.53846 25.50403 25.5 25.50353 25.52686 25.55485 25.58927 25.57631 25.54188 25.31938 25.11688 25.01247 24.9766 25.01102 25.02767 25.03948 25.0739 25.09106 25.06773 25.01857 24.94972 24.90965 24.88125 24.90458 24.93205 24.96647 24.99378 25.01711 25.04044 25.06376 25.08709 25.1 25.1 25.1 25.1 25.06614 25.05495 25.1127 25.14039 25.14039 25.14039 25.13842 25.10399 25.07319 25.04986 25.04699 25.05808 25.05961 25.06412 25.09855 25.11921 25.11921 25.1808 25.27297 25.36515 25.46211 25.57761 25.59478 25.5026 25.42774 25.3584 25.2429
25.46981 25.51736 25.51736 25.51463 25.5046 25.46878 25.41103 25.43861 25.4879 25.55567 25.60694 25.62699 25.59307 25.5253 25.49081 25.46377 25.45374 25.47638 25.54416 25.53243 25.48471 25.28081 25.10661 25.05888 25.05828 25.106 25.16137 25.21943 25.2872 25.33771 25.34774 25.28084 25.15531 25.08644 25.03472 25.03472 25.05251 25.10024 25.11736 25.11736 25.12648 25.13472 25.13472 25.13024 25.12021 25.11736 25.11736 25.07042 25.04675 25.09447 25.11736 25.11736 25.10945 25.09784 25.06013 25.03472 25.03472 25.06308 25.11081 25.11736 25.12494 25.18269 25.22136 25.23139 25.31189 25.42739 25.53351 25.63899 25.74446 25.75006 25.64458 25.5391 25.43351 25.31801
25.56079 25.57511 25.57511 25.5633 25.51993 25.46878 25.41103 25.41163 25.43273 25.53386 25.63002 25.71677 25.68808 25.58695 25.46022 25.34321 25.29984 25.31713 25.41825 25.43989 25.42551 25.28688 25.17188 25.1575 25.15732 25.17169 25.21912 25.2782 25.37933 25.46319 25.50657 25.43517 25.27629 25.20194 25.15022 25.15022 25.15558 25.16995 25.17511 25.17511 25.21457 25.25022 25.25022 25.23085 25.18747 25.17511 25.17511 25.16097 25.15384 25.16822 25.17511 25.17511 25.14089 25.10167 25.13067 25.15022 25.15022 25.15876 25.17314 25.17511 25.18269 25.24044 25.29245 25.33582 25.42739 25.5429 25.61777 25.6899 25.76203 25.76585 25.69372 25.6216 25.54902 25.43351
25.61721 25.63279 25.61381 25.57912 25.50239 25.42566 25.34892 25.35863 25.40895 25.52446 25.63996 25.75547 25.72903 25.61353 25.44703 25.29126 25.23351 25.24849 25.36399 25.4 25.4 25.2895 25.21197 25.25145 25.26572 25.26572 25.27757 25.30353 25.41903 25.51727 25.57502 25.50168 25.32843 25.25172 25.2 25.2 25.2 25.2 25.2 25.2 25.25254 25.30479 25.32498 25.31554 25.27677 25.25215 25.23317 25.23286 25.23286 25.23286 25.23286 25.23286 25.20227 25.16795 25.20672 25.22668 25.2077 25.2 25.2 25.21638 25.24044 25.29819 25.35594 25.4137 25.49735 25.59388 25.65409 25.71184 25.76959 25.77265 25.7149 25.64307 25.56594 25.45043
-9999 25.69042 25.63809 25.57004 25.45996 25.34987 25.23979 25.23256 -9999 -9999 -9999 -9999 -9999 -9999 -9999 -9999 -9999 -9999 -9999 -9999 -9999 -9999 -9999 -9999 -9999 -9999 -9999 -9999 -9999 -9999 -9999 -9999 -9999 -9999 -9999 -9999 -9999 -9999 -9999 -9999 -9999 -9999 -9999 25.38819 25.38277 25.34381 25.29147 25.29061 25.29061 25.29061 25.29061 25.29061 25.28634 25.28154 25.28696 25.27356 25.22123 25.2 25.2 25.24515 25.29819 25.35594 25.4137 25.47145 25.53282 25.59599 25.65409 25.71184 25.76959 25.77265 25.7149 25.61832 25.50818 25.39268
-9999 25.84478 25.7591 25.67067 -9999 -9999 -9999 -9999 -9999 -9999 -9999 -9999 -9999 -9999 -9999 -9999 -9999 -9999 -9999 -9999 -9999 -9999 -9999 -9999 -9999 -9999 -9999 -9999 -9999 -9999 -9999 -9999 -9999 -9999 -9999 -9999 -9999 -9999 -9999 -9999 -9999 -9999 -9999 -9999 -9999 -9999 25.30049 25.3 25.3 25.3 25.3 25.3 25.3 25.3 25.3 25.29028 25.26046 25.26497 25.2929 25.32246 25.35594 25.4137 25.47145 25.5292 25.58695 25.6447 25.6763 25.70039 25.70227 25.68915 25.65933 25.60738 25.54716 25.43166
-9999 26.01181 25.89631 25.8121 -9999 -9999 -9999 -9999 -9999 -9999 -9999 -9999 -9999 -9999 -9999 -9999 -9999 -9999 -9999 -9999 -9999 -9999 -9999 -9999 -9999 -9999 -9999 -9999 -9999 -9999 -9999 -9999 -9999 -9999 -9999 -9999 -9999 -9999 -9999 -9999 -9999 -9999 -9999 -9999 -9999 -9999 -9999 -9999 -9999 25.30612 25.30612 25.30612 25.30612 25.30591 25.30238 25.3 25.3 25.33432 25.39207 -9999 -9999 -9999 -9999 -9999 -9999 25.69655 25.7 25.68888 25.63466 25.60612 25.60612 25.6035 25.5988 25.48329
26.25405 26.12731 26.01181 25.91414 25.84614 25.76878 25.71103 25.65819 -9999 -9999 -9999 -9999 -9999 -9999 -9999 -9999 -9999 -9999 -9999 -9999 -9999 -9999 -9999 -9999 -9999 -9999 -9999 -9999 -9999 -9999 -9999 -9999 -9999 -9999 -9999 -9999 -9999 -9999 -9999 -9999 -9999 -9999 -9999 -9999 -9999 -9999 -9999 -9999 -9999 25.36387 25.36387 25.36387 25.36387 25.36175 25.32487 25.3 25.3 25.33432 25.39207 -9999 -9999 -9999 -9999 -9999 -9999 25.69865 25.7 25.69572 25.67486 25.66387 25.66387 25.6365 25.5988 25.48329
26.30264 26.19957 26.08407 25.97196 -9999 -9999 -9999 -9999 -9999 -9999 -9999 -9999 -9999 -9999 -9999 -9999 -9999 -9999 -9999 -9999 -9999 -9999 -9999 -9999 -9999 -9999 -9999 -9999 -9999 -9999 -9999 -9999 -9999 -9999 -9999 -9999 -9999 -9999 -9999 -9999 -9999 -9999 -9999 -9999 -9999 -9999 -9999 -9999 -9999 25.4 25.3935 25.38101 -9999 -9999 -9999 -9999 -9999 -9999 -9999 -9999 -9999 -9999 -9999 -9999 -9999 -9999 -9999 25.67838 25.67838 25.67838 25.67838 25.64479 25.59893 25.49591
26.26941 26.19957 26.08407 25.98104 -9999 -9999 -9999 -9999 -9999 -9999 -9999 -9999 -9999 -9999 -9999 -9999 -9999 -9999 -9999 -9999 -9999 -9999 -9999 -9999 -9999 -9999 -9999 -9999 -9999 -9999 -9999 -9999 -9999 -9999 -9999 -9999 -9999 -9999 -9999 -9999 -9999 -9999 -9999 -9999 -9999 -9999 -9999 -9999 -9999 25.4 25.37614 25.3303 -9999 -9999 -9999 -9999 -9999 -9999 -9999 -9999 -9999 -9999 -9999 -9999 -9999 -9999 -9999 25.62063 25.62063 25.62063 25.62063 25.61179 25.59928 25.52961
