tests/test_data/rstack/may_temp.asc
ncols         147
nrows         127
xllcorner     -90.06084375
yllcorner     23.864697408444
cellsize      0.096253424
NODATA_value  -9999
[rows 0 to 32 of 127, columns 0 to 73 of 147]
23.01467 22.99979 22.94203 22.86856 22.75306 22.64552 22.54474 22.47877 22.41883 22.33277 22.25142 22.17894 22.10646 22.03399 21.92352 21.81676 21.759 21.67701 21.5615 21.446 21.3305 21.3255 21.31249 21.25474 21.2255 21.2255 21.3023 21.40131 21.44434 21.48737 21.53039 21.60619 21.70697 21.77178 21.82197 21.80724 21.72835 21.54152 21.40043 21.28493 21.16942 21.07188 21.05715 21.01057 20.92451 20.79716 20.65336 20.42378 20.15624 19.78028 19.54755 19.44677 19.49339 19.58445 19.7577 19.93613 20.12526 20.15153 20.06663 20.24059 20.43685 20.50818 20.52791 20.47016 20.4699 20.49821 20.4597 20.39879 20.26857 20.19248 20.17661 20.05404 19.8942 19.7198
23.0479 22.99979 22.94203 22.86856 22.75306 22.66355 22.59612 22.53652 22.48175 22.4624 22.41313 22.3073 22.20147 22.09564 21.98127 21.87451 21.81676 21.73476 21.61926 21.50375 21.38825 21.38325 21.37024 21.31249 21.28325 21.28325 21.33463 21.4003 21.40997 21.41964 21.42932 21.47176 21.53919 21.59853 21.64523 21.59715 21.53465 21.44788 21.34268 21.22717 21.11167 21.00818 20.9601 20.92486 20.90551 20.84487 20.76777 20.53929 20.25494 19.81227 19.56491 19.49748 19.49851 19.52669 19.69995 19.93272 20.28861 20.50147 20.61669 20.67423 20.71248 20.68375 20.64342 20.58567 20.54084 20.50244 20.49094 20.44971 20.28613 20.11352 19.93088 19.69103 19.4308 19.12298
23.12213 23.0407 22.95927 22.86856 22.75306 22.66878 22.61103 22.59159 22.58017 22.55649 22.50923 22.41741 22.31103 22.19553 22.05912 21.93226 21.87451 21.78257 21.64339 21.5368 21.44497 21.39569 21.34599 21.28824 21.259 21.259 21.30301 21.35972 21.3834 21.39292 21.36924 21.39177 21.44952 21.46769 21.47344 21.43937 21.40529 21.37122 21.28493 21.16942 21.07546 20.99393 20.95986 20.95158 20.97526 20.90684 20.80173 20.5495 20.26046 19.86948 19.66427 19.6302 19.623 19.6411 19.95643 20.24673 20.48524 20.65682 20.78272 20.8 20.79242 20.73467 20.67692 20.61917 20.48231 20.30616 20.22846 20.12189 19.8776 19.51626 19.02478 18.77156 18.59961 18.27678
23.21311 23.09833 22.98355 22.86856 22.75306 22.66878 22.61103 22.64556 22.69309 22.63605 22.57852 22.52005 22.42654 22.31103 22.14518 21.99001 21.93226 21.82632 21.65379 21.55976 21.50128 21.38963 21.28824 21.23049 21.20125 21.20125 21.24526 21.30299 21.36002 21.38295 21.32591 21.33402 21.39177 21.35417 21.30366 21.30294 21.30222 21.3015 21.22717 21.11167 21.04805 20.99987 20.99915 21.02423 21.08126 20.97464 20.80282 20.51669 20.22793 19.93701 19.79713 19.79641 19.79626 19.82584 20.34129 20.69043 20.69546 20.73269 20.79188 20.8 20.79242 20.73467 20.67692 20.61917 20.37089 20.02798 19.84599 19.63936 19.29501 18.70727 17.84891 17.62475 17.61817 17.32869
23.38459 23.26897 23.12083 22.97269 22.82456 22.74293 22.71781 22.73333 22.75456 22.72944 22.70432 22.6792 22.5785 22.43036 22.28885 22.1509 22.02788 21.89747 21.75685 21.62834 21.50532 21.35827 21.22314 21.13276 21.08699 21.08699 21.131 21.18875 21.24651 21.28924 21.29675 21.31425 21.33937 21.3225 21.3 21.3 21.27567 21.2104 21.13384 21.05097 20.99096 20.95512 21.02039 21.03857 20.99843 20.76975 20.46596 20.24114 20.07522 20.08016 20.01459 19.88406 20.03672 20.27064 20.59461 20.79174 20.72648 20.69554 20.68802 20.7433 20.78814 20.69775 20.48999 20.1059 19.63791 19.12823 18.71969 18.31594 17.90416 17.5244 17.18026 17.11566 17.14835 17.18592
23.5639 23.45636 23.27487 23.09338 22.91189 22.82406 22.81583 22.80759 22.80064 22.80887 22.80856 22.79209 22.68941 22.53262 22.41228 22.28803 22.11478 21.96577 21.85026 21.69501 21.52176 21.34062 21.17214 21.0484 20.98574 20.98574 21.02975 21.08726 21.13677 21.18875 21.2465 21.26681 21.25858 21.25723 21.25723 21.25723 21.22337 21.13257 21.06824 21.01873 20.96172 20.92897 21.01154 20.99093 20.84249 20.54643 20.19157 20.04773 19.99269 20.19076 20.20408 20.04718 20.31351 20.67887 20.81096 20.86505 20.75778 20.67994 20.62218 20.68549 20.7291 20.51479 20.15856 19.58916 19.03077 18.47783 17.97128 17.48142 17.04411 16.82561 16.85043 16.81415 16.75981 17.00739
23.76168 23.68724 23.4724 23.25756 23.04272 22.92154 22.87995 22.83836 22.80322 22.84481 22.84323 22.76006 22.67264 22.58256 22.47003 22.34579 22.17253 22.02352 21.90802 21.75276 21.57951 21.36646 21.16463 21.00754 20.92799 20.92799 20.972 21.02848 21.04465 21.07325 21.131 21.13238 21.0908 21.08397 21.08397 21.08397 21.08742 21.09668 21.08963 21.07347 21.01947 20.96295 20.91211 20.75808 20.47623 20.28528 20.13053 20.1212 20.13232 20.19699 20.30256 20.44584 20.69659 20.95806 20.92338 20.87591 20.802 20.73769 20.67994 20.62814 20.50333 19.88878 19.39893 19.09635 18.84934 18.62994 18.42568 18.19496 17.85771 17.62872 17.52013 17.10297 16.58481 16.66564
23.91706 23.8586 23.61041 23.36689 23.13588 22.98925 22.91431 22.83937 22.77472 22.83247 22.84217 22.76104 22.69428 22.63652 22.54296 22.4333 22.26004 22.11103 21.99553 21.82845 21.638 21.40875 21.18688 20.99643 20.90848 20.92567 20.97377 21.02976 21.02976 21.05217 21.12711 21.12675 21.069 21.05952 21.05952 21.05952 21.07465 21.11521 21.12976 21.12976 21.09286 21.03281 20.88293 20.6529 20.32358 20.20075 20.16019 20.25014 20.31038 20.27601 20.43666 20.77698 20.96326 21.09436 20.99604 20.90534 20.8304 20.7146 20.57091 20.39223 20.13056 19.35641 18.82929 18.67323 18.58285 18.52509 18.41905 18.31523 18.23272 18.06656 17.80736 17.29821 16.70726 16.60413
24.03256 23.97398 23.69244 23.42464 23.19363 23.02897 22.92068 22.81238 22.71696 22.77472 22.8075 22.79307 22.75203 22.69428 22.63016 22.5488 22.37555 22.22654 22.11103 21.921 21.6972 21.4665 21.23712 21.01332 20.92495 20.97549 21.03153 21.08751 21.08751 21.11989 21.22819 21.24225 21.1845 21.17503 21.17503 21.17503 21.17772 21.18493 21.18751 21.18751 21.18095 21.13643 20.91985 20.6678 20.37183 20.28236 20.27514 20.43125 20.52458 20.4235 20.60424 21.04462 21.12045 21.09627 21.03131 20.95223 20.84393 20.61549 20.30504 19.98836 19.61955 18.9121 18.43836 18.31565 18.23633 18.17858 17.97882 17.87753 18.19526 18.16085 17.73489 17.40542 17.10944 16.80619
24.05754 23.99893 23.71017 23.43001 23.17286 22.97816 22.83651 22.73717 22.65921 22.71696 22.76378 22.78992 22.78058 22.74897 22.69428 22.623 22.47589 22.33107 22.18942 21.98627 21.75526 21.54926 21.35028 21.17156 21.10957 21.16732 21.22507 21.28106 21.28106 21.29996 21.36318 21.38743 21.38196 21.33736 21.29053 21.29053 21.29053 21.29053 21.27377 21.24763 21.12635 20.99175 20.83916 20.69582 20.56391 20.58241 20.66083 20.65255 20.67545 20.79522 20.97067 21.19741 21.17908 21.09669 21.03893 20.91977 20.67356 20.38327 20.0629 19.8102 19.55366 19.20047 18.92139 18.7536 18.5196 18.25272 17.84805 17.61791 18.1006 18.09883 17.5584 17.32512 17.20184 17.37816
24.05196 23.98989 23.70287 23.41538 23.12662 22.89936 22.72436 22.64563 22.59858 22.65807 22.71757 22.77706 22.8 22.8 22.75055 22.68554 22.57003 22.43102 22.2595 22.04944 21.82191 21.64631 21.48685 21.37482 21.34575 21.40176 21.45777 21.51202 21.51027 21.50957 21.51131 21.54187 21.5944 21.50792 21.40622 21.40796 21.40775 21.40427 21.36263 21.29965 21.03444 20.79095 20.74017 20.73786 20.79562 20.926 21.08531 20.86929 20.80446 21.20698 21.36903 21.30954 21.20861 21.0996 21.04011 20.86259 20.4409 20.10753 19.83446 19.70034 19.61014 19.66441 19.60535 19.37609 18.95855 18.44749 17.83152 17.45212 18.01744 18.02584 17.41496 17.26638 17.28683 18.09188
23.94516 23.81675 23.56309 23.29987 23.01111 22.76582 22.55747 22.49936 22.48566 22.57851 22.67135 22.7642 22.8 22.8 22.78 22.74329 22.62778 22.50277 22.36461 22.21085 22.05004 21.87732 21.73287 21.68756 21.6758 21.69846 21.72111 21.742 21.70691 21.6928 21.7279 21.7161 21.66857 21.59356 21.5252 21.5603 21.55614 21.48595 21.35621 21.19318 20.97962 20.81472 20.89735 20.96887 21.02662 20.9662 20.85869 20.80231 20.85381 21.22298 21.35168 21.25883 21.20348 21.15544 21.06259 20.75391 19.99869 19.70841 19.73551 19.70014 19.65914 19.6467 19.56093 19.36502 19.06997 18.72568 18.33895 18.09727 18.42913 18.53569 18.39176 18.53689 18.78769 19.52602
23.83557 23.6621 23.4311 23.18437 22.89561 22.64385 22.42354 22.39013 22.40895 22.52446 22.63626 22.74107 22.78148 22.78148 22.78148 22.76562 22.66081 22.556 22.45119 22.34639 22.24158 22.09175 21.97408 21.97408 21.98464 22.00604 21.99482 21.97232 21.91457 21.88496 21.92131 21.88364 21.78953 21.72581 21.67788 21.71424 21.69398 21.57848 21.39576 21.17545 21.02714 20.93819 21.09005 21.15211 21.10289 20.91298 20.667 20.70924 20.83446 21.19167 21.30841 21.2036 21.20679 21.2298 21.1036 20.723 19.8161 19.54096 19.69709 19.68161 19.63405 19.55491 19.4467 19.29483 19.12583 18.9483 18.83088 18.77411 18.93666 19.12455 19.34059 19.67248 20.04721 20.66536
23.72007 23.5466 23.31559 23.06886 22.78011 22.54638 22.35942 22.35937 22.40895 22.52446 22.62472 22.69618 22.72373 22.72373 22.72373 22.71291 22.64146 22.57 22.49855 22.42709 22.35564 22.27107 22.20509 22.20509 22.24858 22.33668 22.2905 22.20333 22.14558 22.09602 22.06567 22.03699 22.00959 21.95682 21.90192 21.87158 21.80948 21.69398 21.53265 21.34569 21.29142 21.27281 21.35797 21.23414 20.8514 20.66187 20.5493 20.56093 20.66961 21.06017 21.21026 21.13881 21.22798 21.34339 21.18384 20.85683 20.18339 19.86422 19.78689 19.62426 19.45204 19.30619 19.1846 19.09944 19.06399 19.05323 19.29 19.51804 19.64725 19.88074 20.2302 20.52227 20.79556 21.18023
23.57054 23.39714 23.18579 22.96941 22.7396 22.56161 22.42765 22.4329 22.47548 22.57133 22.64041 22.65886 22.67805 22.6977 22.7 22.69423 22.65613 22.60978 22.55203 22.49428 22.43652 22.37877 22.3296 22.30995 22.35702 22.47252 22.42695 22.33226 22.27451 22.21676 22.15901 22.14518 22.16483 22.1362 22.094 22.01659 21.92499 21.80948 21.66954 21.51594 21.50208 21.48085 21.36175 21.10758 20.68606 20.51062 20.43322 20.48993 20.63591 21.04017 21.20397 21.14622 21.28622 21.46036 21.32641 21.07353 20.57461 20.22252 19.97066 19.71984 19.49481 19.43946 19.41456 19.43541 19.48091 19.53866 19.86574 20.17199 20.3268 20.59972 21.00398 21.23596 21.40882 21.65828
23.39728 23.22401 23.04601 22.88113 22.75138 22.65542 22.58817 22.57917 22.5884 22.6509 22.67508 22.62683 22.64079 22.69379 22.7 22.69928 22.69453 22.66753 22.60978 22.55203 22.49428 22.43652 22.37984 22.32684 22.35702 22.47252 22.45237 22.39001 22.33226 22.27451 22.21676 22.22186 22.27486 22.27958 22.26377 22.15302 22.04049 21.92499 21.80644 21.68619 21.67533 21.60062 21.18134 20.83555 20.5808 20.42902 20.31827 20.47284 20.69366 21.09793 21.26172 21.20397 21.37028 21.57969 21.51244 21.34801 20.9825 20.60525 20.21998 19.92207 19.69433 19.83909 19.98765 20.1419 20.23169 20.28944 20.5228 20.76319 20.9847 21.29274 21.69701 21.85474 21.9279 22.11065
23.27356 23.10051 22.98446 22.86856 22.75306 22.68424 22.65509 22.64953 22.65179 22.68094 22.68992 22.66077 22.68501 22.74277 22.74953 22.75386 22.78246 22.77481 22.71706 22.63962 22.55327 22.49428 22.43652 22.37877 22.36419 22.39388 22.40053 22.39736 22.31101 22.24176 22.21261 22.21654 22.24569 22.20265 22.13936 22.02385 21.92968 21.87138 21.83143 21.80174 21.66895 21.49457 21.17557 20.92143 20.74763 20.63597 20.54907 20.80245 21.05486 21.2875 21.41366 21.44172 21.51706 21.59833 21.56918 21.44594 21.12803 20.8608 20.62816 20.42113 20.2638 20.40845 20.54167 20.65772 20.73482 20.79257 20.9858 21.2058 21.49401 21.783 22.07285 22.16927 22.20022 22.40208
23.1768 22.99977 22.93781 22.86243 22.75113 22.7 22.7 22.7 22.7 22.7 22.70146 22.70566 22.74535 22.80731 22.81456 22.8233 22.88105 22.89032 22.83256 22.73506 22.61956 22.55529 22.49428 22.43652 22.37877 22.32102 22.34488 22.38932 22.27802 22.19749 22.18908 22.18067 22.17226 22.07784 21.96698 21.85988 21.79429 21.79849 21.82895 21.87408 21.63076 21.37865 21.21801 21.07941 20.96811 20.90713 20.8662 21.17739 21.42806 21.4816 21.56302 21.67012 21.65379 21.60704 21.60283 21.51139 21.23945 21.0973 21.04375 20.94401 20.86447 20.96736 21.05053 21.10407 21.16605 21.23221 21.40261 21.61215 21.94605 22.20189 22.37094 22.41768 22.42416 22.64676
23.21003 22.99965 22.90434 22.81375 22.73581 22.7 22.7 22.7 22.7 22.7 22.713 22.75055 22.8236 22.9189 22.93007 22.93881 22.99656 23.00582 22.94807 22.85057 22.73506 22.63888 22.55203 22.49428 22.43652 22.37877 22.3518 22.33259 22.25464 22.17754 22.10242 22.02731 21.95219 21.87471 21.80069 21.7603 21.74897 21.78653 21.76478 21.70986 21.57888 21.45424 21.39365 21.32532 21.24737 21.2913 21.38378 21.46753 21.53515 21.55535 21.58605 21.62644 21.64867 21.66288 21.62532 21.55486 21.41633 21.34813 21.32793 21.29032 21.2556 21.25843 21.2682 21.2884 21.38387 21.51674 21.72261 21.93814 22.17198 22.35935 22.49505 22.55793 22.59672 22.75261
23.26261 23.04514 22.92964 22.82627 22.75536 22.72279 22.72279 22.73343 22.74557 22.74557 22.76555 22.8233 22.91654 23.03204 23.05719 23.07311 23.10455 23.09854 23.04079 22.95234 22.85 22.74765 22.65535 22.5976 22.52685 22.44279 22.3888 22.34381 22.28605 22.21497 22.11262 22.01028 21.90793 21.84286 21.78977 21.77661 21.78008 21.81151 21.74871 21.63321 21.60616 21.59114 21.59114 21.5771 21.54566 21.62297 21.74359 21.67583 21.61947 21.60631 21.60685 21.62001 21.67873 21.74376 21.71233 21.67232 21.61457 21.59114 21.59114 21.57979 21.5625 21.51791 21.49114 21.49114 21.6069 21.78015 21.99517 22.20118 22.36128 22.50026 22.61576 22.69818 22.76928 22.85847
23.34489 23.16065 23.04514 22.9327 22.82843 22.78054 22.78054 22.81817 22.86107 22.86107 22.88105 22.93881 23.03204 23.14755 23.20214 23.23627 23.201 23.15629 23.09854 23.03305 22.96406 22.89507 22.82861 22.77085 22.66718 22.51641 22.47197 22.45931 22.40156 22.34044 22.27145 22.20246 22.13347 22.07387 22.01729 21.97078 21.92846 21.89319 21.80647 21.69096 21.75494 21.82215 21.82215 21.8379 21.87317 21.87407 21.86128 21.75852 21.66882 21.6223 21.62421 21.67072 21.76279 21.8631 21.89837 21.90333 21.84558 21.82215 21.82215 21.78202 21.74013 21.72889 21.72215 21.72215 21.8379 22.01116 22.19494 22.3676 22.49434 22.61576 22.73127 22.83843 22.94184 22.96432
23.48748 23.31444 23.19893 23.08343 22.96793 22.90291 22.8808 22.9233 22.97658 22.97658 22.99656 23.05431 23.14755 23.26305 23.32757 23.36784 23.31008 23.25233 23.19458 23.13683 23.07908 23.00017 22.92528 22.86753 22.77459 22.64556 22.61487 22.6131 22.55535 22.4976 22.43985 22.38209 22.32434 22.24811 22.17055 22.1128 22.03031 21.90622 21.84436 21.81731 21.94006 22.04921 22.0271 22.02091 22.03444 21.98118 21.90131 21.78639 21.69102 21.65538 21.65684 21.69248 21.79113 21.90458 21.98445 22.03388 22.02035 22.02801 22.05012 22.00333 21.95315 21.95315 21.94432 21.9222 22.01585 22.16699 22.31814 22.46651 22.60412 22.7208 22.81419 22.89117 22.96194 22.98405
23.66074 23.48769 23.37219 23.25669 23.14118 23.05814 23.00267 23.03881 23.09208 23.09208 23.11206 23.16982 23.26305 23.37856 23.44307 23.48334 23.42559 23.36784 23.31008 23.25233 23.19458 23.08376 22.98304 22.92528 22.86527 22.80295 22.78812 22.78636 22.72861 22.67085 22.6131 22.55535 22.4976 22.39348 22.28605 22.2283 22.10851 21.88436 21.87216 21.97852 22.14366 22.27428 22.21881 22.16437 22.11119 22.01508 21.90186 21.78639 21.69942 21.69714 21.69723 21.69952 21.79113 21.9065 22.01972 22.11337 22.16655 22.22108 22.27655 22.23433 22.18416 22.18416 22.16199 22.10653 22.16682 22.28461 22.4024 22.5311 22.70207 22.82051 22.88055 22.89943 22.90454 22.96
23.83399 23.66083 23.51427 23.37615 23.26064 23.19316 23.16647 23.15783 23.15379 23.15379 23.18452 23.27334 23.37856 23.49406 23.53115 23.54505 23.4873 23.42955 23.3718 23.29266 23.20384 23.11922 23.04079 22.98304 22.92528 22.86753 22.87747 22.90677 22.88008 22.84411 22.78636 22.71098 22.62216 22.537 22.44238 22.26036 22.11799 22.04232 22.06932 22.15376 22.26247 22.34904 22.32235 22.26791 22.1791 22.04898 21.90241 21.84751 21.80758 21.80758 21.79142 21.76035 21.86943 22.01421 22.12972 22.24665 22.36653 22.44949 22.50724 22.46534 22.41109 22.38003 22.33829 22.28054 22.31779 22.40223 22.51576 22.63674 22.77893 22.88114 22.93889 22.93074 22.89995 22.89557
23.99744 23.8109 23.63765 23.48011 23.3646 23.30794 23.30127 23.25867 23.21154 23.21154 23.25381 23.37598 23.48996 23.5988 23.61155 23.6028 23.54505 23.4845 23.42008 23.32509 23.21626 23.15629 23.10004 23.04896 22.99458 22.93683 22.96202 23.01155 23.01155 22.99428 22.93652 22.84978 22.74095 22.66367 22.57195 22.30319 22.15368 22.20477 22.26012 22.31787 22.36956 22.41154 22.41154 22.36293 22.2541 22.10396 21.93737 21.92808 21.92309 21.92309 21.89997 21.85555 21.97761 22.14203 22.27086 22.40766 22.56091 22.65741 22.71516 22.67901 22.62705 22.5693 22.51155 22.4538 22.46431 22.50873 22.61972 22.73386 22.8427 22.92735 22.9851 22.9522 22.88792 22.83684
24.12165 23.86865 23.6954 23.53786 23.42236 23.34766 23.30764 23.28565 23.2693 23.2693 23.3231 23.47863 23.58497 23.66046 23.6693 23.66056 23.6028 23.52825 23.43048 23.34805 23.27256 23.21404 23.1653 23.14757 23.11008 23.05233 23.05211 23.0693 23.0693 23.05203 22.99428 22.92646 22.85098 22.72341 22.58239 22.41369 22.3145 22.33223 22.37563 22.43338 22.45472 22.4693 22.4693 22.43558 22.3601 22.24331 22.11008 22.06853 22.03859 22.03859 22.05019 22.07248 22.1823 22.31911 22.51466 22.66381 22.71701 22.77291 22.83067 22.82329 22.80031 22.74256 22.68481 22.62705 22.593 22.57071 22.67748 22.78477 22.86026 22.92735 22.9851 22.92746 22.83052 22.81279
24.18361 23.92641 23.75315 23.59986 23.49998 23.41443 23.34106 23.31441 23.30121 23.31683 23.38159 23.53922 23.63549 23.69324 23.7 23.69126 23.63351 23.55807 23.45819 23.3873 23.32955 23.2718 23.22705 23.22705 23.21396 23.18745 23.16924 23.15362 23.138 23.11445 23.07232 23.01246 22.93909 22.80834 22.66909 22.55359 22.48697 22.50259 22.51518 22.52607 22.49863 22.47017 22.45455 22.41313 22.33976 22.28094 22.22792 22.18561 22.15016 22.13454 22.17337 22.26236 22.38459 22.51876 22.70291 22.83214 22.84776 22.87914 22.92127 22.91357 22.89447 22.85234 22.81645 22.78994 22.74256 22.68481 22.76006 22.83569 22.87782 22.91995 22.96208 22.91043 22.82705 22.82705
24.17491 23.98416 23.8109 23.66669 23.60016 23.5119 23.40518 23.34518 23.3038 23.35277 23.4278 23.55208 23.63549 23.69324 23.7 23.69126 23.63351 23.57207 23.50554 23.44505 23.3873 23.32955 23.2848 23.2848 23.30464 23.34484 23.31708 23.2681 23.21913 23.18218 23.1734 23.10904 23.00231 22.92185 22.84234 22.72684 22.67266 22.72163 22.68202 22.59285 22.49569 22.40647 22.3575 22.28273 22.176 22.20309 22.28348 22.27617 22.25726 22.20828 22.26584 22.42154 22.58416 22.74403 22.82811 22.90076 22.94973 22.97482 22.98359 22.94255 22.89885 22.89007 22.90087 22.94106 22.91582 22.85806 22.87084 22.8866 22.89538 22.90416 22.91294 22.90217 22.8848 22.8848
24.17261 23.99945 23.85077 23.72015 23.63782 23.53756 23.42205 23.35327 23.30448 23.36223 23.43996 23.55547 23.65059 23.73291 23.72086 23.69498 23.6618 23.61831 23.56056 23.5028 23.44505 23.41081 23.3851 23.3851 23.41361 23.47136 23.44109 23.38259 23.30026 23.24255 23.24255 23.2049 23.13854 23.05884 22.97818 22.91183 22.87342 22.88202 22.81103 22.69553 22.53531 22.38971 22.33196 22.28134 22.23956 22.31026 22.42576 22.37931 22.34038 22.33178 22.41783 22.59109 22.74496 22.88701 22.92019 22.96137 23.01912 23.04255 23.04255 22.99273 22.94578 22.97035 23.00819 23.06594 23.06294 23.02976 23.00464 22.9851 22.9851 22.97347 22.94889 22.92432 22.90026 22.92483
24.17274 23.99988 23.8842 23.76852 23.65284 23.53735 23.42202 23.35342 23.30477 23.36234 23.4399 23.55523 23.67067 23.78617 23.74902 23.7003 23.7003 23.67613 23.61856 23.56086 23.50311 23.50044 23.50034 23.50052 23.52912 23.58687 23.5566 23.49709 23.38176 23.30091 23.30091 23.30081 23.30064 23.20406 23.10061 23.10061 23.07908 23.02132 22.92631 22.81046 22.59032 22.39068 22.33328 22.32716 22.38456 22.48339 22.59871 22.48717 22.41547 22.47322 22.59091 22.76381 22.89129 23 23 23.01882 23.07657 23.1 23.1 23.05033 23.00788 23.06563 23.12346 23.18139 23.20073 23.2009 23.14666 23.10057 23.1004 23.07288 23.01495 22.95741 22.90121 22.95896
24.19727 24.0575 23.90847 23.75944 23.61041 23.49763 23.41565 23.3804 23.35993 23.38416 23.42836 23.51034 23.61292 23.72842 23.75016 23.75806 23.75806 23.74789 23.72366 23.67636 23.61861 23.58403 23.56561 23.59913 23.64462 23.70237 23.6721 23.61361 23.53163 23.47417 23.47417 23.45514 23.42161 23.31956 23.21611 23.21611 23.19458 23.13683 22.99904 22.81648 22.68135 22.57583 22.58513 22.58612 22.57682 22.63279 22.71477 22.63548 22.58872 22.64647 22.72944 22.83564 22.92273 23 23 23.01882 23.07657 23.1 23.1 23.0791 23.06563 23.12339 23.19454 23.28582 23.33851 23.37204 23.28868 23.20924 23.17571 23.11484 23.02355 23.0069 23.01671 23.07446
24.21508 24.09936 23.9261 23.75533 23.59121 23.48459 23.42683 23.41581 23.41581 23.41581 23.43579 23.49354 23.57556 23.67281 23.7513 23.81581 23.81581 23.81581 23.81581 23.77606 23.71831 23.66929 23.64462 23.70237 23.75562 23.80424 23.77875 23.73013 23.68151 23.64742 23.64742 23.60947 23.54259 23.43506 23.33066 23.32153 23.29768 23.24906 23.09518 22.88243 22.81069 22.77352 22.83127 22.83744 22.77968 22.79147 22.83097 22.77481 22.74387 22.79249 22.84587 22.90362 22.96137 23.01528 23.00616 23.01882 23.07657 23.1 23.1 23.11575 23.13919 23.19695 23.28143 23.40606 23.48601 23.54376 23.44779 23.34952 23.28264 23.19706 23.09068 23.10608 23.16374 23.21236
24.21508 24.09936 23.9261 23.76441 23.63363 23.54234 23.48459 23.47356 23.47356 23.47356 23.49354 23.55129 23.59233 23.62286 23.75244 23.87356 23.87356 23.87356 23.87356 23.83381 23.77606 23.75895 23.76012 23.81788 23.85466 23.86993 23.86192 23.84665 23.83138 23.82068 23.82068 23.7638 23.66357 23.55057 23.44269 23.4002 23.36787 23.3526 23.25346 23.10742 23.0417 23.00453 23.06228 23.06845 23.01069 22.97478 22.94757 22.89032 22.85097 22.86624 22.90362 22.96137 23.01912 23.07112 23.02864 23.01882 23.07657 23.1 23.1 23.1733 23.2547 23.31245 23.41026 23.56825 23.65927 23.71702 23.65229 23.57369 23.47345 23.3861 23.31308 23.33709 23.3944 23.40967
