tests/test_data/rstack/nov_prec.asc
ncols         147
nrows         127
xllcorner     -90.06084375
yllcorner     23.864697408444
cellsize      0.096253424
NODATA_value  -9999
[rows 0 to 35 of 127, columns 0 to 79 of 147]
121 122 123 125 127 128 129 130 130 131 132 133 134 135 137 138 140 141 142 144 145 145 146 146 146 146 145 144 141 138 134 130 125 121 117 114 114 121 127 132 134 135 136 136 137 138 139 142 144 148 149 149 147 145 144 143 142 142 144 143 142 138 135 132 129 126 124 122 120 118 115 113 111 108 107 106 108 112 114 115
121 121 123 125 127 128 130 130 131 131 132 133 135 136 138 140 141 143 144 145 146 147 148 148 148 148 147 146 143 140 137 133 128 124 121 118 119 127 132 136 138 138 138 138 138 139 140 142 145 148 150 150 149 147 146 145 142 141 141 140 139 135 132 128 126 125 123 121 119 117 115 112 110 108 106 105 109 116 118 120
122 122 124 126 129 130 131 132 132 133 133 134 136 138 139 141 143 145 146 147 148 149 150 150 150 149 148 147 144 142 139 135 132 129 126 125 126 131 136 139 140 141 140 140 140 140 141 143 146 149 150 150 149 148 146 143 141 140 139 138 137 133 130 127 126 126 125 124 122 122 122 119 115 114 113 108 108 112 118 124
123 124 126 129 131 132 133 133 134 134 134 135 136 139 141 142 145 146 148 149 150 151 152 152 152 151 150 148 146 143 141 138 135 133 132 132 133 136 139 142 142 143 142 141 140 141 142 145 147 149 150 149 149 148 144 141 140 139 138 137 135 131 128 126 127 129 129 129 127 129 134 130 123 124 122 112 107 106 117 129
126 127 130 134 136 136 136 136 136 135 135 135 137 140 142 144 146 148 149 150 152 153 154 154 154 153 152 150 147 145 143 141 139 137 136 136 137 140 142 145 145 146 144 143 143 144 146 148 150 150 149 150 148 146 143 140 140 140 139 137 135 133 133 135 138 142 145 148 149 149 148 143 136 129 122 116 112 112 120 129
128 129 134 138 139 140 139 138 137 136 136 136 138 141 143 146 147 149 151 152 153 155 156 157 156 155 154 151 149 147 145 143 142 141 140 141 142 144 146 148 148 148 147 146 146 148 150 151 152 150 149 149 147 143 141 140 140 140 139 137 136 136 139 144 149 153 157 161 164 162 157 152 148 136 126 122 120 118 123 129
130 131 135 138 140 141 141 140 139 138 138 138 140 143 145 147 149 151 152 153 154 156 158 159 159 157 155 152 150 149 147 146 145 145 145 145 146 147 149 150 151 151 150 150 151 152 152 152 152 151 149 148 145 142 141 140 139 139 139 138 139 144 149 152 154 156 156 156 156 154 151 153 157 151 144 138 132 126 129 132
133 133 136 139 142 143 143 142 141 141 141 141 143 145 147 149 151 152 153 154 155 157 158 160 160 157 155 153 151 150 149 148 148 148 148 148 148 149 151 152 152 152 152 153 154 154 153 152 152 151 149 146 143 141 140 140 139 140 140 142 144 152 158 160 161 161 160 159 156 154 153 157 162 160 156 146 139 133 133 135
135 136 138 140 143 144 145 145 144 144 144 144 145 147 150 152 152 153 154 155 156 157 158 160 160 157 154 152 151 150 149 149 149 149 150 150 150 151 152 154 153 153 153 154 155 155 154 152 151 151 149 144 143 142 140 139 140 141 143 146 151 159 165 167 168 168 170 171 164 162 163 163 163 164 162 147 140 137 137 136
138 139 141 143 145 146 147 147 147 147 147 147 149 150 152 153 154 154 154 155 155 155 156 157 156 153 151 150 150 149 149 149 149 150 150 150 151 152 153 154 154 154 154 155 155 153 152 151 151 149 147 144 142 141 140 140 141 143 146 149 153 158 162 165 168 172 176 179 172 170 174 173 170 164 157 147 140 136 133 130
141 142 144 146 147 148 149 150 150 150 150 151 152 153 154 155 156 156 155 155 154 153 153 152 151 148 148 148 148 148 149 149 149 150 151 151 151 152 153 154 155 156 155 154 153 151 149 150 150 147 144 143 142 141 140 140 143 146 149 151 153 154 157 161 167 174 180 185 179 179 185 183 178 162 149 146 140 133 128 123
144 145 147 148 150 151 152 152 152 152 153 153 154 155 156 157 157 157 155 153 152 150 148 145 144 143 144 144 145 146 147 148 149 150 151 151 151 152 153 154 155 155 153 152 151 151 151 151 149 146 143 142 141 139 139 141 148 151 151 152 154 156 159 163 168 174 179 182 180 178 177 172 164 150 139 135 132 127 124 120
148 148 150 151 152 153 155 155 155 155 155 155 156 157 158 159 158 157 155 152 150 147 143 140 138 139 140 141 143 145 146 148 149 150 151 151 151 151 152 153 154 153 151 150 150 151 152 151 149 145 142 141 139 137 137 140 149 153 152 153 155 158 162 166 169 173 176 178 178 175 169 160 151 139 130 127 125 123 121 118
151 152 153 154 155 156 157 157 156 156 156 157 158 159 160 160 159 157 154 151 149 145 141 137 135 135 137 139 141 143 145 146 148 149 150 150 150 150 150 152 151 150 148 148 151 152 152 150 148 144 141 139 137 134 135 138 145 148 150 154 158 162 165 168 170 172 172 171 171 166 157 150 143 134 127 124 122 122 120 117
155 156 156 157 158 158 158 158 157 157 157 158 159 160 160 160 158 156 153 151 148 144 140 136 134 135 136 138 140 142 144 146 147 148 149 149 149 148 148 149 148 147 147 148 152 152 152 150 146 141 138 136 134 131 132 134 139 144 148 153 158 161 163 164 165 165 164 162 160 155 146 140 136 128 123 120 119 120 118 116
158 160 160 160 160 159 159 158 158 157 157 158 158 159 159 159 157 155 153 150 147 144 140 138 136 136 137 138 140 142 143 145 146 147 148 148 148 147 146 146 145 144 147 150 152 152 152 148 144 138 135 133 130 128 128 130 134 139 145 150 155 155 156 155 155 155 153 151 148 143 135 131 128 123 118 116 116 119 117 115
162 163 162 162 161 161 160 159 158 157 157 157 157 157 157 157 155 154 152 149 147 144 142 140 138 138 138 139 140 141 143 144 145 146 147 147 147 146 145 144 144 144 146 148 149 149 149 143 138 133 130 128 127 126 126 127 131 134 138 143 146 147 147 146 146 146 144 142 138 134 129 126 123 119 114 111 111 114 114 113
165 166 165 164 163 162 160 159 158 157 156 156 156 156 155 155 153 152 150 148 146 144 143 141 140 139 139 139 140 141 142 143 144 145 146 146 146 145 144 142 143 144 145 146 146 145 144 138 133 129 126 124 123 124 123 124 127 130 132 135 137 138 139 138 137 137 136 133 129 126 123 121 120 115 111 107 107 109 110 111
167 169 167 166 165 164 162 160 158 156 155 154 154 154 154 153 152 150 149 148 146 144 143 141 141 140 140 140 140 141 142 142 143 144 145 145 145 143 143 142 142 143 142 142 142 140 137 134 131 128 126 124 123 122 121 121 123 124 125 127 130 131 132 131 131 130 129 127 124 122 120 118 116 112 109 106 105 106 107 107
168 170 169 168 167 165 163 160 158 156 154 153 153 153 152 151 150 149 148 147 146 144 143 142 141 141 140 140 140 140 141 141 142 142 143 143 143 142 141 141 141 140 139 138 137 135 132 131 129 127 125 124 122 120 119 119 118 118 119 121 123 125 126 126 125 124 123 121 120 118 116 114 112 109 106 104 103 103 103 104
168 170 169 168 167 166 163 161 158 156 154 153 152 151 151 150 149 148 147 146 145 144 143 142 141 140 140 139 139 139 139 139 139 139 139 140 140 140 140 140 138 137 136 134 132 131 130 129 128 127 125 124 121 118 116 115 113 113 114 116 118 120 121 121 121 120 118 117 116 115 113 111 108 106 103 102 100 99 100 100
168 170 169 169 167 165 163 160 158 156 154 152 152 151 150 150 148 147 147 146 145 144 142 141 140 140 139 138 138 137 138 138 137 137 137 137 138 138 138 138 136 134 133 131 130 129 129 128 128 126 125 123 121 118 115 112 110 109 110 112 114 116 117 118 117 116 115 114 113 112 110 108 105 103 101 99 98 97 97 97
167 169 169 169 167 165 162 160 158 156 154 152 152 151 150 150 148 147 146 145 144 143 142 141 140 139 138 137 136 136 136 136 135 135 135 136 137 138 137 135 133 131 130 129 128 128 128 128 128 126 124 123 121 118 114 111 108 106 106 108 110 112 113 114 114 113 112 111 110 108 107 105 103 101 99 97 96 94 94 93
165 167 167 167 166 164 161 159 157 155 153 151 151 150 150 149 148 147 146 145 144 143 142 141 140 139 138 136 136 135 135 134 134 134 134 135 136 136 135 134 131 129 128 127 127 127 127 127 126 125 124 123 121 118 115 111 108 107 107 108 109 110 111 111 111 110 109 108 107 105 104 102 101 99 97 96 94 93 92 91
162 164 166 166 164 162 160 158 157 154 152 150 149 149 149 149 148 147 145 144 143 142 142 140 140 139 138 136 135 135 133 133 133 132 132 134 135 134 133 132 130 128 126 125 126 126 127 126 125 124 123 123 121 118 115 112 109 107 107 108 108 108 109 109 108 108 106 105 103 102 101 100 99 97 95 94 93 91 90 88
159 162 163 163 162 161 160 158 156 154 151 149 148 147 147 147 147 147 145 144 143 142 141 140 139 138 137 136 135 134 133 133 132 132 131 133 134 133 132 131 129 127 125 124 124 124 124 124 123 123 122 121 120 118 115 112 111 109 108 108 107 107 107 106 106 105 104 102 101 99 98 97 97 95 93 92 90 89 87 86
157 159 160 161 161 160 159 157 155 153 151 148 146 146 146 146 146 146 145 144 143 142 140 139 138 137 136 136 135 134 133 133 132 132 131 132 132 132 131 130 129 127 126 125 124 123 123 123 122 122 121 120 119 117 115 113 112 110 109 108 107 106 105 104 103 103 101 100 99 97 95 95 95 93 91 90 88 87 85 84
156 157 159 159 159 159 158 156 154 152 150 147 145 144 145 145 145 145 144 143 142 141 140 139 138 136 136 136 135 134 133 133 132 132 131 132 132 131 130 129 129 128 127 126 126 124 122 122 121 121 120 119 117 116 116 115 113 111 108 107 106 104 103 102 101 100 99 97 96 95 93 92 92 90 89 88 87 85 84 82
156 157 158 159 159 158 157 156 154 152 150 147 146 144 144 145 144 144 143 143 142 140 139 138 137 136 136 136 135 134 133 133 132 132 131 132 131 130 129 129 129 129 128 127 125 123 121 120 120 120 118 117 116 115 115 114 112 110 108 106 105 103 101 100 98 97 96 95 93 92 91 90 89 88 87 86 84 83 82 81
157 158 158 158 158 158 157 156 154 152 150 148 146 144 144 144 143 143 142 142 141 140 139 137 136 135 135 135 134 134 133 133 132 132 132 131 131 130 129 128 129 129 128 127 124 121 119 119 119 118 116 114 114 113 113 112 111 109 107 105 104 101 99 98 96 94 93 92 91 89 88 88 87 86 86 84 82 81 80 79
159 159 158 158 158 158 157 155 154 152 151 149 147 145 144 144 143 143 142 141 140 139 138 136 135 134 134 134 133 133 132 132 131 132 132 132 131 131 130 130 129 128 127 125 122 120 118 117 116 115 114 112 112 112 111 111 109 107 106 104 102 100 97 95 93 91 90 89 88 87 86 86 85 84 83 82 81 79 78 77
160 159 159 158 158 157 156 155 154 153 151 150 148 146 145 144 143 142 141 141 140 139 137 136 134 133 133 133 132 132 131 131 131 131 132 132 132 131 131 131 129 127 125 123 121 119 117 115 113 112 111 111 111 111 110 109 107 106 105 103 101 98 96 93 91 88 88 87 86 85 84 84 83 82 80 80 79 78 77 76
161 160 159 159 158 157 156 155 154 152 151 150 148 147 145 144 143 142 141 140 139 138 136 134 133 132 132 132 131 130 130 130 130 131 132 133 133 132 130 130 128 126 124 122 119 117 116 114 112 110 109 109 109 109 109 108 106 105 103 101 99 96 94 91 88 85 84 83 83 82 81 81 80 79 79 79 78 77 76 74
161 160 160 159 158 157 156 155 154 152 151 150 148 147 145 144 143 142 141 140 138 137 136 134 133 132 132 132 130 129 129 129 129 130 131 132 132 131 129 128 127 125 123 120 118 116 114 113 111 108 107 107 108 108 107 106 104 103 101 98 96 94 91 89 86 83 81 79 79 79 79 78 77 77 77 77 77 76 75 74
162 161 160 160 159 157 156 155 154 152 151 150 149 147 145 144 143 142 140 139 137 137 136 134 132 131 131 131 129 128 128 128 127 128 129 129 129 129 128 127 126 125 122 119 118 116 113 112 110 107 106 105 106 106 105 104 102 100 98 95 92 91 89 86 84 81 77 74 75 76 76 76 76 76 75 75 75 74 74 73
162 162 161 160 159 157 156 155 154 152 151 150 149 147 145 144 143 142 140 139 138 137 136 134 133 132 131 130 129 127 127 126 126 127 127 128 128 128 127 125 124 123 121 118 116 114 112 110 108 106 104 103 104 104 102 100 98 97 95 93 90 88 86 84 81 78 74 71 73 74 75 76 76 75 75 75 74 73 73 72
