tests/test_data/rstack/nov_prec.asc
ncols         147
nrows         127
xllcorner     -90.06084375
yllcorner     23.864697408444
cellsize      0.096253424
NODATA_value  -9999
[rows 36 to 71 of 127, columns 0 to 79 of 147]
163 163 162 161 159 157 156 155 154 153 151 150 148 147 145 144 143 142 140 139 138 137 136 134 133 132 131 130 128 127 125 125 125 125 126 127 127 127 125 123 122 121 119 117 115 112 110 108 106 104 102 101 101 101 99 96 94 93 93 91 88 86 83 82 80 76 72 69 72 74 75 75 75 74 74 74 73 72 72 71
164 164 162 161 159 158 156 155 153 152 151 150 148 147 146 144 143 142 141 140 139 138 136 135 134 133 131 130 128 126 125 124 123 124 125 125 125 125 124 123 122 120 118 116 113 111 108 106 103 100 97 94 94 94 93 92 92 91 91 89 87 84 82 81 79 76 74 72 74 75 76 75 75 74 73 73 73 72 71 70
165 164 162 161 160 158 156 155 153 152 151 149 148 147 146 145 144 143 141 140 139 138 137 136 135 134 132 130 128 127 124 123 122 123 124 124 124 124 123 122 121 119 117 115 113 110 107 104 100 97 93 89 88 88 89 89 89 89 88 87 85 83 81 79 78 76 76 75 76 76 76 76 75 74 73 72 72 72 71 70
165 164 163 161 160 158 156 155 153 152 150 149 148 147 146 146 144 143 142 141 140 139 138 137 136 135 133 131 129 127 125 124 124 124 124 124 124 124 123 122 121 119 117 115 113 110 106 102 99 94 90 86 84 84 86 87 87 87 86 85 83 82 80 79 78 78 78 78 78 78 77 76 75 74 73 72 72 71 70 69
164 164 162 161 160 158 156 155 153 152 150 149 148 147 146 146 145 144 142 141 140 139 139 138 137 136 134 132 130 128 127 126 125 125 124 124 124 124 123 122 120 119 117 115 113 110 106 102 97 93 89 85 84 83 85 86 86 86 84 83 82 81 79 78 78 78 79 79 79 78 77 76 75 74 73 72 71 70 69 69
164 163 162 161 160 158 156 155 153 152 150 149 147 146 146 146 145 144 143 142 140 140 140 139 138 136 135 133 131 130 128 127 126 125 125 124 124 123 122 121 120 119 118 116 114 110 107 102 97 92 89 86 84 84 85 85 85 84 83 82 81 80 79 77 77 78 79 79 78 78 76 76 75 74 73 72 71 70 69 68
163 162 162 161 160 158 156 155 153 151 150 149 147 146 146 145 145 144 143 142 141 141 141 141 140 138 136 134 133 131 130 128 127 127 126 125 124 123 122 121 120 119 117 115 112 109 105 101 96 92 89 87 86 86 86 85 85 84 83 81 80 79 78 77 77 77 78 78 78 77 76 75 74 74 73 72 71 70 69 68
162 162 162 162 160 158 156 155 153 151 149 148 147 146 146 145 144 144 143 143 142 142 142 142 141 139 137 135 134 133 131 130 128 128 127 126 124 123 122 121 120 118 116 113 110 107 103 99 96 93 90 88 87 87 87 86 85 84 82 81 79 78 77 76 76 77 77 78 77 76 75 75 74 73 73 72 71 70 69 68
162 163 162 162 160 159 156 154 152 150 149 148 148 147 146 146 145 144 143 142 141 142 142 142 141 139 137 136 134 133 132 131 130 128 127 125 124 122 121 119 118 116 115 112 107 103 100 97 94 92 90 89 88 88 88 87 86 85 83 81 79 77 76 76 76 76 77 77 76 76 75 75 74 73 73 72 71 70 69 68
162 163 162 161 160 159 157 155 153 150 148 148 148 147 147 146 145 144 143 142 141 141 142 142 141 139 138 136 135 134 133 132 130 128 127 125 123 121 119 117 115 113 111 108 102 99 96 94 92 91 90 89 89 89 89 88 87 85 84 82 79 77 76 76 76 76 76 76 76 76 75 75 74 73 73 72 71 70 69 68
162 162 162 161 160 160 159 157 154 151 149 149 148 148 147 146 145 144 143 142 141 141 141 141 140 138 138 137 136 135 134 132 130 128 126 124 122 119 117 115 112 109 105 101 97 94 91 90 90 90 90 90 90 91 90 89 87 86 85 83 81 78 76 77 77 77 76 75 76 76 76 75 74 73 73 72 71 70 69 69
161 161 161 161 160 160 160 158 156 153 151 150 149 148 147 146 145 143 142 141 140 140 140 139 139 138 137 137 136 136 134 132 130 128 125 123 121 118 115 113 109 105 100 95 91 88 85 86 87 89 90 91 92 93 91 90 88 87 86 85 83 81 79 79 78 77 76 75 76 76 76 75 74 73 73 72 71 70 70 69
161 160 160 160 161 161 161 160 159 156 153 151 149 148 147 146 145 143 142 140 139 139 138 138 138 137 137 137 136 135 134 132 130 128 125 122 120 117 114 110 106 101 95 90 84 81 80 82 85 87 89 91 93 95 93 91 90 88 87 86 86 85 84 82 80 78 77 76 76 76 75 75 74 73 73 72 71 70 70 69
160 159 159 159 160 160 161 160 159 156 153 151 149 148 146 145 144 142 140 139 138 137 136 136 136 136 136 136 136 135 134 132 130 127 124 121 118 115 112 109 104 99 93 86 79 77 77 80 83 86 88 90 93 94 93 92 90 89 88 87 86 85 84 82 80 79 77 77 77 76 76 75 75 74 73 72 72 71 70 70
159 159 158 158 158 159 160 160 159 156 153 151 149 147 145 143 142 141 139 138 137 136 135 135 135 136 136 136 135 134 133 131 129 126 122 120 117 114 111 107 102 97 91 84 75 74 75 78 82 84 87 89 91 93 92 91 90 89 88 87 86 85 84 82 81 79 78 77 77 77 76 76 75 74 74 73 72 71 71 70
159 158 157 156 156 157 157 157 156 154 152 149 147 145 143 142 141 139 137 136 135 134 133 133 134 134 134 134 133 133 132 131 127 124 121 118 116 113 110 107 103 98 92 86 79 77 77 79 82 84 86 88 90 91 91 90 90 89 88 87 87 86 84 82 80 79 78 78 78 77 77 76 75 74 74 73 72 71 71 70
158 156 155 154 154 154 154 154 153 152 150 148 145 143 141 140 138 137 135 134 133 132 131 132 133 133 132 132 131 130 130 128 124 121 118 116 114 112 110 108 104 100 94 88 83 81 79 80 82 83 85 87 88 89 89 89 89 89 88 88 87 86 84 82 80 79 79 79 78 78 77 76 75 75 74 73 72 71 71 70
156 155 154 152 151 151 152 151 151 149 148 145 143 141 139 138 136 134 132 131 130 130 130 131 131 131 130 129 128 126 125 123 120 117 115 113 111 111 110 109 106 103 97 92 87 85 82 82 82 83 85 86 87 87 88 88 88 88 89 88 88 86 84 81 80 80 80 80 79 79 78 77 76 75 74 73 72 71 71 70
156 155 153 151 150 150 150 149 149 147 145 143 141 138 137 136 134 131 129 128 126 127 128 130 130 129 128 127 124 122 120 117 114 112 110 109 108 108 109 109 108 107 101 95 90 87 84 84 83 84 84 85 86 87 87 88 89 89 90 89 89 87 85 83 82 81 82 82 80 79 79 78 76 75 74 73 72 71 70 70
155 154 152 151 150 149 148 148 147 145 143 140 138 136 135 134 131 129 127 124 122 125 127 128 128 127 126 124 121 118 114 112 109 107 106 105 105 106 107 110 110 110 103 98 93 89 86 85 85 84 84 85 85 86 87 88 89 90 91 91 90 88 86 85 84 83 83 83 82 80 79 78 77 76 75 73 72 71 70 69
154 153 151 150 149 149 148 147 146 143 141 138 136 134 133 132 130 128 125 121 118 123 127 128 127 125 123 120 118 115 112 108 105 103 102 101 101 101 104 106 107 107 102 98 93 90 88 87 85 85 85 85 86 87 88 89 91 92 93 92 92 90 88 86 85 84 84 83 82 81 80 78 77 75 74 73 71 71 69 68
153 152 151 150 149 148 147 146 145 142 139 135 133 132 131 131 129 127 123 120 116 122 126 126 125 123 120 117 115 112 109 105 102 100 98 97 96 97 100 102 103 103 100 97 94 91 89 87 86 85 85 85 86 87 89 90 92 93 94 94 93 91 90 88 87 85 85 84 83 82 80 79 77 75 74 72 71 70 69 68
152 150 150 149 149 148 147 146 144 141 137 132 130 130 130 130 129 127 124 121 119 122 124 123 122 120 117 114 112 109 106 103 100 96 94 92 92 93 95 98 99 99 97 95 92 90 88 87 86 85 84 84 85 87 89 91 93 94 96 96 95 93 91 89 87 86 85 84 83 82 80 78 76 75 74 72 71 69 68 67
150 149 148 148 148 147 147 146 144 141 137 130 129 130 130 130 129 128 124 122 120 122 123 121 119 117 115 113 111 108 105 102 99 95 92 91 90 92 93 96 97 97 94 93 91 89 88 87 85 84 84 83 85 87 89 91 93 95 96 96 95 93 91 89 88 86 85 84 83 82 80 78 76 75 73 71 70 69 68 67
-9999 147 147 146 146 146 146 146 -9999 -9999 -9999 -9999 -9999 -9999 -9999 -9999 -9999 -9999 -9999 -9999 -9999 -9999 -9999 -9999 -9999 -9999 -9999 -9999 -9999 -9999 -9999 -9999 -9999 -9999 -9999 -9999 -9999 -9999 -9999 -9999 -9999 -9999 -9999 91 90 88 87 86 85 84 84 84 85 87 89 91 92 94 96 96 95 93 91 89 87 86 85 84 83 81 79 77 76 74 73 71 69 67 67 66
-9999 146 145 145 -9999 -9999 -9999 -9999 -9999 -9999 -9999 -9999 -9999 -9999 -9999 -9999 -9999 -9999 -9999 -9999 -9999 -9999 -9999 -9999 -9999 -9999 -9999 -9999 -9999 -9999 -9999 -9999 -9999 -9999 -9999 -9999 -9999 -9999 -9999 -9999 -9999 -9999 -9999 -9999 -9999 -9999 86 85 84 84 84 84 85 87 88 90 91 93 94 94 93 92 90 88 87 86 84 83 82 80 78 76 75 74 72 70 69 67 66 65
-9999 144 143 143 -9999 -9999 -9999 -9999 -9999 -9999 -9999 -9999 -9999 -9999 -9999 -9999 -9999 -9999 -9999 -9999 -9999 -9999 -9999 -9999 -9999 -9999 -9999 -9999 -9999 -9999 -9999 -9999 -9999 -9999 -9999 -9999 -9999 -9999 -9999 -9999 -9999 -9999 -9999 -9999 -9999 -9999 -9999 -9999 -9999 84 84 84 85 86 88 89 90 91 93 -9999 -9999 -9999 -9999 -9999 -9999 85 83 82 81 79 77 76 74 73 71 70 68 66 66 65
140 141 140 140 138 137 136 136 -9999 -9999 -9999 -9999 -9999 -9999 -9999 -9999 -9999 -9999 -9999 -9999 -9999 -9999 -9999 -9999 -9999 -9999 -9999 -9999 -9999 -9999 -9999 -9999 -9999 -9999 -9999 -9999 -9999 -9999 -9999 -9999 -9999 -9999 -9999 -9999 -9999 -9999 -9999 -9999 -9999 84 84 84 85 85 87 88 89 90 90 -9999 -9999 -9999 -9999 -9999 -9999 84 82 81 80 78 77 75 73 72 70 69 68 66 65 64
138 138 137 137 -9999 -9999 -9999 -9999 -9999 -9999 -9999 -9999 -9999 -9999 -9999 -9999 -9999 -9999 -9999 -9999 -9999 -9999 -9999 -9999 -9999 -9999 -9999 -9999 -9999 -9999 -9999 -9999 -9999 -9999 -9999 -9999 -9999 -9999 -9999 -9999 -9999 -9999 -9999 -9999 -9999 -9999 -9999 -9999 -9999 84 84 84 -9999 -9999 -9999 -9999 -9999 -9999 -9999 -9999 -9999 -9999 -9999 -9999 -9999 -9999 -9999 80 78 77 76 74 73 71 69 68 67 66 65 64
135 134 134 134 -9999 -9999 -9999 -9999 -9999 -9999 -9999 -9999 -9999 -9999 -9999 -9999 -9999 -9999 -9999 -9999 -9999 -9999 -9999 -9999 -9999 -9999 -9999 -9999 -9999 -9999 -9999 -9999 -9999 -9999 -9999 -9999 -9999 -9999 -9999 -9999 -9999 -9999 -9999 -9999 -9999 -9999 -9999 -9999 -9999 83 83 84 -9999 -9999 -9999 -9999 -9999 -9999 -9999 -9999 -9999 -9999 -9999 -9999 -9999 -9999 -9999 78 77 76 75 73 71 70 69 68 67 65 65 64
132 132 132 131 -9999 -9999 -9999 -9999 -9999 -9999 -9999 -9999 -9999 -9999 -9999 -9999 -9999 -9999 -9999 -9999 -9999 -9999 -9999 -9999 -9999 -9999 -9999 -9999 -9999 -9999 -9999 -9999 -9999 -9999 -9999 -9999 -9999 -9999 -9999 -9999 -9999 -9999 -9999 -9999 -9999 -9999 -9999 -9999 -9999 83 83 84 -9999 -9999 -9999 -9999 -9999 -9999 -9999 -9999 -9999 -9999 -9999 -9999 -9999 -9999 -9999 78 76 75 74 72 71 69 68 67 66 65 64 64
130 129 129 129 -9999 -9999 -9999 -9999 -9999 -9999 -9999 -9999 -9999 -9999 -9999 -9999 -9999 -9999 -9999 -9999 -9999 -9999 -9999 -9999 -9999 -9999 -9999 -9999 -9999 -9999 -9999 -9999 -9999 -9999 -9999 -9999 -9999 -9999 -9999 -9999 -9999 -9999 -9999 -9999 -9999 -9999 -9999 -9999 -9999 -9999 -9999 -9999 -9999 -9999 -9999 -9999 -9999 -9999 -9999 -9999 -9999 -9999 -9999 -9999 -9999 -9999 -9999 -9999 -9999 74 72 71 70 69 68 67 65 64 64 63
127 127 127 126 -9999 -9999 -9999 -9999 -9999 -9999 -9999 -9999 -9999 -9999 -9999 -9999 -9999 -9999 -9999 -9999 -9999 -9999 -9999 -9999 -9999 -9999 -9999 -9999 -9999 -9999 -9999 -9999 -9999 -9999 -9999 -9999 -9999 -9999 -9999 -9999 -9999 -9999 -9999 -9999 -9999 -9999 -9999 -9999 -9999 -9999 -9999 -9999 -9999 -9999 -9999 -9999 -9999 -9999 -9999 -9999 -9999 -9999 -9999 -9999 -9999 -9999 -9999 -9999 -9999 -9999 71 70 69 68 67 66 65 64 63 62
125 125 124 124 -9999 -9999 -9999 -9999 -9999 -9999 -9999 -9999 -9999 -9999 -9999 -9999 -9999 -9999 -9999 -9999 -9999 -9999 -9999 -9999 -9999 -9999 -9999 -9999 -9999 -9999 -9999 -9999 -9999 -9999 -9999 -9999 -9999 -9999 -9999 -9999 -9999 -9999 -9999 -9999 -9999 -9999 -9999 -9999 -9999 -9999 -9999 -9999 -9999 -9999 -9999 -9999 -9999 -9999 -9999 -9999 -9999 -9999 -9999 -9999 -9999 -9999 -9999 -9999 -9999 -9999 70 69 68 67 66 65 64 63 62 62
-9999 -9999 -9999 -9999 -9999 -9999 -9999 -9999 116 115 -9999 -9999 -9999 -9999 -9999 -9999 -9999 -9999 -9999 -9999 -9999 -9999 -9999 -9999 -9999 -9999 -9999 -9999 -9999 -9999 -9999 -9999 -9999 -9999 -9999 -9999 -9999 -9999 -9999 -9999 -9999 -9999 -9999 -9999 -9999 -9999 -9999 -9999 -9999 -9999 -9999 -9999 -9999 -9999 -9999 -9999 -9999 -9999 -9999 -9999 -9999 -9999 -9999 -9999 -9999 -9999 -9999 -9999 -9999 -9999 -9999 -9999 67 66 65 64 63 62 62 61
-9999 -9999 -9999 -9999 -9999 -9999 -9999 -9999 115 114 -9999 -9999 -9999 -9999 -9999 -9999 -9999 -9999 -9999 -9999 -9999 -9999 -9999 -9999 -9999 -9999 -9999 -9999 -9999 -9999 -9999 -9999 -9999 -9999 -9999 -9999 -9999 -9999 -9999 -9999 -9999 -9999 -9999 -9999 -9999 -9999 -9999 -9999 -9999 -9999 -9999 -9999 -9999 -9999 -9999 -9999 -9999 -9999 -9999 -9999 -9999 -9999 -9999 -9999 -9999 -9999 -9999 -9999 -9999 -9999 -9999 -9999 66 65 65 63 62 62 61 61
