tests/test_data/rstack/oct_prec.asc
ncols         147
nrows         127
xllcorner     -90.06084375
yllcorner     23.864697408444
cellsize      0.096253424
NODATA_value  -9999
[rows 36 to 71 of 127, columns 0 to 79 of 147]
89 90 91 91 91 91 90 90 89 88 87 86 86 85 85 85 84 82 81 81 80 79 79 79 79 79 79 79 78 77 76 76 75 74 74 74 73 72 71 69 69 69 68 68 67 66 66 65 65 63 61 58 57 57 57 57 58 58 59 58 57 55 54 54 53 53 53 53 54 55 57 57 57 57 58 59 60 61 61 61
90 90 91 91 91 91 91 90 89 87 86 85 84 83 83 84 83 82 81 80 79 79 78 78 78 78 77 77 76 75 75 74 73 72 71 71 70 69 67 66 66 66 66 65 65 65 64 63 62 60 58 54 53 52 53 54 55 56 56 56 54 53 52 52 52 52 52 52 53 54 55 55 56 56 57 58 59 60 60 60
90 90 91 91 92 92 91 90 89 86 84 83 82 81 82 82 82 81 80 79 79 78 78 78 77 77 76 76 75 74 73 72 72 71 69 68 67 66 65 64 64 65 64 64 64 63 63 61 60 58 55 51 50 49 50 51 53 54 54 53 52 51 51 51 51 51 51 51 51 52 53 54 55 55 56 57 57 58 59 60
90 91 91 91 92 92 91 90 88 86 84 81 80 80 80 81 81 80 79 78 77 77 76 76 76 76 75 74 74 73 73 72 71 70 68 67 65 63 63 62 63 63 63 63 63 63 62 60 58 56 53 50 49 48 49 50 51 52 52 51 51 50 49 49 50 50 50 50 50 51 52 53 54 55 55 56 57 57 58 59
91 91 91 91 91 91 90 89 87 85 83 81 80 79 79 79 80 79 78 77 77 76 76 76 75 74 74 73 73 72 72 71 70 69 67 66 64 62 62 62 62 63 63 63 64 63 62 60 57 55 52 50 48 47 48 49 50 50 50 50 49 49 48 48 49 49 49 49 49 50 51 52 53 54 54 55 56 57 58 59
91 90 90 90 90 90 88 87 86 84 82 81 79 78 78 78 79 79 77 77 76 76 76 75 75 73 73 72 72 71 71 70 69 68 67 65 63 62 61 61 62 62 63 64 65 64 63 60 57 54 52 49 49 48 49 49 48 48 48 48 48 47 47 47 48 48 49 49 49 49 50 51 52 53 53 54 55 56 57 58
90 89 89 89 89 88 87 86 85 83 82 81 79 78 77 77 77 77 77 76 76 75 75 75 74 73 72 71 71 71 71 70 69 68 67 65 64 62 61 61 62 63 64 64 64 64 63 60 58 55 52 50 49 49 48 48 48 47 47 47 46 46 46 46 47 47 48 49 49 49 49 50 51 52 53 53 54 55 56 57
89 89 89 89 88 87 86 85 84 83 81 80 79 77 77 77 76 76 76 76 75 75 75 75 74 72 72 71 71 71 70 69 68 68 67 66 64 63 62 61 62 63 64 64 64 63 62 60 58 56 53 51 50 49 48 48 47 47 46 45 45 45 45 45 46 47 48 49 49 49 49 50 51 51 52 53 54 55 55 56
89 89 89 88 87 86 85 84 83 82 80 80 79 77 77 76 77 76 76 75 74 75 75 75 74 73 72 71 71 70 70 70 69 68 67 66 65 64 63 63 63 64 64 64 64 63 63 61 59 57 54 51 50 49 48 48 47 46 45 45 44 44 44 44 45 47 48 48 49 49 50 50 50 51 52 53 53 54 55 56
88 88 88 87 86 85 85 84 83 81 80 79 78 77 77 76 77 77 76 75 74 74 75 75 74 73 72 71 71 70 70 70 69 68 67 66 65 65 65 65 65 65 65 65 65 64 63 62 60 58 55 52 50 49 48 48 46 46 45 44 44 43 43 44 45 47 48 48 49 49 50 50 50 51 51 52 53 54 55 56
86 87 86 86 85 85 84 83 82 81 80 79 79 78 77 77 77 77 76 75 74 74 74 74 74 72 72 71 71 71 71 70 69 68 68 67 67 66 66 66 66 66 67 67 66 66 65 63 61 59 56 53 51 50 49 48 46 45 44 44 43 42 42 43 45 47 48 49 50 50 50 50 51 51 51 52 53 54 55 55
85 85 85 85 85 84 84 83 82 81 81 80 79 79 78 78 78 77 76 75 74 74 74 74 73 72 72 72 72 71 71 70 70 69 68 68 68 68 68 69 69 69 69 69 69 68 66 64 62 60 57 54 52 50 49 48 47 46 45 44 43 42 42 44 45 47 48 49 50 50 50 50 51 51 51 52 53 53 54 55
85 84 84 84 84 84 84 84 83 82 82 81 81 80 79 79 78 77 76 76 75 74 74 73 73 72 72 73 72 72 71 71 70 69 69 70 70 70 70 71 71 71 71 71 71 70 68 66 63 60 57 55 52 50 49 48 47 46 45 44 44 43 43 45 46 47 48 49 50 50 50 50 50 51 51 52 52 53 54 55
84 83 83 83 83 84 84 84 83 82 82 81 81 81 81 80 79 78 77 76 75 74 74 73 73 73 73 74 73 72 71 71 71 70 70 71 71 72 72 73 73 73 73 73 73 72 70 68 65 62 59 56 54 52 50 49 48 47 46 45 45 44 44 45 46 46 47 48 49 49 49 50 50 51 51 52 52 53 54 55
84 83 82 82 82 83 84 83 83 82 82 81 81 82 81 81 80 79 78 76 75 74 74 73 74 74 74 74 73 72 71 71 71 71 71 72 73 73 74 74 74 74 75 75 75 74 72 69 67 64 61 58 56 53 52 51 50 49 48 46 45 45 45 45 45 46 47 47 48 49 49 49 50 51 51 52 52 53 54 54
83 82 81 81 81 82 82 82 82 82 82 82 82 81 81 81 80 79 78 77 75 74 74 74 75 75 75 75 74 73 72 72 72 73 73 74 74 75 76 76 76 76 76 76 76 74 73 70 68 65 63 60 58 56 54 53 52 50 49 48 47 47 46 45 45 46 47 47 48 48 49 49 50 51 52 52 53 54 55 56
83 82 80 80 80 81 81 81 81 82 82 82 81 81 81 81 80 79 78 77 75 75 74 75 76 76 76 76 75 74 73 73 74 74 75 76 77 78 78 78 78 78 78 77 76 75 74 71 69 67 64 62 60 58 56 55 54 52 51 50 49 48 47 45 45 46 47 47 48 49 49 50 50 51 52 53 54 54 56 57
82 81 79 78 79 79 79 80 80 81 81 81 81 81 81 81 80 79 77 76 75 75 75 77 78 78 78 78 76 75 75 75 75 76 78 79 80 80 80 80 80 80 79 78 77 76 75 72 70 68 66 64 62 60 59 58 56 55 54 52 51 50 48 46 45 46 47 48 49 49 50 50 51 52 53 54 54 56 57 58
82 80 79 78 77 77 78 78 79 80 81 81 81 81 81 80 80 79 78 76 75 75 76 78 79 80 80 80 79 78 77 76 77 79 81 82 82 83 83 83 83 83 81 80 78 77 76 74 72 70 68 66 64 63 62 60 59 58 56 55 54 52 50 48 47 47 47 48 49 50 50 51 51 53 54 54 55 57 58 59
81 79 78 77 76 75 76 77 78 79 80 81 81 81 80 80 79 79 78 77 75 76 78 80 81 82 83 83 82 81 79 79 79 82 84 85 85 86 86 86 86 85 83 81 80 78 77 75 74 72 70 68 67 65 64 63 62 61 59 58 56 54 52 50 49 48 48 48 49 50 51 51 52 53 54 55 56 58 59 60
80 78 77 76 75 75 75 76 77 79 80 81 82 82 81 80 79 78 79 78 77 79 81 83 84 85 86 87 87 87 85 85 85 88 90 90 89 89 88 88 87 86 84 83 81 80 79 77 75 74 72 70 69 68 67 66 65 64 63 61 59 57 55 53 51 50 50 50 51 51 52 52 53 54 55 56 57 58 60 61
80 78 76 75 74 73 73 74 76 78 80 82 82 82 81 80 79 78 79 79 79 81 84 85 86 87 89 90 91 92 91 91 92 94 96 95 94 92 90 90 88 87 85 84 83 82 80 79 77 75 74 72 71 70 69 68 68 67 66 64 62 59 57 55 54 53 52 52 52 52 52 53 53 54 56 57 58 59 61 63
79 77 76 74 72 72 71 73 75 78 81 83 83 82 81 80 79 79 80 80 81 83 86 87 89 90 91 93 95 97 97 97 97 100 102 100 98 95 93 91 90 88 87 86 84 83 82 80 79 77 75 74 73 72 71 71 70 69 69 67 64 62 59 58 56 54 54 54 54 54 54 54 54 55 56 58 59 61 62 64
78 77 75 74 72 71 70 71 74 78 81 83 83 82 81 80 79 79 80 81 82 84 87 89 90 92 93 94 97 99 99 99 100 102 105 102 100 96 94 92 90 89 88 87 85 84 83 82 80 79 77 76 75 74 73 72 71 71 70 68 66 64 61 60 58 56 56 55 55 55 55 55 55 56 57 59 60 62 64 65
-9999 76 75 74 72 71 69 69 -9999 -9999 -9999 -9999 -9999 -9999 -9999 -9999 -9999 -9999 -9999 -9999 -9999 -9999 -9999 -9999 -9999 -9999 -9999 -9999 -9999 -9999 -9999 -9999 -9999 -9999 -9999 -9999 -9999 -9999 -9999 -9999 -9999 -9999 -9999 89 87 86 84 83 82 80 79 78 77 76 75 74 73 72 71 69 68 65 63 61 60 59 58 57 56 56 56 56 56 57 58 59 61 63 65 66
-9999 76 76 75 -9999 -9999 -9999 -9999 -9999 -9999 -9999 -9999 -9999 -9999 -9999 -9999 -9999 -9999 -9999 -9999 -9999 -9999 -9999 -9999 -9999 -9999 -9999 -9999 -9999 -9999 -9999 -9999 -9999 -9999 -9999 -9999 -9999 -9999 -9999 -9999 -9999 -9999 -9999 -9999 -9999 -9999 85 84 83 82 81 80 79 77 76 75 74 73 72 70 69 67 65 63 61 60 59 58 58 57 57 57 57 58 59 60 61 63 64 66
-9999 77 77 76 -9999 -9999 -9999 -9999 -9999 -9999 -9999 -9999 -9999 -9999 -9999 -9999 -9999 -9999 -9999 -9999 -9999 -9999 -9999 -9999 -9999 -9999 -9999 -9999 -9999 -9999 -9999 -9999 -9999 -9999 -9999 -9999 -9999 -9999 -9999 -9999 -9999 -9999 -9999 -9999 -9999 -9999 -9999 -9999 -9999 85 84 82 81 79 78 77 76 74 73 -9999 -9999 -9999 -9999 -9999 -9999 61 61 60 59 59 58 58 58 59 59 60 61 62 64 66
79 80 80 79 79 79 79 79 -9999 -9999 -9999 -9999 -9999 -9999 -9999 -9999 -9999 -9999 -9999 -9999 -9999 -9999 -9999 -9999 -9999 -9999 -9999 -9999 -9999 -9999 -9999 -9999 -9999 -9999 -9999 -9999 -9999 -9999 -9999 -9999 -9999 -9999 -9999 -9999 -9999 -9999 -9999 -9999 -9999 87 86 85 83 81 79 78 77 75 74 -9999 -9999 -9999 -9999 -9999 -9999 63 62 61 61 60 60 60 60 60 60 61 62 63 65 68
80 83 82 82 -9999 -9999 -9999 -9999 -9999 -9999 -9999 -9999 -9999 -9999 -9999 -9999 -9999 -9999 -9999 -9999 -9999 -9999 -9999 -9999 -9999 -9999 -9999 -9999 -9999 -9999 -9999 -9999 -9999 -9999 -9999 -9999 -9999 -9999 -9999 -9999 -9999 -9999 -9999 -9999 -9999 -9999 -9999 -9999 -9999 89 88 87 -9999 -9999 -9999 -9999 -9999 -9999 -9999 -9999 -9999 -9999 -9999 -9999 -9999 -9999 -9999 63 62 62 61 61 61 62 62 62 63 64 67 69
84 86 85 84 -9999 -9999 -9999 -9999 -9999 -9999 -9999 -9999 -9999 -9999 -9999 -9999 -9999 -9999 -9999 -9999 -9999 -9999 -9999 -9999 -9999 -9999 -9999 -9999 -9999 -9999 -9999 -9999 -9999 -9999 -9999 -9999 -9999 -9999 -9999 -9999 -9999 -9999 -9999 -9999 -9999 -9999 -9999 -9999 -9999 90 90 89 -9999 -9999 -9999 -9999 -9999 -9999 -9999 -9999 -9999 -9999 -9999 -9999 -9999 -9999 -9999 64 64 63 63 63 63 63 64 64 65 66 68 71
86 87 86 86 -9999 -9999 -9999 -9999 -9999 -9999 -9999 -9999 -9999 -9999 -9999 -9999 -9999 -9999 -9999 -9999 -9999 -9999 -9999 -9999 -9999 -9999 -9999 -9999 -9999 -9999 -9999 -9999 -9999 -9999 -9999 -9999 -9999 -9999 -9999 -9999 -9999 -9999 -9999 -9999 -9999 -9999 -9999 -9999 -9999 91 91 90 -9999 -9999 -9999 -9999 -9999 -9999 -9999 -9999 -9999 -9999 -9999 -9999 -9999 -9999 -9999 65 65 65 65 64 64 65 65 66 67 68 70 72
87 88 87 87 -9999 -9999 -9999 -9999 -9999 -9999 -9999 -9999 -9999 -9999 -9999 -9999 -9999 -9999 -9999 -9999 -9999 -9999 -9999 -9999 -9999 -9999 -9999 -9999 -9999 -9999 -9999 -9999 -9999 -9999 -9999 -9999 -9999 -9999 -9999 -9999 -9999 -9999 -9999 -9999 -9999 -9999 -9999 -9999 -9999 -9999 -9999 -9999 -9999 -9999 -9999 -9999 -9999 -9999 -9999 -9999 -9999 -9999 -9999 -9999 -9999 -9999 -9999 -9999 -9999 67 67 66 66 66 67 68 69 70 72 74
88 89 88 88 -9999 -9999 -9999 -9999 -9999 -9999 -9999 -9999 -9999 -9999 -9999 -9999 -9999 -9999 -9999 -9999 -9999 -9999 -9999 -9999 -9999 -9999 -9999 -9999 -9999 -9999 -9999 -9999 -9999 -9999 -9999 -9999 -9999 -9999 -9999 -9999 -9999 -9999 -9999 -9999 -9999 -9999 -9999 -9999 -9999 -9999 -9999 -9999 -9999 -9999 -9999 -9999 -9999 -9999 -9999 -9999 -9999 -9999 -9999 -9999 -9999 -9999 -9999 -9999 -9999 -9999 68 68 68 68 69 69 71 72 74 76
88 89 89 89 -9999 -9999 -9999 -9999 -9999 -9999 -9999 -9999 -9999 -9999 -9999 -9999 -9999 -9999 -9999 -9999 -9999 -9999 -9999 -9999 -9999 -9999 -9999 -9999 -9999 -9999 -9999 -9999 -9999 -9999 -9999 -9999 -9999 -9999 -9999 -9999 -9999 -9999 -9999 -9999 -9999 -9999 -9999 -9999 -9999 -9999 -9999 -9999 -9999 -9999 -9999 -9999 -9999 -9999 -9999 -9999 -9999 -9999 -9999 -9999 -9999 -9999 -9999 -9999 -9999 -9999 70 70 69 70 70 71 72 74 76 79
-9999 -9999 -9999 -9999 -9999 -9999 -9999 -9999 94 95 -9999 -9999 -9999 -9999 -9999 -9999 -9999 -9999 -9999 -9999 -9999 -9999 -9999 -9999 -9999 -9999 -9999 -9999 -9999 -9999 -9999 -9999 -9999 -9999 -9999 -9999 -9999 -9999 -9999 -9999 -9999 -9999 -9999 -9999 -9999 -9999 -9999 -9999 -9999 -9999 -9999 -9999 -9999 -9999 -9999 -9999 -9999 -9999 -9999 -9999 -9999 -9999 -9999 -9999 -9999 -9999 -9999 -9999 -9999 -9999 -9999 -9999 71 72 72 73 74 76 78 80
-9999 -9999 -9999 -9999 -9999 -9999 -9999 -9999 95 95 -9999 -9999 -9999 -9999 -9999 -9999 -9999 -9999 -9999 -9999 -9999 -9999 -9999 -9999 -9999 -9999 -9999 -9999 -9999 -9999 -9999 -9999 -9999 -9999 -9999 -9999 -9999 -9999 -9999 -9999 -9999 -9999 -9999 -9999 -9999 -9999 -9999 -9999 -9999 -9999 -9999 -9999 -9999 -9999 -9999 -9999 -9999 -9999 -9999 -9999 -9999 -9999 -9999 -9999 -9999 -9999 -9999 -9999 -9999 -9999 -9999 -9999 72 73 73 74 75 77 80 82
