tests/test_data/rstack/oct_prec.asc
ncols         147
nrows         127
xllcorner     -90.06084375
yllcorner     23.864697408444
cellsize      0.096253424
NODATA_value  -9999
[rows 0 to 35 of 127, columns 0 to 79 of 147]
74 74 74 75 75 76 78 79 80 81 82 82 83 85 85 86 87 87 88 88 88 88 88 87 87 85 84 83 82 81 79 77 75 72 70 67 66 71 75 79 80 81 81 80 80 80 80 81 83 85 86 85 83 81 79 78 77 77 78 77 76 74 72 70 69 67 66 65 64 62 60 59 57 57 57 57 61 66 70 74
74 73 74 74 75 76 77 78 78 80 81 82 83 84 85 86 87 87 88 88 88 88 88 87 87 86 85 84 83 82 80 79 77 74 72 70 70 76 80 83 83 82 82 81 80 80 80 81 82 84 84 83 82 81 80 79 77 76 75 74 73 72 71 69 68 67 66 65 64 62 61 59 58 57 57 58 63 71 76 80
73 73 74 74 75 76 77 77 78 79 80 81 82 84 85 86 87 87 88 88 88 88 88 88 88 87 86 85 84 83 82 81 79 78 76 74 75 79 82 85 85 84 83 82 80 80 80 82 83 84 84 82 82 81 79 78 76 75 74 74 73 72 70 69 69 69 69 68 67 67 68 66 63 64 65 62 64 70 78 85
73 73 74 74 75 76 77 77 77 78 78 80 81 84 85 85 86 87 88 88 88 89 89 89 89 88 87 86 85 85 84 83 82 81 80 80 81 83 85 86 86 86 84 82 80 80 81 82 83 84 83 82 82 81 78 76 75 75 74 74 73 72 71 69 71 73 73 73 72 74 79 76 71 74 75 67 65 68 79 91
73 73 74 75 76 77 77 77 77 77 78 79 80 83 84 85 86 87 88 88 89 89 90 90 90 89 88 88 87 86 86 85 85 84 83 84 84 86 87 88 88 87 86 84 83 83 84 84 85 84 83 83 81 79 77 76 76 75 75 75 74 74 74 77 80 84 87 90 92 93 93 89 85 80 76 73 73 75 84 94
73 73 75 76 77 77 77 77 77 77 77 78 80 82 84 85 86 86 88 88 89 90 90 91 91 90 90 89 88 87 87 88 88 87 87 87 88 88 89 89 89 89 87 86 86 86 86 86 86 84 83 83 80 78 77 76 76 76 76 76 76 77 79 84 89 93 98 102 105 106 102 99 97 88 81 81 82 84 91 98
73 73 74 76 77 77 77 77 77 77 77 78 79 81 83 84 85 86 87 88 89 90 91 92 92 92 91 90 90 89 89 90 90 91 91 91 91 91 91 91 91 90 89 88 89 88 88 87 86 85 83 81 79 77 77 77 77 77 77 78 79 84 88 92 94 96 97 98 100 99 97 101 106 102 99 96 94 94 99 105
73 73 74 76 77 78 78 78 78 77 77 78 79 81 83 84 85 86 87 88 89 90 91 92 93 92 91 91 90 90 90 91 92 92 93 93 92 92 92 93 92 91 90 90 90 90 89 87 86 85 83 80 78 77 77 77 77 78 79 81 84 91 96 99 100 102 102 102 101 100 100 105 112 112 110 105 102 101 105 110
74 74 75 76 78 79 80 79 79 78 77 78 79 81 83 84 85 86 87 88 89 90 91 92 92 91 91 90 90 90 90 91 92 92 93 93 93 93 93 94 92 91 90 90 91 90 89 87 85 85 83 79 78 78 77 77 78 80 82 86 90 98 103 106 108 109 112 113 109 108 111 113 115 117 117 108 105 107 110 113
75 75 77 78 80 81 81 81 81 80 79 79 80 82 83 85 85 86 87 88 89 89 90 91 91 90 89 89 89 89 89 90 91 92 92 92 92 92 92 93 92 91 90 90 89 88 86 86 85 83 81 79 78 78 78 79 80 83 85 89 93 98 102 105 109 113 118 121 116 116 122 123 122 119 116 110 108 108 108 108
77 77 78 80 81 82 83 83 83 82 82 81 82 83 84 85 86 86 87 87 88 88 89 89 89 88 87 87 88 88 89 89 90 90 91 91 91 91 91 91 91 92 91 89 87 85 83 84 84 81 80 79 79 79 79 80 83 86 89 92 94 95 98 102 108 116 123 128 124 125 132 132 130 120 112 112 110 106 104 102
79 79 81 82 84 85 86 86 85 85 84 84 84 85 85 86 86 87 87 87 87 87 87 86 86 85 85 85 86 87 87 88 89 89 90 89 89 89 90 90 90 90 88 86 84 84 84 84 84 81 79 79 79 78 79 82 89 92 92 94 96 98 101 105 111 117 122 126 125 125 127 124 121 112 105 105 104 102 100 99
80 82 83 84 86 87 88 88 87 87 86 86 86 86 87 87 87 87 87 87 87 86 85 84 83 82 83 83 85 85 86 86 87 88 88 88 88 87 88 89 88 87 85 84 83 84 85 84 83 80 79 79 78 78 79 83 91 95 94 96 98 101 105 109 113 118 121 124 124 123 121 117 113 106 100 99 99 98 97 96
82 83 84 86 87 89 90 89 88 88 87 87 88 88 88 88 88 88 88 87 86 85 84 82 80 79 80 82 83 84 84 85 86 86 87 87 86 86 86 86 85 83 82 82 84 85 85 84 83 80 79 79 78 77 79 82 89 93 94 98 102 106 109 113 115 118 118 119 120 118 114 112 109 103 98 97 96 96 95 95
84 85 86 87 89 90 91 90 89 89 88 88 89 89 90 90 89 89 89 88 86 85 84 82 80 79 80 81 82 83 83 84 84 85 85 85 85 84 84 84 82 81 81 82 84 85 85 84 83 80 78 79 78 76 78 81 86 90 94 98 103 106 108 110 112 114 113 113 113 111 106 105 104 98 94 93 92 93 93 93
85 87 87 88 89 90 90 90 89 89 89 89 89 90 90 91 90 90 89 88 87 86 85 83 82 80 80 81 82 82 83 83 83 83 83 83 83 82 82 81 80 79 81 83 85 85 85 83 81 79 77 78 77 75 76 79 83 88 93 98 102 102 103 104 105 107 106 106 105 103 98 97 96 92 89 88 88 91 91 90
86 88 88 89 89 90 90 89 89 89 89 89 89 90 91 91 90 90 89 88 88 87 86 85 83 82 82 82 82 82 83 83 83 83 83 83 83 82 81 80 79 79 81 82 83 83 83 80 78 76 76 76 75 75 76 78 82 86 90 94 97 98 98 99 100 102 101 100 99 97 93 92 91 88 85 83 83 86 87 87
87 89 89 89 89 89 89 89 89 88 88 89 89 90 91 91 90 90 89 89 88 88 87 86 85 84 84 83 83 83 82 82 82 83 83 83 82 81 80 79 80 80 80 81 81 81 80 77 75 74 74 73 74 75 76 78 81 84 86 89 92 93 94 95 96 97 96 95 93 91 89 88 88 84 81 78 79 82 84 85
87 89 89 89 89 89 89 89 88 88 88 88 89 90 91 92 91 91 90 90 89 88 87 86 85 85 84 84 83 83 83 83 83 83 83 83 82 81 80 80 79 79 79 78 78 78 76 75 74 74 74 74 74 75 76 78 80 82 84 86 88 90 91 93 93 93 92 91 90 88 87 86 85 82 79 77 77 79 80 81
87 89 89 89 89 89 89 89 88 88 87 88 89 90 91 92 92 92 91 90 89 89 88 87 86 85 84 84 83 83 83 83 83 83 82 82 81 80 80 80 79 78 77 76 76 75 74 74 74 74 74 74 74 75 76 77 78 80 81 83 85 87 89 90 90 90 89 88 87 86 84 83 82 80 78 76 75 76 77 78
87 87 88 88 88 88 89 89 88 88 88 89 90 91 93 94 93 93 92 91 90 89 88 87 86 85 84 83 83 82 82 81 82 81 81 80 79 79 78 78 77 76 75 74 73 73 72 73 74 75 75 75 75 74 75 76 76 77 79 81 83 84 86 87 87 86 86 85 84 83 82 81 79 78 76 75 74 73 74 76
86 87 87 87 88 88 89 88 88 88 89 90 91 93 94 95 94 94 92 91 90 89 88 87 86 85 84 83 82 81 81 80 80 79 79 78 78 78 78 77 76 74 73 73 72 72 72 74 74 75 75 76 75 75 75 75 75 76 77 79 81 82 83 85 85 84 83 83 82 81 80 79 78 76 75 74 73 72 73 75
85 86 86 86 87 87 88 88 88 89 89 91 92 94 95 97 96 95 93 91 90 89 88 87 86 85 84 82 81 81 80 79 78 78 77 77 77 79 78 76 74 72 71 71 72 72 73 74 75 75 76 77 76 76 75 75 75 75 75 77 78 79 81 82 82 82 82 81 80 79 78 78 77 76 75 74 73 72 73 74
85 85 85 86 86 87 87 88 88 89 90 91 92 94 96 97 96 94 92 91 90 88 87 86 86 85 84 82 81 80 78 78 77 76 76 77 78 78 77 76 74 72 71 71 71 72 74 74 75 75 76 77 77 76 76 75 74 74 74 75 77 78 79 80 80 80 79 79 78 77 77 76 76 76 75 75 74 73 74 74
85 85 85 85 86 87 87 88 88 89 90 91 92 93 95 96 94 93 91 90 89 88 87 86 86 85 84 82 80 79 78 77 76 75 74 76 78 77 76 75 74 72 71 70 71 72 74 75 75 76 77 78 77 77 76 75 74 73 73 74 75 76 77 77 78 78 77 77 76 75 75 75 76 75 75 75 75 74 74 74
87 87 87 87 87 88 88 89 89 90 90 90 91 92 92 93 91 90 89 88 88 87 87 86 85 84 84 83 81 79 78 77 76 75 74 76 77 76 76 75 74 73 71 70 71 72 73 74 75 76 76 77 76 76 75 74 74 73 73 73 74 74 75 76 76 76 75 75 74 74 73 74 75 74 74 75 75 75 74 74
88 89 88 88 88 88 89 89 89 89 90 90 90 90 90 90 89 88 88 87 87 87 87 86 85 84 84 83 81 80 78 77 76 75 75 76 76 76 76 76 75 75 73 72 72 73 73 74 75 76 76 76 76 75 75 74 74 74 73 73 73 73 74 74 74 74 73 73 72 72 72 72 73 74 74 75 75 75 75 74
90 90 89 89 89 89 89 89 89 89 89 88 89 89 89 88 87 86 86 86 86 86 86 85 85 84 84 83 82 80 79 78 77 76 76 76 77 76 76 77 77 77 76 75 75 75 74 74 74 75 76 75 75 74 75 75 74 74 73 73 73 73 72 72 72 72 71 71 71 70 70 71 71 72 73 75 75 75 75 74
91 90 90 89 89 89 89 89 89 89 89 88 88 88 88 87 86 85 85 85 86 85 85 85 84 84 83 83 82 81 80 79 78 77 77 77 77 77 77 77 78 79 78 77 76 75 74 74 75 75 75 74 74 74 75 75 74 73 72 72 72 71 70 70 69 69 69 69 68 68 68 69 70 71 72 73 73 74 73 73
92 91 90 90 90 90 90 90 90 89 89 88 88 87 87 87 86 85 84 84 85 84 84 84 84 83 83 82 82 82 80 79 78 78 78 78 78 77 77 77 79 80 79 78 76 75 73 74 75 75 74 73 73 73 74 74 73 72 71 71 71 70 69 67 67 67 67 67 66 66 66 67 69 70 70 71 71 72 72 72
92 92 91 91 91 90 90 90 90 89 89 88 87 87 86 86 85 85 84 84 84 84 83 83 83 82 82 82 82 81 80 80 79 79 79 79 78 78 78 79 79 79 78 77 76 74 73 73 74 74 73 73 72 72 73 73 72 71 71 70 70 68 67 66 65 64 64 65 64 64 64 65 67 67 68 69 69 70 70 70
93 92 91 91 91 91 90 90 90 89 89 88 87 86 86 85 85 84 83 83 83 83 83 82 82 81 82 82 81 81 80 80 80 80 80 80 79 79 79 79 79 77 76 75 75 74 73 73 73 73 72 72 72 72 72 71 71 70 70 69 68 67 65 64 63 61 62 62 62 63 63 63 64 65 66 67 68 68 68 68
93 92 91 91 91 91 90 90 90 89 88 88 88 88 86 85 85 84 83 83 82 82 82 82 82 82 82 82 81 80 80 80 80 80 81 81 81 79 79 78 77 76 75 74 73 73 72 72 72 72 71 71 71 71 71 70 70 69 69 67 66 65 63 62 60 59 60 60 61 61 61 61 62 63 64 65 66 66 66 66
93 92 91 91 91 91 90 90 90 89 88 88 88 88 86 85 84 83 83 82 81 82 82 82 82 82 82 82 80 80 79 79 79 80 80 80 80 78 77 76 76 75 73 72 72 71 71 71 71 70 70 69 69 68 68 68 68 67 67 65 63 62 61 59 58 57 57 58 59 59 59 60 60 61 62 64 64 64 65 65
92 91 91 91 91 91 90 90 89 88 88 88 88 87 86 86 84 83 82 81 80 81 81 81 81 82 82 81 80 79 79 79 78 78 78 78 78 76 75 74 74 73 72 71 70 70 70 70 70 69 68 67 66 66 66 66 65 65 64 62 60 59 58 57 56 55 55 56 57 58 58 59 59 60 61 62 63 63 64 64
91 91 91 91 91 91 90 90 89 88 88 87 87 86 86 85 84 83 82 81 80 80 80 80 80 81 80 80 79 78 78 77 77 76 76 76 76 74 73 72 71 71 70 69 69 68 68 68 67 66 65 63 62 61 61 61 62 62 61 60 58 57 56 55 54 54 54 54 55 56 57 58 58 59 59 61 61 62 62 63
